18.006112	2	4	5	1	0	8	3516	136	110	14480	133500	23000	1448	536	344000	40000	136	0	0	0	0	0
19.094722	2	5	5	1	0	0	4604	149	110	14480	167000	13000	1448	536	376000	40000	135	0	0	0	0	0
20.033982	2	6	5	1	0	0	5540	161	110	14480	167000	18000	1448	536	376000	40000	135	0	0	0	0	0
21.014261	2	7	5	1	0	0	6524	178	110	14480	188000	14000	1448	536	400000	40000	172	0	0	0	0	0
22.011216	2	8	5	1	0	0	7520	192	110	14480	186500	23000	1448	536	396000	40000	174	0	0	0	0	0
23.055629	2	9	5	1	0	0	8564	203	110	14480	186500	22000	1448	536	396000	40000	174	0	0	0	0	0
24.047955	2	10	5	1	0	0	9556	212	110	14480	187500	18000	1448	536	396000	40000	174	0	0	0	0	0
25.040148	2	11	5	1	0	0	10548	219	110	14480	187000	17000	1448	536	396000	40000	174	0	0	0	0	0
26.032407	2	12	5	1	0	0	11540	220	110	14480	186000	21000	1448	536	396000	40000	174	0	0	0	0	0
27.128734	2	13	5	1	0	0	12636	220	110	14480	180000	21000	1448	536	392000	40000	174	0	0	0	0	0
28.068497	2	14	5	1	0	0	13576	220	110	14480	186500	13000	1448	536	396000	40000	174	0	0	0	0	0
29.060720	2	15	5	1	0	0	14568	221	110	14480	184000	20000	1448	536	396000	40000	174	0	0	0	0	0
30.104954	2	16	5	1	0	0	15612	221	110	14480	183000	19000	1448	536	392000	40000	174	0	0	0	0	0
31.006110	2	17	5	1	0	8	16516	221	110	14480	177000	22000	1448	536	388000	40000	135	0	0	0	0	0
32.087819	2	18	5	1	0	0	17596	221	110	14480	187500	13000	1448	536	396000	40000	174	0	0	0	0	0
33.081208	2	19	5	1	0	0	18588	221	110	14480	183500	20000	1448	536	392000	40000	174	0	0	0	0	0
34.132294	2	20	5	1	0	0	19640	221	110	14480	178000	20000	1448	536	388000	40000	135	0	0	0	0	0
35.064076	2	21	5	1	0	0	20572	221	110	14480	187500	13000	1448	536	396000	40000	174	0	0	0	0	0
36.057358	2	22	5	1	0	0	21564	221	110	14480	183500	20000	1448	536	392000	40000	174	0	0	0	0	0
37.049384	2	23	5	1	0	0	22556	221	110	14480	182000	17000	1448	536	392000	40000	174	0	0	0	0	0
38.200944	2	24	5	1	0	0	23708	221	110	14480	181500	20000	1448	536	392000	40000	174	0	0	0	0	0
39.137748	2	25	5	1	0	0	24644	221	110	14480	186500	14000	1448	536	396000	40000	174	0	0	0	0	0
40.129946	2	26	5	1	0	0	25636	221	110	14480	182500	20000	1448	536	392000	40000	174	0	0	0	0	0
41.174192	2	27	5	1	0	0	26684	221	110	14480	183000	21000	1448	536	392000	40000	174	0	0	0	0	0
42.016499	2	28	5	1	0	0	27524	221	110	14480	178000	20000	1448	536	388000	40000	135	0	0	0	0	0
43.158264	2	29	5	1	0	0	28668	221	110	14480	186500	18000	1448	536	396000	40000	174	0	0	0	0	0
44.150398	2	30	5	1	0	0	29660	221	110	14480	183000	22000	1448	536	392000	40000	174	0	0	0	0	0
45.194598	2	31	5	1	0	0	30704	221	110	14480	184000	21000	1448	536	396000	40000	174	0	0	0	0	0
46.029768	2	32	5	1	0	0	31536	221	110	14480	182500	20000	1448	536	392000	40000	174	0	0	0	0	0
47.074100	2	33	5	1	0	0	32584	221	110	14480	183000	20000	1448	536	392000	40000	174	0	0	0	0	0
48.065931	2	34	5	1	0	0	33572	221	110	14480	181000	19000	1448	536	392000	40000	174	0	0	0	0	0
49.005733	2	35	5	1	0	0	34512	221	110	14480	181000	19000	1448	536	392000	40000	174	0	0	0	0	0
50.049966	2	36	5	1	0	0	35556	221	110	14480	181500	19000	1448	536	392000	40000	174	0	0	0	0	0
51.094036	2	37	5	1	0	0	36600	221	110	14480	181500	19000	1448	536	392000	40000	174	0	0	0	0	0
52.033829	2	38	5	1	0	0	37540	221	110	14480	181000	19000	1448	536	392000	40000	174	0	0	0	0	0
53.078022	2	39	5	1	0	0	38584	221	110	14480	181500	19000	1448	536	392000	40000	174	0	0	0	0	0
54.017656	2	40	5	1	0	0	39524	221	110	14480	181000	19000	1448	536	392000	40000	174	0	0	0	0	0
55.061806	2	41	5	1	0	0	40568	221	110	14480	181500	19000	1448	536	392000	40000	174	0	0	0	0	0
56.106099	2	42	5	1	0	4	41616	221	110	14480	181500	19000	1448	536	392000	40000	174	0	0	0	0	0
57.045807	2	43	5	1	0	0	42552	221	110	14480	181000	19000	1448	536	392000	40000	174	0	0	0	0	0
58.090005	2	44	5	1	0	0	43596	221	110	14480	181500	19000	1448	536	392000	40000	174	0	0	0	0	0
59.029714	2	45	5	1	0	0	44536	221	110	14480	181000	20000	1448	536	392000	40000	174	0	0	0	0	0
60.073734	2	46	5	1	0	0	45580	221	110	14480	181500	19000	1448	536	392000	40000	174	0	0	0	0	0
61.013639	2	47	5	1	0	0	46520	221	110	14480	181000	20000	1448	536	392000	40000	174	0	0	0	0	0
62.057656	2	48	5	1	0	0	47564	221	110	14480	181500	19000	1448	536	392000	40000	174	0	0	0	0	0
63.006114	2	49	5	1	0	4	48516	221	110	14480	181500	16000	1448	536	392000	40000	150	0	0	0	0	0
64.151871	2	50	5	1	0	0	49660	221	110	14480	182000	22000	1448	536	392000	40000	174	0	0	0	0	0
65.085882	2	51	5	1	0	0	50592	221	110	14480	186500	15000	1448	536	396000	40000	174	0	0	0	0	0
66.077974	2	52	5	1	0	0	51584	221	110	14480	182500	21000	1448	536	392000	40000	174	0	0	0	0	0
67.122169	2	53	5	1	0	0	52632	221	110	14480	183500	17000	1448	536	392000	40000	174	0	0	0	0	0
68.062083	2	54	5	1	0	4	53572	221	110	14480	186000	16000	1448	536	396000	40000	174	0	0	0	0	0
69.054232	2	55	5	1	0	0	54564	221	110	14480	183000	22000	1448	536	392000	40000	174	0	0	0	0	0
70.098394	2	56	5	1	0	0	55608	221	110	14480	184000	16000	1448	536	396000	40000	174	0	0	0	0	0
71.038491	2	57	5	1	0	0	56548	221	110	14480	186500	18000	1448	536	396000	40000	174	0	0	0	0	0
72.082862	2	58	5	1	0	0	57592	221	110	14480	186500	20000	1448	536	396000	40000	174	0	0	0	0	0
73.075097	2	59	5	1	0	0	58584	221	110	14480	186500	18000	1448	536	396000	40000	174	0	0	0	0	0
74.067280	2	60	5	1	0	0	59576	221	110	14480	183000	22000	1448	536	392000	40000	174	0	0	0	0	0
75.111434	2	61	5	1	0	0	60620	221	110	14480	182500	23000	1448	536	392000	40000	174	0	0	0	0	0
76.155559	2	62	5	1	0	0	61664	221	110	14480	183500	22000	1448	536	392000	40000	174	0	0	0	0	0
77.145717	2	63	5	1	0	0	62652	221	110	14480	187000	16000	1448	536	396000	40000	173	0	0	0	0	0
78.192005	2	64	5	1	0	0	63700	221	110	14480	187500	18000	1448	536	396000	40000	174	0	0	0	0	0
79.131996	2	65	5	1	0	0	64640	221	110	14480	187000	19000	1448	536	396000	40000	174	0	0	0	0	0
80.078802	2	66	5	1	0	0	65588	221	110	14480	179000	22000	1448	536	388000	40000	141	0	0	0	0	0
81.113735	2	67	5	1	0	0	66620	221	110	14480	188000	15000	1448	536	400000	40000	173	0	0	0	0	0
82.108224	2	68	5	1	0	0	67616	221	110	14480	186000	20000	1448	536	396000	40000	174	0	0	0	0	0
83.006113	2	69	5	1	0	4	68516	221	110	14480	180000	23000	1448	536	392000	40000	135	0	0	0	0	0
84.037667	2	70	5	1	0	0	69544	221	110	14480	188000	15000	1448	536	400000	40000	173	0	0	0	0	0
85.032356	2	71	5	1	0	0	70540	221	110	14480	186000	20000	1448	536	396000	40000	174	0	0	0	0	0
86.135749	2	72	5	1	0	0	71644	221	110	14480	177000	22000	1448	536	388000	40000	135	0	0	0	0	0
87.067571	2	73	5	1	0	0	72576	221	110	14480	187500	16000	1448	536	396000	40000	174	0	0	0	0	0
88.113230	2	74	5	1	0	0	73620	221	110	14480	186000	15000	1448	536	396000	40000	174	0	0	0	0	0
89.157650	2	75	5	1	0	0	74664	221	110	14480	186000	16000	1448	536	396000	40000	174	0	0	0	0	0
90.149784	2	76	5	1	0	0	75656	221	110	14480	182500	20000	1448	536	392000	40000	174	0	0	0	0	0
91.193897	2	77	5	1	0	0	76700	221	110	14480	183500	15000	1448	536	392000	40000	174	0	0	0	0	0
92.186123	2	78	5	1	0	0	77696	221	110	14480	187000	16000	1448	536	396000	40000	174	0	0	0	0	0
93.178390	2	79	5	1	0	0	78688	221	110	14480	186500	16000	1448	536	396000	40000	174	0	0	0	0	0
94.170363	2	80	5	1	0	0	79680	221	110	14480	183000	23000	1448	536	392000	40000	174	0	0	0	0	0
95.005775	2	81	5	1	0	0	80512	221	110	14480	183500	15000	1448	536	392000	40000	174	0	0	0	0	0
96.006114	2	82	5	1	0	4	81516	221	110	14480	183500	17000	1448	536	392000	40000	141	0	0	0	0	0
97.198899	2	83	5	1	0	0	82708	221	110	14480	183000	22000	1448	536	392000	40000	174	0	0	0	0	0
98.034196	2	84	5	1	0	0	83544	221	110	14480	184000	16000	1448	536	396000	40000	174	0	0	0	0	0
99.026432	2	85	5	1	0	0	84536	221	110	14480	186500	19000	1448	536	396000	40000	174	0	0	0	0	0
100.018589	2	86	5	1	0	0	85528	221	110	14480	187000	17000	1448	536	396000	40000	174	0	0	0	0	0
101.063146	2	87	5	1	0	0	86572	221	110	14480	186500	21000	1448	536	396000	40000	174	0	0	0	0	0
102.055130	2	88	5	1	0	0	87564	221	110	14480	182500	25000	1448	536	392000	40000	174	0	0	0	0	0
103.099382	2	89	5	1	0	0	88608	221	110	14480	187000	14000	1448	536	396000	40000	174	0	0	0	0	0
104.039297	2	90	5	1	0	0	89548	221	110	14480	187000	19000	1448	536	396000	40000	174	0	0	0	0	0
105.083699	2	91	5	1	0	0	90592	221	110	14480	186500	22000	1448	536	396000	40000	174	0	0	0	0	0
106.076036	2	92	5	1	0	0	91584	221	110	14480	186000	21000	1448	536	396000	40000	174	0	0	0	0	0
107.022687	2	93	5	1	0	0	92532	221	110	14480	179000	22000	1448	536	388000	40000	141	0	0	0	0	0
108.111122	2	94	5	1	0	0	93620	221	110	14480	187000	16000	1448	536	396000	40000	174	0	0	0	0	0
109.104575	2	95	5	1	0	0	94612	221	110	14480	186000	20000	1448	536	396000	40000	174	0	0	0	0	0
110.002116	2	96	5	1	0	4	95512	221	110	14480	177000	23000	1448	536	388000	40000	135	0	0	0	0	0
111.087527	2	97	5	1	0	0	96596	221	110	14480	187500	13000	1448	536	396000	40000	174	0	0	0	0	0
112.080711	2	98	5	1	0	0	97588	221	110	14480	186000	20000	1448	536	396000	40000	174	0	0	0	0	0
113.124976	2	99	5	1	0	0	98632	221	110	14480	183500	17000	1448	536	392000	40000	174	0	0	0	0	0
114.019365	2	100	5	1	0	0	99528	221	110	14480	177000	22000	1448	536	388000	40000	135	0	0	0	0	0
115.107861	2	101	5	1	0	0	100616	221	110	14480	187500	13000	1448	536	396000	40000	174	0	0	0	0	0
116.101211	2	102	5	1	0	0	101608	221	110	14480	183500	20000	1448	536	392000	40000	174	0	0	0	0	0
117.002118	2	103	5	1	0	0	102512	221	110	14480	177000	22000	1448	536	388000	40000	155	0	0	0	0	0
118.084199	2	104	5	1	0	0	103592	221	110	14480	187000	13000	1448	536	396000	40000	174	0	0	0	0	0
119.129745	2	105	5	1	0	0	104636	221	110	14480	186000	18000	1448	536	396000	40000	174	0	0	0	0	0
120.174155	2	106	5	1	0	0	105684	221	110	14480	186500	19000	1448	536	396000	40000	174	0	0	0	0	0
121.166283	2	107	5	1	0	0	106676	221	110	14480	183000	22000	1448	536	392000	40000	174	0	0	0	0	0
122.008692	2	108	5	1	0	0	107516	221	110	14480	178000	20000	1448	536	388000	40000	135	0	0	0	0	0
123.150483	2	109	5	1	0	0	108660	221	110	14480	186500	18000	1448	536	396000	40000	174	0	0	0	0	0
124.194891	2	110	5	1	0	0	109704	221	110	14480	187000	20000	1448	536	396000	40000	174	0	0	0	0	0
125.187106	2	111	5	1	0	0	110696	221	110	14480	187000	18000	1448	536	396000	40000	174	0	0	0	0	0
126.179347	2	112	5	1	0	0	111688	221	110	14480	187000	18000	1448	536	396000	40000	174	0	0	0	0	0
127.171072	2	113	5	1	0	0	112680	221	110	14480	183000	22000	1448	536	392000	40000	174	0	0	0	0	0
128.006759	2	114	5	1	0	0	113516	221	110	14480	187000	14000	1448	536	396000	40000	174	0	0	0	0	0
129.155279	2	115	5	1	0	0	114664	221	110	14480	187500	19000	1448	536	396000	40000	174	0	0	0	0	0
130.147578	2	116	5	1	0	0	115656	221	110	14480	183500	22000	1448	536	392000	40000	174	0	0	0	0	0
131.137373	2	117	5	1	0	0	116644	221	110	14480	187500	16000	1448	536	396000	40000	173	0	0	0	0	0
132.184004	2	118	5	1	0	0	117692	221	110	14480	187500	20000	1448	536	396000	40000	174	0	0	0	0	0
133.176019	2	119	5	1	0	0	118684	221	110	14480	183500	21000	1448	536	392000	40000	174	0	0	0	0	0
134.011267	2	120	5	1	0	0	119520	221	110	14480	183000	22000	1448	536	392000	40000	174	0	0	0	0	0
135.001192	2	121	5	1	0	0	120508	221	110	14480	187000	16000	1448	536	396000	40000	173	0	0	0	0	0
136.002112	2	122	5	1	0	8	121512	221	110	14480	187500	20000	1448	536	396000	40000	174	0	0	0	0	0
137.196404	2	123	5	1	0	0	122704	221	110	14480	183000	20000	1448	536	392000	40000	174	0	0	0	0	0
