protocol: 5
domain: sample_tinyhttpd_1
start-time: 1424597053
sender-id: 1
app-name: tinyhttpd
schema: 0 _experiment_metadata subject:string key:string value:string 
schema: 1 _client_instrumentation measurements_injected:uint32 measurements_dropped:uint32 bytes_allocated:uint64 bytes_freed:uint64 bytes_in_use:uint64 bytes_max:uint64 
schema: 2 tinyhttpd_tcp socket:int32 state:int32 ca_state:int32 last_data_sent:int32 last_data_recv:int32 snd_cwnd:int32 snd_ssthresh:int32 rcv_ssthresh:int32 rtt:int32 rttvar:int32 snd_mss:int32 rcv_mss:int32 rto:int32 ato:int32 unacked:int32 sacked:int32 lost:int32 retrans:int32 fackets:int32 total_retrans:int32 
schema: 3 tinyhttpd_peer socket:int32 ip:string port:int32 file:string 
content: text

15.031896	2	1	5	1	0	0	540	57	110	14480	54500	17000	1448	536	264000	40000	57	0	0	0	0	0
15.032327	1	1	1	0	18889	5911	12978	14347
16.067195	2	2	5	1	0	0	1576	98	110	14480	99500	14000	1448	536	308000	40000	90	0	0	0	0	0
16.067255	1	2	2	0	18889	5911	12978	14347
17.039401	2	3	5	1	0	0	2548	121	110	14480	126000	12000	1448	536	336000	40000	121	0	0	0	0	0
17.039462	1	3	3	0	18889	5911	12978	14347
18.006112	2	4	5	1	0	8	3516	136	110	14480	133500	23000	1448	536	344000	40000	136	0	0	0	0	0
18.006174	1	4	4	0	18889	5911	12978	14347
19.094722	2	5	5	1	0	0	4604	149	110	14480	167000	13000	1448	536	376000	40000	135	0	0	0	0	0
19.094783	1	5	5	0	18889	5911	12978	14347
20.033982	2	6	5	1	0	0	5540	161	110	14480	167000	18000	1448	536	376000	40000	135	0	0	0	0	0
20.034041	1	6	6	0	18889	5911	12978	14347
21.014261	2	7	5	1	0	0	6524	178	110	14480	188000	14000	1448	536	400000	40000	172	0	0	0	0	0
21.014323	1	7	7	0	18889	5911	12978	14347
22.011216	2	8	5	1	0	0	7520	192	110	14480	186500	23000	1448	536	396000	40000	174	0	0	0	0	0
22.011279	1	8	8	0	18889	5911	12978	14347
23.055629	2	9	5	1	0	0	8564	203	110	14480	186500	22000	1448	536	396000	40000	174	0	0	0	0	0
23.055690	1	9	9	0	18889	5911	12978	14347
24.047955	2	10	5	1	0	0	9556	212	110	14480	187500	18000	1448	536	396000	40000	174	0	0	0	0	0
24.048016	1	10	10	0	18889	5911	12978	14347
25.040148	2	11	5	1	0	0	10548	219	110	14480	187000	17000	1448	536	396000	40000	174	0	0	0	0	0
25.040210	1	11	11	0	18889	5911	12978	14347
26.032407	2	12	5	1	0	0	11540	220	110	14480	186000	21000	1448	536	396000	40000	174	0	0	0	0	0
26.032468	1	12	12	0	18889	5911	12978	14347
27.128734	2	13	5	1	0	0	12636	220	110	14480	180000	21000	1448	536	392000	40000	174	0	0	0	0	0
27.128796	1	13	13	0	18889	5911	12978	14347
28.068497	2	14	5	1	0	0	13576	220	110	14480	186500	13000	1448	536	396000	40000	174	0	0	0	0	0
28.068557	1	14	14	0	18889	5911	12978	14347
29.060720	2	15	5	1	0	0	14568	221	110	14480	184000	20000	1448	536	396000	40000	174	0	0	0	0	0
29.060782	1	15	15	0	18889	5911	12978	14347
30.104954	2	16	5	1	0	0	15612	221	110	14480	183000	19000	1448	536	392000	40000	174	0	0	0	0	0
30.105016	1	16	16	0	18889	5911	12978	14347
31.006110	2	17	5	1	0	8	16516	221	110	14480	177000	22000	1448	536	388000	40000	135	0	0	0	0	0
31.006171	1	17	17	0	18889	5911	12978	14347
32.087819	2	18	5	1	0	0	17596	221	110	14480	187500	13000	1448	536	396000	40000	174	0	0	0	0	0
32.087878	1	18	18	0	18889	5911	12978	14347
33.081208	2	19	5	1	0	0	18588	221	110	14480	183500	20000	1448	536	392000	40000	174	0	0	0	0	0
33.081270	1	19	19	0	18889	5911	12978	14347
34.132294	2	20	5	1	0	0	19640	221	110	14480	178000	20000	1448	536	388000	40000	135	0	0	0	0	0
34.132355	1	20	20	0	18889	5911	12978	14347
35.064076	2	21	5	1	0	0	20572	221	110	14480	187500	13000	1448	536	396000	40000	174	0	0	0	0	0
35.064136	1	21	21	0	18889	5911	12978	14347
36.057358	2	22	5	1	0	0	21564	221	110	14480	183500	20000	1448	536	392000	40000	174	0	0	0	0	0
36.057421	1	22	22	0	18889	5911	12978	14347
37.049384	2	23	5	1	0	0	22556	221	110	14480	182000	17000	1448	536	392000	40000	174	0	0	0	0	0
37.049445	1	23	23	0	18889	5911	12978	14347
38.200944	2	24	5	1	0	0	23708	221	110	14480	181500	20000	1448	536	392000	40000	174	0	0	0	0	0
38.201006	1	24	24	0	18889	5911	12978	14347
39.137748	2	25	5	1	0	0	24644	221	110	14480	186500	14000	1448	536	396000	40000	174	0	0	0	0	0
39.137809	1	25	25	0	18889	5911	12978	14347
40.129946	2	26	5	1	0	0	25636	221	110	14480	182500	20000	1448	536	392000	40000	174	0	0	0	0	0
40.130064	1	26	26	0	18889	5911	12978	14347
41.174192	2	27	5	1	0	0	26684	221	110	14480	183000	21000	1448	536	392000	40000	174	0	0	0	0	0
41.174254	1	27	27	0	18889	5911	12978	14347
42.016499	2	28	5	1	0	0	27524	221	110	14480	178000	20000	1448	536	388000	40000	135	0	0	0	0	0
42.016562	1	28	28	0	18889	5911	12978	14347
43.158264	2	29	5	1	0	0	28668	221	110	14480	186500	18000	1448	536	396000	40000	174	0	0	0	0	0
43.158325	1	29	29	0	18889	5911	12978	14347
44.150398	2	30	5	1	0	0	29660	221	110	14480	183000	22000	1448	536	392000	40000	174	0	0	0	0	0
44.150479	1	30	30	0	18889	5911	12978	14347
45.194598	2	31	5	1	0	0	30704	221	110	14480	184000	21000	1448	536	396000	40000	174	0	0	0	0	0
45.194659	1	31	31	0	18889	5911	12978	14347
46.029768	2	32	5	1	0	0	31536	221	110	14480	182500	20000	1448	536	392000	40000	174	0	0	0	0	0
46.029830	1	32	32	0	18889	5911	12978	14347
47.074100	2	33	5	1	0	0	32584	221	110	14480	183000	20000	1448	536	392000	40000	174	0	0	0	0	0
47.074162	1	33	33	0	18889	5911	12978	14347
48.065931	2	34	5	1	0	0	33572	221	110	14480	181000	19000	1448	536	392000	40000	174	0	0	0	0	0
48.065990	1	34	34	0	18889	5911	12978	14347
49.005733	2	35	5	1	0	0	34512	221	110	14480	181000	19000	1448	536	392000	40000	174	0	0	0	0	0
49.005794	1	35	35	0	18889	5911	12978	14347
50.049966	2	36	5	1	0	0	35556	221	110	14480	181500	19000	1448	536	392000	40000	174	0	0	0	0	0
50.050028	1	36	36	0	18889	5911	12978	14347
51.094036	2	37	5	1	0	0	36600	221	110	14480	181500	19000	1448	536	392000	40000	174	0	0	0	0	0
51.094098	1	37	37	0	18889	5911	12978	14347
52.033829	2	38	5	1	0	0	37540	221	110	14480	181000	19000	1448	536	392000	40000	174	0	0	0	0	0
52.033891	1	38	38	0	18889	5911	12978	14347
53.078022	2	39	5	1	0	0	38584	221	110	14480	181500	19000	1448	536	392000	40000	174	0	0	0	0	0
53.078084	1	39	39	0	18889	5911	12978	14347
54.017656	2	40	5	1	0	0	39524	221	110	14480	181000	19000	1448	536	392000	40000	174	0	0	0	0	0
54.017719	1	40	40	0	18889	5911	12978	14347
55.061806	2	41	5	1	0	0	40568	221	110	14480	181500	19000	1448	536	392000	40000	174	0	0	0	0	0
55.061867	1	41	41	0	18889	5911	12978	14347
56.106099	2	42	5	1	0	4	41616	221	110	14480	181500	19000	1448	536	392000	40000	174	0	0	0	0	0
56.106161	1	42	42	0	18889	5911	12978	14347
57.045807	2	43	5	1	0	0	42552	221	110	14480	181000	19000	1448	536	392000	40000	174	0	0	0	0	0
57.045869	1	43	43	0	18889	5911	12978	14347
58.090005	2	44	5	1	0	0	43596	221	110	14480	181500	19000	1448	536	392000	40000	174	0	0	0	0	0
58.090067	1	44	44	0	18889	5911	12978	14347
59.029714	2	45	5	1	0	0	44536	221	110	14480	181000	20000	1448	536	392000	40000	174	0	0	0	0	0
59.029777	1	45	45	0	18889	5911	12978	14347
60.073734	2	46	5	1	0	0	45580	221	110	14480	181500	19000	1448	536	392000	40000	174	0	0	0	0	0
60.073796	1	46	46	0	18889	5911	12978	14347
61.013639	2	47	5	1	0	0	46520	221	110	14480	181000	20000	1448	536	392000	40000	174	0	0	0	0	0
61.013701	1	47	47	0	18889	5911	12978	14347
62.057656	2	48	5	1	0	0	47564	221	110	14480	181500	19000	1448	536	392000	40000	174	0	0	0	0	0
62.057721	1	48	48	0	18889	5911	12978	14347
63.006114	2	49	5	1	0	4	48516	221	110	14480	181500	16000	1448	536	392000	40000	150	0	0	0	0	0
63.006175	1	49	49	0	18889	5911	12978	14347
64.151871	2	50	5	1	0	0	49660	221	110	14480	182000	22000	1448	536	392000	40000	174	0	0	0	0	0
64.151933	1	50	50	0	18889	5911	12978	14347
65.085882	2	51	5	1	0	0	50592	221	110	14480	186500	15000	1448	536	396000	40000	174	0	0	0	0	0
65.085944	1	51	51	0	18889	5911	12978	14347
66.077974	2	52	5	1	0	0	51584	221	110	14480	182500	21000	1448	536	392000	40000	174	0	0	0	0	0
66.078035	1	52	52	0	18889	5911	12978	14347
67.122169	2	53	5	1	0	0	52632	221	110	14480	183500	17000	1448	536	392000	40000	174	0	0	0	0	0
67.122232	1	53	53	0	18889	5911	12978	14347
68.062083	2	54	5	1	0	4	53572	221	110	14480	186000	16000	1448	536	396000	40000	174	0	0	0	0	0
68.062146	1	54	54	0	18889	5911	12978	14347
69.054232	2	55	5	1	0	0	54564	221	110	14480	183000	22000	1448	536	392000	40000	174	0	0	0	0	0
69.054295	1	55	55	0	18889	5911	12978	14347
70.098394	2	56	5	1	0	0	55608	221	110	14480	184000	16000	1448	536	396000	40000	174	0	0	0	0	0
70.098505	1	56	56	0	18889	5911	12978	14347
71.038491	2	57	5	1	0	0	56548	221	110	14480	186500	18000	1448	536	396000	40000	174	0	0	0	0	0
71.038552	1	57	57	0	18889	5911	12978	14347
72.082862	2	58	5	1	0	0	57592	221	110	14480	186500	20000	1448	536	396000	40000	174	0	0	0	0	0
72.082924	1	58	58	0	18889	5911	12978	14347
73.075097	2	59	5	1	0	0	58584	221	110	14480	186500	18000	1448	536	396000	40000	174	0	0	0	0	0
73.075159	1	59	59	0	18889	5911	12978	14347
74.067280	2	60	5	1	0	0	59576	221	110	14480	183000	22000	1448	536	392000	40000	174	0	0	0	0	0
74.067343	1	60	60	0	18889	5911	12978	14347
75.111434	2	61	5	1	0	0	60620	221	110	14480	182500	23000	1448	536	392000	40000	174	0	0	0	0	0
75.111496	1	61	61	0	18889	5911	12978	14347
76.155559	2	62	5	1	0	0	61664	221	110	14480	183500	22000	1448	536	392000	40000	174	0	0	0	0	0
76.155621	1	62	62	0	18889	5911	12978	14347
77.145717	2	63	5	1	0	0	62652	221	110	14480	187000	16000	1448	536	396000	40000	173	0	0	0	0	0
77.145778	1	63	63	0	18889	5911	12978	14347
78.192005	2	64	5	1	0	0	63700	221	110	14480	187500	18000	1448	536	396000	40000	174	0	0	0	0	0
78.192066	1	64	64	0	18889	5911	12978	14347
79.131996	2	65	5	1	0	0	64640	221	110	14480	187000	19000	1448	536	396000	40000	174	0	0	0	0	0
79.132059	1	65	65	0	18889	5911	12978	14347
80.078802	2	66	5	1	0	0	65588	221	110	14480	179000	22000	1448	536	388000	40000	141	0	0	0	0	0
80.078864	1	66	66	0	18889	5911	12978	14347
81.113735	2	67	5	1	0	0	66620	221	110	14480	188000	15000	1448	536	400000	40000	173	0	0	0	0	0
81.113797	1	67	67	0	18889	5911	12978	14347
82.108224	2	68	5	1	0	0	67616	221	110	14480	186000	20000	1448	536	396000	40000	174	0	0	0	0	0
82.108285	1	68	68	0	18889	5911	12978	14347
83.006113	2	69	5	1	0	4	68516	221	110	14480	180000	23000	1448	536	392000	40000	135	0	0	0	0	0
83.006173	1	69	69	0	18889	5911	12978	14347
84.037667	2	70	5	1	0	0	69544	221	110	14480	188000	15000	1448	536	400000	40000	173	0	0	0	0	0
84.037730	1	70	70	0	18889	5911	12978	14347
85.032356	2	71	5	1	0	0	70540	221	110	14480	186000	20000	1448	536	396000	40000	174	0	0	0	0	0
85.032430	1	71	71	0	18889	5911	12978	14347
86.135749	2	72	5	1	0	0	71644	221	110	14480	177000	22000	1448	536	388000	40000	135	0	0	0	0	0
86.135819	1	72	72	0	18889	5911	12978	14347
87.067571	2	73	5	1	0	0	72576	221	110	14480	187500	16000	1448	536	396000	40000	174	0	0	0	0	0
87.067633	1	73	73	0	18889	5911	12978	14347
88.113230	2	74	5	1	0	0	73620	221	110	14480	186000	15000	1448	536	396000	40000	174	0	0	0	0	0
88.113289	1	74	74	0	18889	5911	12978	14347
89.157650	2	75	5	1	0	0	74664	221	110	14480	186000	16000	1448	536	396000	40000	174	0	0	0	0	0
89.157713	1	75	75	0	18889	5911	12978	14347
90.149784	2	76	5	1	0	0	75656	221	110	14480	182500	20000	1448	536	392000	40000	174	0	0	0	0	0
90.149847	1	76	76	0	18889	5911	12978	14347
91.193897	2	77	5	1	0	0	76700	221	110	14480	183500	15000	1448	536	392000	40000	174	0	0	0	0	0
91.193958	1	77	77	0	18889	5911	12978	14347
92.186123	2	78	5	1	0	0	77696	221	110	14480	187000	16000	1448	536	396000	40000	174	0	0	0	0	0
92.186186	1	78	78	0	18889	5911	12978	14347
93.178390	2	79	5	1	0	0	78688	221	110	14480	186500	16000	1448	536	396000	40000	174	0	0	0	0	0
93.178451	1	79	79	0	18889	5911	12978	14347
94.170363	2	80	5	1	0	0	79680	221	110	14480	183000	23000	1448	536	392000	40000	174	0	0	0	0	0
94.170425	1	80	80	0	18889	5911	12978	14347
95.005775	2	81	5	1	0	0	80512	221	110	14480	183500	15000	1448	536	392000	40000	174	0	0	0	0	0
95.005835	1	81	81	0	18889	5911	12978	14347
96.006114	2	82	5	1	0	4	81516	221	110	14480	183500	17000	1448	536	392000	40000	141	0	0	0	0	0
96.006176	1	82	82	0	18889	5911	12978	14347
97.198899	2	83	5	1	0	0	82708	221	110	14480	183000	22000	1448	536	392000	40000	174	0	0	0	0	0
97.198962	1	83	83	0	18889	5911	12978	14347
98.034196	2	84	5	1	0	0	83544	221	110	14480	184000	16000	1448	536	396000	40000	174	0	0	0	0	0
98.034258	1	84	84	0	18889	5911	12978	14347
99.026432	2	85	5	1	0	0	84536	221	110	14480	186500	19000	1448	536	396000	40000	174	0	0	0	0	0
99.026495	1	85	85	0	18889	5911	12978	14347
100.018589	2	86	5	1	0	0	85528	221	110	14480	187000	17000	1448	536	396000	40000	174	0	0	0	0	0
100.018650	1	86	86	0	18889	5911	12978	14347
101.063146	2	87	5	1	0	0	86572	221	110	14480	186500	21000	1448	536	396000	40000	174	0	0	0	0	0
101.063206	1	87	87	0	18889	5911	12978	14347
102.055130	2	88	5	1	0	0	87564	221	110	14480	182500	25000	1448	536	392000	40000	174	0	0	0	0	0
102.055192	1	88	88	0	18889	5911	12978	14347
103.099382	2	89	5	1	0	0	88608	221	110	14480	187000	14000	1448	536	396000	40000	174	0	0	0	0	0
103.099464	1	89	89	0	18889	5911	12978	14347
104.039297	2	90	5	1	0	0	89548	221	110	14480	187000	19000	1448	536	396000	40000	174	0	0	0	0	0
104.039361	1	90	90	0	18889	5911	12978	14347
105.083699	2	91	5	1	0	0	90592	221	110	14480	186500	22000	1448	536	396000	40000	174	0	0	0	0	0
105.083760	1	91	91	0	18889	5911	12978	14347
106.076036	2	92	5	1	0	0	91584	221	110	14480	186000	21000	1448	536	396000	40000	174	0	0	0	0	0
106.076098	1	92	92	0	18889	5911	12978	14347
107.022687	2	93	5	1	0	0	92532	221	110	14480	179000	22000	1448	536	388000	40000	141	0	0	0	0	0
107.022749	1	93	93	0	18889	5911	12978	14347
108.111122	2	94	5	1	0	0	93620	221	110	14480	187000	16000	1448	536	396000	40000	174	0	0	0	0	0
108.111183	1	94	94	0	18889	5911	12978	14347
109.104575	2	95	5	1	0	0	94612	221	110	14480	186000	20000	1448	536	396000	40000	174	0	0	0	0	0
109.104637	1	95	95	0	18889	5911	12978	14347
110.002116	2	96	5	1	0	4	95512	221	110	14480	177000	23000	1448	536	388000	40000	135	0	0	0	0	0
110.002177	1	96	96	0	18889	5911	12978	14347
111.087527	2	97	5	1	0	0	96596	221	110	14480	187500	13000	1448	536	396000	40000	174	0	0	0	0	0
111.087588	1	97	97	0	18889	5911	12978	14347
112.080711	2	98	5	1	0	0	97588	221	110	14480	186000	20000	1448	536	396000	40000	174	0	0	0	0	0
112.080775	1	98	98	0	18889	5911	12978	14347
113.124976	2	99	5	1	0	0	98632	221	110	14480	183500	17000	1448	536	392000	40000	174	0	0	0	0	0
113.125036	1	99	99	0	18889	5911	12978	14347
114.019365	2	100	5	1	0	0	99528	221	110	14480	177000	22000	1448	536	388000	40000	135	0	0	0	0	0
114.019427	1	100	100	0	18889	5911	12978	14347
115.107861	2	101	5	1	0	0	100616	221	110	14480	187500	13000	1448	536	396000	40000	174	0	0	0	0	0
115.107924	1	101	101	0	18889	5911	12978	14347
116.101211	2	102	5	1	0	0	101608	221	110	14480	183500	20000	1448	536	392000	40000	174	0	0	0	0	0
116.101273	1	102	102	0	18889	5911	12978	14347
117.002118	2	103	5	1	0	0	102512	221	110	14480	177000	22000	1448	536	388000	40000	155	0	0	0	0	0
117.002179	1	103	103	0	18889	5911	12978	14347
118.084199	2	104	5	1	0	0	103592	221	110	14480	187000	13000	1448	536	396000	40000	174	0	0	0	0	0
118.084261	1	104	104	0	18889	5911	12978	14347
119.129745	2	105	5	1	0	0	104636	221	110	14480	186000	18000	1448	536	396000	40000	174	0	0	0	0	0
119.129808	1	105	105	0	18889	5911	12978	14347
120.174155	2	106	5	1	0	0	105684	221	110	14480	186500	19000	1448	536	396000	40000	174	0	0	0	0	0
120.174218	1	106	106	0	18889	5911	12978	14347
121.166283	2	107	5	1	0	0	106676	221	110	14480	183000	22000	1448	536	392000	40000	174	0	0	0	0	0
121.166347	1	107	107	0	18889	5911	12978	14347
122.008692	2	108	5	1	0	0	107516	221	110	14480	178000	20000	1448	536	388000	40000	135	0	0	0	0	0
122.008754	1	108	108	0	18889	5911	12978	14347
123.150483	2	109	5	1	0	0	108660	221	110	14480	186500	18000	1448	536	396000	40000	174	0	0	0	0	0
123.150546	1	109	109	0	18889	5911	12978	14347
124.194891	2	110	5	1	0	0	109704	221	110	14480	187000	20000	1448	536	396000	40000	174	0	0	0	0	0
124.194956	1	110	110	0	18889	5911	12978	14347
125.187106	2	111	5	1	0	0	110696	221	110	14480	187000	18000	1448	536	396000	40000	174	0	0	0	0	0
125.187185	1	111	111	0	18889	5911	12978	14347
126.179347	2	112	5	1	0	0	111688	221	110	14480	187000	18000	1448	536	396000	40000	174	0	0	0	0	0
126.179410	1	112	112	0	18889	5911	12978	14347
127.171072	2	113	5	1	0	0	112680	221	110	14480	183000	22000	1448	536	392000	40000	174	0	0	0	0	0
127.171134	1	113	113	0	18889	5911	12978	14347
128.006759	2	114	5	1	0	0	113516	221	110	14480	187000	14000	1448	536	396000	40000	174	0	0	0	0	0
128.006820	1	114	114	0	18889	5911	12978	14347
129.155279	2	115	5	1	0	0	114664	221	110	14480	187500	19000	1448	536	396000	40000	174	0	0	0	0	0
129.155342	1	115	115	0	18889	5911	12978	14347
130.147578	2	116	5	1	0	0	115656	221	110	14480	183500	22000	1448	536	392000	40000	174	0	0	0	0	0
130.147689	1	116	116	0	18889	5911	12978	14347
131.137373	2	117	5	1	0	0	116644	221	110	14480	187500	16000	1448	536	396000	40000	173	0	0	0	0	0
131.137436	1	117	117	0	18889	5911	12978	14347
132.184004	2	118	5	1	0	0	117692	221	110	14480	187500	20000	1448	536	396000	40000	174	0	0	0	0	0
132.184065	1	118	118	0	18889	5911	12978	14347
133.176019	2	119	5	1	0	0	118684	221	110	14480	183500	21000	1448	536	392000	40000	174	0	0	0	0	0
133.176103	1	119	119	0	18889	5911	12978	14347
134.011267	2	120	5	1	0	0	119520	221	110	14480	183000	22000	1448	536	392000	40000	174	0	0	0	0	0
134.011338	1	120	120	0	18889	5911	12978	14347
135.001192	2	121	5	1	0	0	120508	221	110	14480	187000	16000	1448	536	396000	40000	173	0	0	0	0	0
135.001254	1	121	121	0	18889	5911	12978	14347
136.002112	2	122	5	1	0	8	121512	221	110	14480	187500	20000	1448	536	396000	40000	174	0	0	0	0	0
136.002174	1	122	122	0	18889	5911	12978	14347
137.196404	2	123	5	1	0	0	122704	221	110	14480	183000	20000	1448	536	392000	40000	174	0	0	0	0	0
137.196465	1	123	123	0	18889	5911	12978	14347
137.407935	3	1	5	10.1.1.1	55022	htdocs/file.txt
