protocol: 5
domain: sample_tinyhttpd_4
start-time: 1424598436
sender-id: 1
app-name: tinyhttpd
schema: 0 _experiment_metadata subject:string key:string value:string 
schema: 1 _client_instrumentation measurements_injected:uint32 measurements_dropped:uint32 bytes_allocated:uint64 bytes_freed:uint64 bytes_in_use:uint64 bytes_max:uint64 
schema: 2 tinyhttpd_tcp socket:int32 state:int32 ca_state:int32 last_data_sent:int32 last_data_recv:int32 snd_cwnd:int32 snd_ssthresh:int32 rcv_ssthresh:int32 rtt:int32 rttvar:int32 snd_mss:int32 rcv_mss:int32 rto:int32 ato:int32 unacked:int32 sacked:int32 lost:int32 retrans:int32 fackets:int32 total_retrans:int32 
schema: 3 tinyhttpd_peer socket:int32 ip:string port:int32 file:string 
content: text

10.072288	2	1	5	1	0	0	236	44	110	14480	37500	6000	1448	536	236000	40000	43	0	0	0	0	0
10.072822	1	1	1	0	18889	5911	12978	14347
11.020745	2	2	5	1	0	0	1184	84	110	14480	78500	13000	1448	536	276000	40000	84	0	0	0	0	0
11.020806	1	2	2	0	18889	5911	12978	14347
12.089489	2	3	5	1	0	0	2252	111	110	14480	115500	12000	1448	536	312000	40000	90	0	0	0	0	0
12.089552	1	3	3	0	18889	5911	12978	14347
13.029533	2	4	5	1	0	0	3192	111	110	14480	116500	11000	1448	536	316000	40000	90	0	0	0	0	0
13.029594	1	4	4	0	18889	5911	12978	14347
14.127078	2	5	5	1	0	0	4292	112	110	14480	121500	16000	1448	536	320000	40000	90	0	0	0	0	0
14.127141	1	5	5	0	18889	5911	12978	14347
15.066894	2	6	5	1	0	0	5232	112	110	14480	121500	16000	1448	536	320000	40000	90	0	0	0	0	0
15.066956	1	6	6	0	18889	5911	12978	14347
16.007487	2	7	5	1	0	0	6172	113	110	14480	121000	16000	1448	536	320000	40000	113	0	0	0	0	0
16.007548	1	7	7	0	18889	5911	12978	14347
17.103446	2	8	5	1	0	0	7268	113	110	14480	121000	14000	1448	536	320000	40000	113	0	0	0	0	0
17.103509	1	8	8	0	18889	5911	12978	14347
18.043982	2	9	5	1	0	0	8208	114	110	14480	121500	16000	1448	536	320000	40000	114	0	0	0	0	0
18.044044	1	9	9	0	18889	5911	12978	14347
19.139666	2	10	5	1	0	0	9304	114	110	14480	121500	16000	1448	536	320000	40000	114	0	0	0	0	0
19.139728	1	10	10	0	18889	5911	12978	14347
20.080346	2	11	5	1	0	0	10244	115	110	14480	121500	16000	1448	536	320000	40000	115	0	0	0	0	0
20.080406	1	11	11	0	18889	5911	12978	14347
21.019685	2	12	5	1	0	0	11184	115	110	14480	121500	15000	1448	536	320000	40000	115	0	0	0	0	0
21.019747	1	12	12	0	18889	5911	12978	14347
22.115433	2	13	5	1	0	0	12280	116	110	14480	121500	15000	1448	536	320000	40000	116	0	0	0	0	0
22.115497	1	13	13	0	18889	5911	12978	14347
23.056043	2	14	5	1	0	0	13220	116	110	14480	121500	16000	1448	536	320000	40000	116	0	0	0	0	0
23.056105	1	14	14	0	18889	5911	12978	14347
24.002110	2	15	5	1	0	8	14168	116	110	14480	121500	16000	1448	536	320000	40000	116	0	0	0	0	0
24.002168	1	15	15	0	18889	5911	12978	14347
25.092431	2	16	5	1	0	0	15256	117	110	14480	121500	16000	1448	536	320000	40000	117	0	0	0	0	0
25.092493	1	16	16	0	18889	5911	12978	14347
26.031799	2	17	5	1	0	0	16196	117	110	14480	121500	16000	1448	536	320000	40000	117	0	0	0	0	0
26.031859	1	17	17	0	18889	5911	12978	14347
27.128596	2	18	5	1	0	0	17292	118	110	14480	121500	16000	1448	536	320000	40000	118	0	0	0	0	0
27.128677	1	18	18	0	18889	5911	12978	14347
28.068204	2	19	5	1	0	0	18232	118	110	14480	121500	16000	1448	536	320000	40000	118	0	0	0	0	0
28.068265	1	19	19	0	18889	5911	12978	14347
29.008682	2	20	5	1	0	0	19172	119	110	14480	121500	16000	1448	536	320000	40000	119	0	0	0	0	0
29.008740	1	20	20	0	18889	5911	12978	14347
30.104670	2	21	5	1	0	0	20268	119	110	14480	121500	16000	1448	536	320000	40000	119	0	0	0	0	0
30.104742	1	21	21	0	18889	5911	12978	14347
31.045118	2	22	5	1	0	0	21208	120	110	14480	122500	16000	1448	536	320000	40000	120	0	0	0	0	0
31.045178	1	22	22	0	18889	5911	12978	14347
32.141909	2	23	5	1	0	0	22304	121	110	14480	121500	16000	1448	536	320000	40000	121	0	0	0	0	0
32.141972	1	23	23	0	18889	5911	12978	14347
33.081430	2	24	5	1	0	0	23244	121	110	14480	121500	16000	1448	536	320000	40000	121	0	0	0	0	0
33.081507	1	24	24	0	18889	5911	12978	14347
34.022023	2	25	5	1	0	0	24184	122	110	14480	121500	16000	1448	536	320000	40000	122	0	0	0	0	0
34.022083	1	25	25	0	18889	5911	12978	14347
35.117909	2	26	5	1	0	0	25280	122	110	14480	121500	16000	1448	536	320000	40000	122	0	0	0	0	0
35.118031	1	26	26	0	18889	5911	12978	14347
36.058317	2	27	5	1	0	0	26224	123	110	14480	122000	17000	1448	536	320000	40000	123	0	0	0	0	0
36.058379	1	27	27	0	18889	5911	12978	14347
37.006110	2	28	5	1	0	8	27172	124	110	14480	122000	17000	1448	536	320000	40000	124	0	0	0	0	0
37.006169	1	28	28	0	18889	5911	12978	14347
38.094765	2	29	5	1	0	0	28260	124	110	14480	122000	17000	1448	536	320000	40000	124	0	0	0	0	0
38.094836	1	29	29	0	18889	5911	12978	14347
39.035264	2	30	5	1	0	0	29200	125	110	14480	122000	17000	1448	536	320000	40000	125	0	0	0	0	0
39.035326	1	30	30	0	18889	5911	12978	14347
40.131225	2	31	5	1	0	0	30296	126	110	14480	122500	16000	1448	536	320000	40000	126	0	0	0	0	0
40.131286	1	31	31	0	18889	5911	12978	14347
41.071685	2	32	5	1	0	0	31236	126	110	14480	121500	20000	1448	536	320000	40000	126	0	0	0	0	0
41.071747	1	32	32	0	18889	5911	12978	14347
42.012210	2	33	5	1	0	0	32176	127	110	14480	121500	19000	1448	536	320000	40000	127	0	0	0	0	0
42.012268	1	33	33	0	18889	5911	12978	14347
43.056166	2	34	5	1	0	0	33220	127	110	14480	134000	21000	1448	536	332000	40000	127	0	0	0	0	0
43.056229	1	34	34	0	18889	5911	12978	14347
44.101920	2	35	5	1	0	0	34264	128	110	14480	134000	20000	1448	536	332000	40000	128	0	0	0	0	0
44.101976	1	35	35	0	18889	5911	12978	14347
45.006113	2	36	5	1	0	4	35172	129	110	14480	125500	18000	1448	536	324000	40000	129	0	0	0	0	0
45.006174	1	36	36	0	18889	5911	12978	14347
46.134012	2	37	5	1	0	0	36296	130	110	14480	126500	24000	1448	536	324000	40000	130	0	0	0	0	0
46.134074	1	37	37	0	18889	5911	12978	14347
47.073325	2	38	5	1	0	0	37236	130	110	14480	127000	23000	1448	536	324000	40000	130	0	0	0	0	0
47.073379	1	38	38	0	18889	5911	12978	14347
48.014881	2	39	5	1	0	0	38180	131	110	14480	128000	24000	1448	536	328000	40000	131	0	0	0	0	0
48.014943	1	39	39	0	18889	5911	12978	14347
49.059164	2	40	5	1	0	0	39224	132	110	14480	138500	20000	1448	536	336000	40000	132	0	0	0	0	0
49.059224	1	40	40	0	18889	5911	12978	14347
50.006110	2	41	5	1	0	8	40172	132	110	14480	138500	18000	1448	536	336000	40000	132	0	0	0	0	0
50.006170	1	41	41	0	18889	5911	12978	14347
51.098074	2	42	5	1	0	4	41264	133	110	14480	140500	18000	1448	536	340000	40000	133	0	0	0	0	0
51.098136	1	42	42	0	18889	5911	12978	14347
52.044849	2	43	5	1	0	0	42208	134	110	14480	126000	16000	1448	536	324000	40000	91	0	0	0	0	0
52.044960	1	43	43	0	18889	5911	12978	14347
53.140712	2	44	5	1	0	52	43304	135	110	14480	134000	24000	1448	536	332000	40000	97	0	0	0	0	0
53.140795	1	44	44	0	18889	5911	12978	14347
54.080079	2	45	5	1	0	52	44244	135	110	14480	155000	7000	1448	536	352000	40000	97	0	0	0	0	0
54.080159	1	45	45	0	18889	5911	12978	14347
55.019420	2	46	5	1	0	0	45184	136	110	14480	156000	3000	1448	536	356000	40000	136	0	0	0	0	0
55.019491	1	46	46	0	18889	5911	12978	14347
56.115229	2	47	5	1	0	0	46280	136	110	14480	163000	12000	1448	536	360000	40000	135	0	0	0	0	0
56.115291	1	47	47	0	18889	5911	12978	14347
57.054593	2	48	5	1	0	0	47220	137	110	14480	170000	18000	1448	536	368000	40000	135	0	0	0	0	0
57.054653	1	48	48	0	18889	5911	12978	14347
58.150435	2	49	5	1	0	0	48316	137	110	14480	168000	16000	1448	536	368000	40000	135	0	0	0	0	0
58.150496	1	49	49	0	18889	5911	12978	14347
59.089868	2	50	5	1	0	0	49252	138	110	14480	167000	18000	1448	536	364000	40000	135	0	0	0	0	0
59.089928	1	50	50	0	18889	5911	12978	14347
60.029193	2	51	5	1	0	0	50192	138	110	14480	166500	18000	1448	536	364000	40000	135	0	0	0	0	0
60.029254	1	51	51	0	18889	5911	12978	14347
61.125105	2	52	5	1	0	0	51288	139	110	14480	167000	18000	1448	536	364000	40000	135	0	0	0	0	0
61.125166	1	52	52	0	18889	5911	12978	14347
62.064407	2	53	5	1	0	0	52228	139	110	14480	167000	17000	1448	536	364000	40000	135	0	0	0	0	0
62.064469	1	53	53	0	18889	5911	12978	14347
63.003769	2	54	5	1	0	0	53168	140	110	14480	167000	17000	1448	536	364000	40000	135	0	0	0	0	0
63.003830	1	54	54	0	18889	5911	12978	14347
64.099656	2	55	5	1	0	0	54264	141	110	14480	167000	18000	1448	536	364000	40000	135	0	0	0	0	0
64.099716	1	55	55	0	18889	5911	12978	14347
65.039045	2	56	5	1	0	0	55204	141	110	14480	167500	18000	1448	536	364000	40000	135	0	0	0	0	0
65.039159	1	56	56	0	18889	5911	12978	14347
66.134858	2	57	5	1	0	0	56300	142	110	14480	167500	18000	1448	536	364000	40000	135	0	0	0	0	0
66.134920	1	57	57	0	18889	5911	12978	14347
67.074224	2	58	5	1	0	0	57240	142	110	14480	168000	16000	1448	536	368000	40000	135	0	0	0	0	0
67.074283	1	58	58	0	18889	5911	12978	14347
68.013634	2	59	5	1	0	0	58176	143	110	14480	167500	17000	1448	536	364000	40000	135	0	0	0	0	0
68.013696	1	59	59	0	18889	5911	12978	14347
69.109549	2	60	5	1	0	0	59272	143	110	14480	167500	17000	1448	536	364000	40000	135	0	0	0	0	0
69.109610	1	60	60	0	18889	5911	12978	14347
70.048765	2	61	5	1	0	0	60212	144	110	14480	167000	18000	1448	536	364000	40000	135	0	0	0	0	0
70.048847	1	61	61	0	18889	5911	12978	14347
71.144635	2	62	5	1	0	0	61308	144	110	14480	167000	18000	1448	536	364000	40000	135	0	0	0	0	0
71.144696	1	62	62	0	18889	5911	12978	14347
72.084046	2	63	5	1	0	0	62248	145	110	14480	167000	17000	1448	536	364000	40000	135	0	0	0	0	0
72.084103	1	63	63	0	18889	5911	12978	14347
73.023504	2	64	5	1	0	0	63188	145	110	14480	167000	17000	1448	536	364000	40000	135	0	0	0	0	0
73.023566	1	64	64	0	18889	5911	12978	14347
74.119390	2	65	5	1	0	0	64284	146	110	14480	167000	18000	1448	536	364000	40000	135	0	0	0	0	0
74.119453	1	65	65	0	18889	5911	12978	14347
75.058695	2	66	5	1	0	0	65224	146	110	14480	168000	16000	1448	536	368000	40000	135	0	0	0	0	0
75.058756	1	66	66	0	18889	5911	12978	14347
76.006140	2	67	5	1	0	4	66172	147	110	14480	167000	18000	1448	536	364000	40000	147	0	0	0	0	0
76.006203	1	67	67	0	18889	5911	12978	14347
77.094006	2	68	5	1	0	0	67256	147	110	14480	167000	18000	1448	536	364000	40000	135	0	0	0	0	0
77.094067	1	68	68	0	18889	5911	12978	14347
78.033214	2	69	5	1	0	0	68196	148	110	14480	167000	18000	1448	536	364000	40000	135	0	0	0	0	0
78.033276	1	69	69	0	18889	5911	12978	14347
79.129132	2	70	5	1	0	0	69292	149	110	14480	167000	18000	1448	536	364000	40000	135	0	0	0	0	0
79.129194	1	70	70	0	18889	5911	12978	14347
80.068587	2	71	5	1	0	0	70232	149	110	14480	166500	18000	1448	536	364000	40000	135	0	0	0	0	0
80.068648	1	71	71	0	18889	5911	12978	14347
81.007834	2	72	5	1	0	0	71172	149	110	14480	167000	17000	1448	536	364000	40000	135	0	0	0	0	0
81.007893	1	72	72	0	18889	5911	12978	14347
82.103778	2	73	5	1	0	0	72268	150	110	14480	167000	18000	1448	536	364000	40000	135	0	0	0	0	0
82.103839	1	73	73	0	18889	5911	12978	14347
83.043066	2	74	5	1	0	0	73208	151	110	14480	167500	18000	1448	536	364000	40000	135	0	0	0	0	0
83.043128	1	74	74	0	18889	5911	12978	14347
84.139136	2	75	5	1	0	0	74304	151	110	14480	167500	18000	1448	536	364000	40000	135	0	0	0	0	0
84.139198	1	75	75	0	18889	5911	12978	14347
85.078453	2	76	5	1	0	0	75244	152	110	14480	167500	17000	1448	536	364000	40000	135	0	0	0	0	0
85.078518	1	76	76	0	18889	5911	12978	14347
86.017780	2	77	5	1	0	0	76180	152	110	14480	167000	18000	1448	536	364000	40000	135	0	0	0	0	0
86.017842	1	77	77	0	18889	5911	12978	14347
87.113798	2	78	5	1	0	0	77276	153	110	14480	167000	18000	1448	536	364000	40000	135	0	0	0	0	0
87.113858	1	78	78	0	18889	5911	12978	14347
88.053079	2	79	5	1	0	0	78216	153	110	14480	166500	17000	1448	536	364000	40000	135	0	0	0	0	0
88.053141	1	79	79	0	18889	5911	12978	14347
89.148955	2	80	5	1	0	0	79312	154	110	14480	167000	17000	1448	536	364000	40000	135	0	0	0	0	0
89.149017	1	80	80	0	18889	5911	12978	14347
90.088331	2	81	5	1	0	0	80252	154	110	14480	167000	18000	1448	536	364000	40000	135	0	0	0	0	0
90.088393	1	81	81	0	18889	5911	12978	14347
91.027501	2	82	5	1	0	0	81192	155	110	14480	167000	18000	1448	536	364000	40000	135	0	0	0	0	0
91.027561	1	82	82	0	18889	5911	12978	14347
92.123548	2	83	5	1	0	0	82288	155	110	14480	167500	17000	1448	536	364000	40000	135	0	0	0	0	0
92.123609	1	83	83	0	18889	5911	12978	14347
93.062900	2	84	5	1	0	0	83228	156	110	14480	167500	17000	1448	536	364000	40000	135	0	0	0	0	0
93.062962	1	84	84	0	18889	5911	12978	14347
94.002313	2	85	5	1	0	0	84168	156	110	14480	168000	16000	1448	536	368000	40000	135	0	0	0	0	0
94.002375	1	85	85	0	18889	5911	12978	14347
95.098162	2	86	5	1	0	0	85264	157	110	14480	167500	17000	1448	536	364000	40000	135	0	0	0	0	0
95.098224	1	86	86	0	18889	5911	12978	14347
96.037513	2	87	5	1	0	0	86200	157	110	14480	167000	18000	1448	536	364000	40000	135	0	0	0	0	0
96.037573	1	87	87	0	18889	5911	12978	14347
97.133429	2	88	5	1	0	0	87296	158	110	14480	167000	18000	1448	536	364000	40000	135	0	0	0	0	0
97.133491	1	88	88	0	18889	5911	12978	14347
98.072761	2	89	5	1	0	0	88236	158	110	14480	167000	18000	1448	536	364000	40000	135	0	0	0	0	0
98.072823	1	89	89	0	18889	5911	12978	14347
99.011986	2	90	5	1	0	0	89176	158	110	14480	167000	18000	1448	536	364000	40000	135	0	0	0	0	0
99.012047	1	90	90	0	18889	5911	12978	14347
100.107910	2	91	5	1	0	0	90272	159	110	14480	167000	18000	1448	536	364000	40000	135	0	0	0	0	0
100.107972	1	91	91	0	18889	5911	12978	14347
101.047268	2	92	5	1	0	0	91212	159	110	14480	167500	17000	1448	536	364000	40000	135	0	0	0	0	0
101.047331	1	92	92	0	18889	5911	12978	14347
102.143177	2	93	5	1	0	0	92308	160	110	14480	172500	17000	1448	536	372000	40000	135	0	0	0	0	0
102.143238	1	93	93	0	18889	5911	12978	14347
103.082478	2	94	5	1	0	0	93248	160	110	14480	172500	16000	1448	536	372000	40000	135	0	0	0	0	0
103.082541	1	94	94	0	18889	5911	12978	14347
104.052227	2	95	5	1	0	0	94216	161	110	14480	184500	7000	1448	536	384000	40000	161	0	0	0	0	0
104.052290	1	95	95	0	18889	5911	12978	14347
105.150156	2	96	5	1	0	0	95316	162	110	14480	185000	8000	1448	536	384000	40000	162	0	0	0	0	0
105.150218	1	96	96	0	18889	5911	12978	14347
106.090154	2	97	5	1	0	0	96256	162	110	14480	184500	7000	1448	536	384000	40000	162	0	0	0	0	0
106.090214	1	97	97	0	18889	5911	12978	14347
107.031325	2	98	5	1	0	0	97196	163	110	14480	185500	7000	1448	536	384000	40000	163	0	0	0	0	0
107.031387	1	98	98	0	18889	5911	12978	14347
108.129176	2	99	5	1	0	0	98292	164	110	14480	184500	7000	1448	536	384000	40000	164	0	0	0	0	0
108.129238	1	99	99	0	18889	5911	12978	14347
109.069246	2	100	5	1	0	0	99232	164	110	14480	184500	10000	1448	536	384000	40000	164	0	0	0	0	0
109.069308	1	100	100	0	18889	5911	12978	14347
110.010251	2	101	5	1	0	0	100176	165	110	14480	185000	11000	1448	536	384000	40000	165	0	0	0	0	0
110.010313	1	101	101	0	18889	5911	12978	14347
111.108180	2	102	5	1	0	0	101272	166	110	14480	185000	12000	1448	536	384000	40000	166	0	0	0	0	0
111.108239	1	102	102	0	18889	5911	12978	14347
112.048313	2	103	5	1	0	0	102212	167	110	14480	185000	12000	1448	536	384000	40000	167	0	0	0	0	0
112.048375	1	103	103	0	18889	5911	12978	14347
113.146066	2	104	5	1	0	4	103312	167	110	14480	185000	13000	1448	536	384000	40000	167	0	0	0	0	0
113.146128	1	104	104	0	18889	5911	12978	14347
114.087247	2	105	5	1	0	0	104252	168	110	14480	185500	16000	1448	536	384000	40000	168	0	0	0	0	0
114.087308	1	105	105	0	18889	5911	12978	14347
115.027026	2	106	5	1	0	0	105192	169	110	14480	181000	17000	1448	536	380000	40000	169	0	0	0	0	0
115.027105	1	106	106	0	18889	5911	12978	14347
116.125159	2	107	5	1	0	0	106288	169	110	14480	185500	16000	1448	536	384000	40000	169	0	0	0	0	0
116.125221	1	107	107	0	18889	5911	12978	14347
117.066259	2	108	5	1	0	0	107232	170	110	14480	186000	17000	1448	536	384000	40000	170	0	0	0	0	0
117.066322	1	108	108	0	18889	5911	12978	14347
118.006278	2	109	5	1	0	0	108172	171	110	14480	186000	17000	1448	536	384000	40000	171	0	0	0	0	0
118.006341	1	109	109	0	18889	5911	12978	14347
119.104094	2	110	5	1	0	0	109268	171	110	14480	186000	19000	1448	536	384000	40000	171	0	0	0	0	0
119.104157	1	110	110	0	18889	5911	12978	14347
120.045275	2	111	5	1	0	0	110208	172	110	14480	186000	19000	1448	536	384000	40000	172	0	0	0	0	0
120.045336	1	111	111	0	18889	5911	12978	14347
121.195374	2	112	5	1	0	0	111360	173	110	14480	186000	19000	1448	536	384000	40000	173	0	0	0	0	0
121.195435	1	112	112	0	18889	5911	12978	14347
122.187488	2	113	5	1	0	0	112352	173	110	14480	183500	20000	1448	536	380000	40000	173	0	0	0	0	0
122.187551	1	113	113	0	18889	5911	12978	14347
123.024094	2	114	5	1	0	0	113188	174	110	14480	184000	22000	1448	536	384000	40000	174	0	0	0	0	0
123.024173	1	114	114	0	18889	5911	12978	14347
124.013778	2	115	5	1	0	0	114176	174	110	14480	187500	15000	1448	536	384000	40000	173	0	0	0	0	0
124.013839	1	115	115	0	18889	5911	12978	14347
125.008383	2	116	5	1	0	0	115172	175	110	14480	186000	19000	1448	536	384000	40000	174	0	0	0	0	0
125.008485	1	116	116	0	18889	5911	12978	14347
126.111821	2	117	5	1	0	0	116276	176	110	14480	177000	22000	1448	536	376000	40000	135	0	0	0	0	0
126.111882	1	117	117	0	18889	5911	12978	14347
127.002111	2	118	5	1	0	4	117168	176	110	14480	185500	16000	1448	536	384000	40000	142	0	0	0	0	0
127.002172	1	118	118	0	18889	5911	12978	14347
128.193539	2	119	5	1	0	0	118356	177	110	14480	183500	20000	1448	536	380000	40000	174	0	0	0	0	0
128.193602	1	119	119	0	18889	5911	12978	14347
129.185558	2	120	5	1	0	0	119348	178	110	14480	182000	17000	1448	536	380000	40000	174	0	0	0	0	0
129.185620	1	120	120	0	18889	5911	12978	14347
130.020913	2	121	5	1	0	0	120184	178	110	14480	182000	19000	1448	536	380000	40000	174	0	0	0	0	0
130.020972	1	121	121	0	18889	5911	12978	14347
131.065017	2	122	5	1	0	0	121228	179	110	14480	182000	20000	1448	536	380000	40000	174	0	0	0	0	0
131.065080	1	122	122	0	18889	5911	12978	14347
132.109255	2	123	5	1	0	0	122272	179	110	14480	181000	21000	1448	536	380000	40000	174	0	0	0	0	0
132.109315	1	123	123	0	18889	5911	12978	14347
132.736861	3	1	5	10.1.1.1	55028	htdocs/file.txt
