protocol: 5
domain: sample_tinyhttpd_3
start-time: 1424599496
sender-id: 2
app-name: tinyhttpd
schema: 0 _experiment_metadata subject:string key:string value:string 
schema: 1 _client_instrumentation measurements_injected:uint32 measurements_dropped:uint32 bytes_allocated:uint64 bytes_freed:uint64 bytes_in_use:uint64 bytes_max:uint64 
schema: 2 tinyhttpd_tcp socket:int32 state:int32 ca_state:int32 last_data_sent:int32 last_data_recv:int32 snd_cwnd:int32 snd_ssthresh:int32 rcv_ssthresh:int32 rtt:int32 rttvar:int32 snd_mss:int32 rcv_mss:int32 rto:int32 ato:int32 unacked:int32 sacked:int32 lost:int32 retrans:int32 fackets:int32 total_retrans:int32 
schema: 3 tinyhttpd_peer socket:int32 ip:string port:int32 file:string 
content: text

4.120360	2	1	5	1	0	0	1064	83	110	14480	78000	12000	1448	536	276000	40000	83	0	0	0	0	0
4.120779	1	1	1	0	18883	5907	12976	14345
5.030261	2	2	5	1	0	0	1976	111	110	14480	116500	13000	1448	536	316000	40000	90	0	0	0	0	0
5.030321	1	2	2	0	18883	5907	12976	14345
6.129034	2	3	5	1	0	0	3072	111	110	14480	116500	11000	1448	536	316000	40000	90	0	0	0	0	0
6.129095	1	3	3	0	18883	5907	12976	14345
7.069148	2	4	5	1	0	0	4012	111	110	14480	116500	11000	1448	536	316000	40000	90	0	0	0	0	0
7.069208	1	4	4	0	18883	5907	12976	14345
8.010264	2	5	5	1	0	0	4956	112	110	14480	117000	11000	1448	536	316000	40000	90	0	0	0	0	0
8.010323	1	5	5	0	18883	5907	12976	14345
9.106546	2	6	5	1	0	0	6052	112	110	14480	120500	16000	1448	536	320000	40000	90	0	0	0	0	0
9.106606	1	6	6	0	18883	5907	12976	14345
10.046267	2	7	5	1	0	0	6992	112	110	14480	121500	16000	1448	536	320000	40000	90	0	0	0	0	0
10.046328	1	7	7	0	18883	5907	12976	14345
11.142408	2	8	5	1	0	0	8088	112	110	14480	121500	16000	1448	536	320000	40000	90	0	0	0	0	0
11.142491	1	8	8	0	18883	5907	12976	14345
12.082124	2	9	5	1	0	0	9028	112	110	14480	121500	16000	1448	536	320000	40000	90	0	0	0	0	0
12.082197	1	9	9	0	18883	5907	12976	14345
13.022565	2	10	5	1	0	0	9968	113	110	14480	121500	16000	1448	536	320000	40000	113	0	0	0	0	0
13.022637	1	10	10	0	18883	5907	12976	14345
14.118533	2	11	5	1	0	0	11064	113	110	14480	121500	16000	1448	536	320000	40000	113	0	0	0	0	0
14.118595	1	11	11	0	18883	5907	12976	14345
15.057746	2	12	5	1	0	0	12000	113	110	14480	121000	14000	1448	536	320000	40000	113	0	0	0	0	0
15.057818	1	12	12	0	18883	5907	12976	14345
16.006112	2	13	5	1	0	12	12952	113	110	14480	121500	14000	1448	536	320000	40000	113	0	0	0	0	0
16.006184	1	13	13	0	18883	5907	12976	14345
17.094083	2	14	5	1	0	4	14040	114	110	14480	122000	15000	1448	536	320000	40000	114	0	0	0	0	0
17.094154	1	14	14	0	18883	5907	12976	14345
18.033407	2	15	5	1	0	0	14976	114	110	14480	121500	16000	1448	536	320000	40000	114	0	0	0	0	0
18.033476	1	15	15	0	18883	5907	12976	14345
19.129283	2	16	5	1	0	0	16072	114	110	14480	121500	16000	1448	536	320000	40000	114	0	0	0	0	0
19.129344	1	16	16	0	18883	5907	12976	14345
20.068393	2	17	5	1	0	0	17012	114	110	14480	121500	16000	1448	536	320000	40000	114	0	0	0	0	0
20.068474	1	17	17	0	18883	5907	12976	14345
21.007940	2	18	5	1	0	0	17952	114	110	14480	121500	16000	1448	536	320000	40000	114	0	0	0	0	0
21.008002	1	18	18	0	18883	5907	12976	14345
22.104894	2	19	5	1	0	0	19048	115	110	14480	121500	16000	1448	536	320000	40000	115	0	0	0	0	0
22.104955	1	19	19	0	18883	5907	12976	14345
23.044195	2	20	5	1	0	0	19988	115	110	14480	121500	16000	1448	536	320000	40000	115	0	0	0	0	0
23.044253	1	20	20	0	18883	5907	12976	14345
24.140170	2	21	5	1	0	0	21084	115	110	14480	121500	16000	1448	536	320000	40000	115	0	0	0	0	0
24.140232	1	21	21	0	18883	5907	12976	14345
25.079471	2	22	5	1	0	0	22024	115	110	14480	121500	15000	1448	536	320000	40000	115	0	0	0	0	0
25.079531	1	22	22	0	18883	5907	12976	14345
26.020091	2	23	5	1	0	0	22964	116	110	14480	121500	17000	1448	536	320000	40000	116	0	0	0	0	0
26.020153	1	23	23	0	18883	5907	12976	14345
27.115781	2	24	5	1	0	0	24060	116	110	14480	121500	16000	1448	536	320000	40000	116	0	0	0	0	0
27.115842	1	24	24	0	18883	5907	12976	14345
28.055253	2	25	5	1	0	0	25000	116	110	14480	121500	17000	1448	536	320000	40000	116	0	0	0	0	0
28.055312	1	25	25	0	18883	5907	12976	14345
29.151030	2	26	5	1	0	0	26096	116	110	14480	121500	17000	1448	536	320000	40000	116	0	0	0	0	0
29.151150	1	26	26	0	18883	5907	12976	14345
30.090271	2	27	5	1	0	0	27036	116	110	14480	122000	17000	1448	536	320000	40000	116	0	0	0	0	0
30.090331	1	27	27	0	18883	5907	12976	14345
31.030742	2	28	5	1	0	0	27976	117	110	14480	121500	17000	1448	536	320000	40000	117	0	0	0	0	0
31.030804	1	28	28	0	18883	5907	12976	14345
32.126729	2	29	5	1	0	0	29072	117	110	14480	121500	16000	1448	536	320000	40000	117	0	0	0	0	0
32.126789	1	29	29	0	18883	5907	12976	14345
33.066024	2	30	5	1	0	0	30008	117	110	14480	121500	15000	1448	536	320000	40000	117	0	0	0	0	0
33.066080	1	30	30	0	18883	5907	12976	14345
34.005330	2	31	5	1	0	0	30948	117	110	14480	121500	16000	1448	536	320000	40000	117	0	0	0	0	0
34.005390	1	31	31	0	18883	5907	12976	14345
35.102373	2	32	5	1	0	0	32048	118	110	14480	122000	17000	1448	536	320000	40000	118	0	0	0	0	0
35.102434	1	32	32	0	18883	5907	12976	14345
36.041553	2	33	5	1	0	0	32984	118	110	14480	121500	16000	1448	536	320000	40000	118	0	0	0	0	0
36.041615	1	33	33	0	18883	5907	12976	14345
37.137458	2	34	5	1	0	0	34080	118	110	14480	121500	16000	1448	536	320000	40000	118	0	0	0	0	0
37.137520	1	34	34	0	18883	5907	12976	14345
38.076890	2	35	5	1	0	0	35020	118	110	14480	121500	16000	1448	536	320000	40000	118	0	0	0	0	0
38.076953	1	35	35	0	18883	5907	12976	14345
39.016136	2	36	5	1	0	0	35960	118	110	14480	121500	16000	1448	536	320000	40000	118	0	0	0	0	0
39.016196	1	36	36	0	18883	5907	12976	14345
40.113204	2	37	5	1	0	0	37056	119	110	14480	121500	16000	1448	536	320000	40000	119	0	0	0	0	0
40.113266	1	37	37	0	18883	5907	12976	14345
41.052421	2	38	5	1	0	0	37996	119	110	14480	122000	16000	1448	536	320000	40000	119	0	0	0	0	0
41.052484	1	38	38	0	18883	5907	12976	14345
42.148417	2	39	5	1	0	0	39092	119	110	14480	122000	16000	1448	536	320000	40000	119	0	0	0	0	0
42.148479	1	39	39	0	18883	5907	12976	14345
43.087540	2	40	5	1	0	0	40032	119	110	14480	121500	16000	1448	536	320000	40000	119	0	0	0	0	0
43.087599	1	40	40	0	18883	5907	12976	14345
44.027023	2	41	5	1	0	0	40972	119	110	14480	121500	17000	1448	536	320000	40000	119	0	0	0	0	0
44.027086	1	41	41	0	18883	5907	12976	14345
45.123992	2	42	5	1	0	0	42068	120	110	14480	121500	16000	1448	536	320000	40000	120	0	0	0	0	0
45.124053	1	42	42	0	18883	5907	12976	14345
46.063334	2	43	5	1	0	0	43008	120	110	14480	121500	16000	1448	536	320000	40000	120	0	0	0	0	0
46.063396	1	43	43	0	18883	5907	12976	14345
47.002503	2	44	5	1	0	0	43948	120	110	14480	122000	17000	1448	536	320000	40000	120	0	0	0	0	0
47.002566	1	44	44	0	18883	5907	12976	14345
48.098464	2	45	5	1	0	0	45044	120	110	14480	122000	17000	1448	536	320000	40000	120	0	0	0	0	0
48.098525	1	45	45	0	18883	5907	12976	14345
49.037767	2	46	5	1	0	0	45980	121	110	14480	121500	16000	1448	536	320000	40000	121	0	0	0	0	0
49.037829	1	46	46	0	18883	5907	12976	14345
50.134758	2	47	5	1	0	0	47080	121	110	14480	122500	17000	1448	536	320000	40000	121	0	0	0	0	0
50.134821	1	47	47	0	18883	5907	12976	14345
51.073929	2	48	5	1	0	0	48016	121	110	14480	121500	16000	1448	536	320000	40000	121	0	0	0	0	0
51.073989	1	48	48	0	18883	5907	12976	14345
52.013342	2	49	5	1	0	0	48956	121	110	14480	121000	16000	1448	536	320000	40000	121	0	0	0	0	0
52.013403	1	49	49	0	18883	5907	12976	14345
53.109201	2	50	5	1	0	0	50052	121	110	14480	121500	16000	1448	536	320000	40000	121	0	0	0	0	0
53.109261	1	50	50	0	18883	5907	12976	14345
54.049774	2	51	5	1	0	0	50992	122	110	14480	121500	16000	1448	536	320000	40000	122	0	0	0	0	0
54.049836	1	51	51	0	18883	5907	12976	14345
55.145451	2	52	5	1	0	0	52088	122	110	14480	121500	16000	1448	536	320000	40000	122	0	0	0	0	0
55.145513	1	52	52	0	18883	5907	12976	14345
56.084927	2	53	5	1	0	0	53028	122	110	14480	121500	16000	1448	536	320000	40000	122	0	0	0	0	0
56.084989	1	53	53	0	18883	5907	12976	14345
57.024075	2	54	5	1	0	0	53968	122	110	14480	121500	16000	1448	536	320000	40000	122	0	0	0	0	0
57.024135	1	54	54	0	18883	5907	12976	14345
58.120136	2	55	5	1	0	0	55064	122	110	14480	121500	16000	1448	536	320000	40000	122	0	0	0	0	0
58.120195	1	55	55	0	18883	5907	12976	14345
59.060528	2	56	5	1	0	0	56004	123	110	14480	122500	17000	1448	536	320000	40000	123	0	0	0	0	0
59.060637	1	56	56	0	18883	5907	12976	14345
60.006112	2	57	5	1	0	8	56952	123	110	14480	121500	16000	1448	536	320000	40000	123	0	0	0	0	0
60.006172	1	57	57	0	18883	5907	12976	14345
61.095699	2	58	5	1	0	0	58040	123	110	14480	121500	16000	1448	536	320000	40000	123	0	0	0	0	0
61.095762	1	58	58	0	18883	5907	12976	14345
62.035088	2	59	5	1	0	0	58980	123	110	14480	121500	17000	1448	536	320000	40000	123	0	0	0	0	0
62.035150	1	59	59	0	18883	5907	12976	14345
63.130821	2	60	5	1	0	0	60076	123	110	14480	121500	17000	1448	536	320000	40000	123	0	0	0	0	0
63.130881	1	60	60	0	18883	5907	12976	14345
64.071209	2	61	5	1	0	0	61016	124	110	14480	121500	17000	1448	536	320000	40000	124	0	0	0	0	0
64.071270	1	61	61	0	18883	5907	12976	14345
65.010738	2	62	5	1	0	0	61956	124	110	14480	122000	17000	1448	536	320000	40000	124	0	0	0	0	0
65.010799	1	62	62	0	18883	5907	12976	14345
66.106432	2	63	5	1	0	0	63052	124	110	14480	122500	17000	1448	536	320000	40000	124	0	0	0	0	0
66.106495	1	63	63	0	18883	5907	12976	14345
67.045891	2	64	5	1	0	0	63988	124	110	14480	122000	15000	1448	536	320000	40000	124	0	0	0	0	0
67.045953	1	64	64	0	18883	5907	12976	14345
68.141711	2	65	5	1	0	0	65084	124	110	14480	122500	16000	1448	536	320000	40000	124	0	0	0	0	0
68.141771	1	65	65	0	18883	5907	12976	14345
69.082052	2	66	5	1	0	0	66024	125	110	14480	121500	16000	1448	536	320000	40000	125	0	0	0	0	0
69.082114	1	66	66	0	18883	5907	12976	14345
70.021409	2	67	5	1	0	0	66964	125	110	14480	121500	16000	1448	536	320000	40000	125	0	0	0	0	0
70.021469	1	67	67	0	18883	5907	12976	14345
71.117332	2	68	5	1	0	0	68060	125	110	14480	121500	16000	1448	536	320000	40000	125	0	0	0	0	0
71.117394	1	68	68	0	18883	5907	12976	14345
72.056597	2	69	5	1	0	0	69000	125	110	14480	121500	16000	1448	536	320000	40000	125	0	0	0	0	0
72.056659	1	69	69	0	18883	5907	12976	14345
73.152452	2	70	5	1	0	0	70096	125	110	14480	121500	16000	1448	536	320000	40000	125	0	0	0	0	0
73.152513	1	70	70	0	18883	5907	12976	14345
74.093002	2	71	5	1	0	0	71036	126	110	14480	121500	17000	1448	536	320000	40000	126	0	0	0	0	0
74.093063	1	71	71	0	18883	5907	12976	14345
75.032258	2	72	5	1	0	0	71976	126	110	14480	122000	17000	1448	536	320000	40000	126	0	0	0	0	0
75.032329	1	72	72	0	18883	5907	12976	14345
76.128015	2	73	5	1	0	0	73072	126	110	14480	122500	18000	1448	536	320000	40000	126	0	0	0	0	0
76.128086	1	73	73	0	18883	5907	12976	14345
77.067444	2	74	5	1	0	0	74012	126	110	14480	121500	20000	1448	536	320000	40000	126	0	0	0	0	0
77.067518	1	74	74	0	18883	5907	12976	14345
78.006816	2	75	5	1	0	0	74952	126	110	14480	121500	19000	1448	536	320000	40000	126	0	0	0	0	0
78.006889	1	75	75	0	18883	5907	12976	14345
79.006116	2	76	5	1	0	8	75952	127	110	14480	128500	21000	1448	536	328000	40000	127	0	0	0	0	0
79.006188	1	76	76	0	18883	5907	12976	14345
80.096076	2	77	5	1	0	0	77040	127	110	14480	134000	20000	1448	536	332000	40000	127	0	0	0	0	0
80.096151	1	77	77	0	18883	5907	12976	14345
81.088238	2	78	5	1	0	0	78032	127	110	14480	134000	20000	1448	536	332000	40000	127	0	0	0	0	0
81.088314	1	78	78	0	18883	5907	12976	14345
82.081586	2	79	5	1	0	0	79024	128	110	14480	134000	20000	1448	536	332000	40000	128	0	0	0	0	0
82.081660	1	79	79	0	18883	5907	12976	14345
83.073841	2	80	5	1	0	0	80016	128	110	14480	134000	20000	1448	536	332000	40000	128	0	0	0	0	0
83.073911	1	80	80	0	18883	5907	12976	14345
84.066080	2	81	5	1	0	4	81012	128	110	14480	134000	20000	1448	536	332000	40000	128	0	0	0	0	0
84.066152	1	81	81	0	18883	5907	12976	14345
85.058240	2	82	5	1	0	0	82004	128	110	14480	134500	20000	1448	536	332000	40000	128	0	0	0	0	0
85.058303	1	82	82	0	18883	5907	12976	14345
86.044731	2	83	5	1	0	0	82988	129	110	14480	138000	17000	1448	536	336000	40000	129	0	0	0	0	0
86.044793	1	83	83	0	18883	5907	12976	14345
87.200475	2	84	5	1	0	0	84144	129	110	14480	134000	19000	1448	536	332000	40000	129	0	0	0	0	0
87.200536	1	84	84	0	18883	5907	12976	14345
88.140489	2	85	5	1	0	0	85084	129	110	14480	136000	16000	1448	536	336000	40000	129	0	0	0	0	0
88.140551	1	85	85	0	18883	5907	12976	14345
89.075904	2	86	5	1	0	0	86020	130	110	14480	138000	17000	1448	536	336000	40000	130	0	0	0	0	0
89.075966	1	86	86	0	18883	5907	12976	14345
90.015833	2	87	5	1	0	0	86960	130	110	14480	138000	17000	1448	536	336000	40000	130	0	0	0	0	0
90.015896	1	87	87	0	18883	5907	12976	14345
91.071888	2	88	5	1	0	0	88016	130	110	14480	134000	18000	1448	536	332000	40000	95	0	0	0	0	0
91.071951	1	88	88	0	18883	5907	12976	14345
92.011841	2	89	5	1	0	0	88956	131	110	14480	134000	18000	1448	536	332000	40000	95	0	0	0	0	0
92.011903	1	89	89	0	18883	5907	12976	14345
93.056324	2	90	5	1	0	0	90000	131	110	14480	133000	20000	1448	536	332000	40000	94	0	0	0	0	0
93.056383	1	90	90	0	18883	5907	12976	14345
94.100716	2	91	5	1	0	0	91044	131	110	14480	132500	20000	1448	536	332000	40000	94	0	0	0	0	0
94.100776	1	91	91	0	18883	5907	12976	14345
95.093104	2	92	5	1	0	0	92036	131	110	14480	132500	20000	1448	536	332000	40000	94	0	0	0	0	0
95.093167	1	92	92	0	18883	5907	12976	14345
96.182806	2	93	5	1	0	0	93128	132	110	14480	139500	19000	1448	536	336000	40000	132	0	0	0	0	0
96.182881	1	93	93	0	18883	5907	12976	14345
97.174788	2	94	5	1	0	0	94120	132	110	14480	140500	19000	1448	536	340000	40000	132	0	0	0	0	0
97.174849	1	94	94	0	18883	5907	12976	14345
98.114908	2	95	5	1	0	0	95060	132	110	14480	138500	19000	1448	536	336000	40000	132	0	0	0	0	0
98.114968	1	95	95	0	18883	5907	12976	14345
99.054945	2	96	5	1	0	0	96000	133	110	14480	139000	20000	1448	536	336000	40000	133	0	0	0	0	0
99.055006	1	96	96	0	18883	5907	12976	14345
100.106377	2	97	5	1	0	0	97052	133	110	14480	140000	21000	1448	536	340000	40000	94	0	0	0	0	0
100.106449	1	97	97	0	18883	5907	12976	14345
101.196056	2	98	5	1	0	0	98140	133	110	14480	142000	17000	1448	536	340000	40000	133	0	0	0	0	0
101.196120	1	98	98	0	18883	5907	12976	14345
102.083752	2	99	5	1	0	0	99028	133	110	14480	141500	17000	1448	536	340000	40000	133	0	0	0	0	0
102.083815	1	99	99	0	18883	5907	12976	14345
103.073402	2	100	5	1	0	0	100016	134	110	14480	135000	18000	1448	536	332000	40000	134	0	0	0	0	0
103.073462	1	100	100	0	18883	5907	12976	14345
104.126384	2	101	5	1	0	0	101072	134	110	14480	129500	25000	1448	536	328000	40000	97	0	0	0	0	0
104.126445	1	101	101	0	18883	5907	12976	14345
105.065664	2	102	5	1	0	0	102008	134	110	14480	128000	24000	1448	536	328000	40000	95	0	0	0	0	0
105.065726	1	102	102	0	18883	5907	12976	14345
106.004964	2	103	5	1	0	0	102948	134	110	14480	128500	26000	1448	536	328000	40000	93	0	0	0	0	0
106.005025	1	103	103	0	18883	5907	12976	14345
107.152849	2	104	5	1	0	0	104096	134	110	14480	126000	25000	1448	536	324000	40000	91	0	0	0	0	0
107.152912	1	104	104	0	18883	5907	12976	14345
108.092420	2	105	5	1	0	52	105036	135	110	14480	140000	22000	1448	536	340000	40000	96	0	0	0	0	0
108.092482	1	105	105	0	18883	5907	12976	14345
109.031652	2	106	5	1	0	52	105976	135	110	14480	155000	5000	1448	536	352000	40000	96	0	0	0	0	0
109.031714	1	106	106	0	18883	5907	12976	14345
110.127392	2	107	5	1	0	52	107072	135	110	14480	155000	3000	1448	536	352000	40000	96	0	0	0	0	0
110.127452	1	107	107	0	18883	5907	12976	14345
111.066736	2	108	5	1	0	52	108012	135	110	14480	156000	4000	1448	536	356000	40000	96	0	0	0	0	0
111.066796	1	108	108	0	18883	5907	12976	14345
112.006017	2	109	5	1	0	52	108948	135	110	14480	155000	3000	1448	536	352000	40000	96	0	0	0	0	0
112.006079	1	109	109	0	18883	5907	12976	14345
113.102024	2	110	5	1	0	52	110044	135	110	14480	155000	3000	1448	536	352000	40000	96	0	0	0	0	0
113.102084	1	110	110	0	18883	5907	12976	14345
114.041333	2	111	5	1	0	0	110984	136	110	14480	157500	3000	1448	536	356000	40000	136	0	0	0	0	0
114.041395	1	111	111	0	18883	5907	12976	14345
115.137224	2	112	5	1	0	0	112080	136	110	14480	169000	20000	1448	536	368000	40000	135	0	0	0	0	0
115.137286	1	112	112	0	18883	5907	12976	14345
116.076477	2	113	5	1	0	0	113020	136	110	14480	171500	22000	1448	536	368000	40000	135	0	0	0	0	0
116.076539	1	113	113	0	18883	5907	12976	14345
117.015503	2	114	5	1	0	0	113960	136	110	14480	171500	21000	1448	536	368000	40000	135	0	0	0	0	0
117.015564	1	114	114	0	18883	5907	12976	14345
118.111694	2	115	5	1	0	0	115056	136	110	14480	171500	21000	1448	536	368000	40000	135	0	0	0	0	0
118.111756	1	115	115	0	18883	5907	12976	14345
119.050977	2	116	5	1	0	0	115996	136	110	14480	172000	22000	1448	536	372000	40000	135	0	0	0	0	0
119.051088	1	116	116	0	18883	5907	12976	14345
120.146847	2	117	5	1	0	0	117092	137	110	14480	172000	22000	1448	536	372000	40000	135	0	0	0	0	0
120.146910	1	117	117	0	18883	5907	12976	14345
121.086230	2	118	5	1	0	0	118032	137	110	14480	167500	17000	1448	536	364000	40000	135	0	0	0	0	0
121.086293	1	118	118	0	18883	5907	12976	14345
122.025506	2	119	5	1	0	0	118968	137	110	14480	166500	17000	1448	536	364000	40000	135	0	0	0	0	0
122.025572	1	119	119	0	18883	5907	12976	14345
123.121422	2	120	5	1	0	0	120064	137	110	14480	167000	18000	1448	536	364000	40000	135	0	0	0	0	0
123.121484	1	120	120	0	18883	5907	12976	14345
124.060694	2	121	5	1	0	0	121004	137	110	14480	167500	17000	1448	536	364000	40000	135	0	0	0	0	0
124.060756	1	121	121	0	18883	5907	12976	14345
125.006117	2	122	5	1	0	0	121952	137	110	14480	167000	18000	1448	536	364000	40000	137	0	0	0	0	0
125.006181	1	122	122	0	18883	5907	12976	14345
125.791139	3	1	5	10.1.1.1	55034	htdocs/file.txt
