03:59:09.752 16  switches: flows/sec:  2078  1625  1625  1575  1527  1550  1525  1924  1876  1874  1849  1382  1357  1403  1193  1353   total = 2.571552 per ms 
03:59:19.853 16  switches: flows/sec:  1798  1798  1798  1797  1799  1798  1798  1822  1797  1798  1823  1799  1799  1799  1799  1799   total = 2.881748 per ms 
03:59:29.954 16  switches: flows/sec:  1722  1723  1699  1724  1723  1699  1699  1723  1724  1699  1722  1723  1722  1723  1723  1720   total = 2.746729 per ms 
03:59:40.055 16  switches: flows/sec:  1774  1773  1796  1797  1773  1798  1798  1773  1797  1775  1773  1797  1773  1797  1797  1798   total = 2.858804 per ms 
03:59:50.155 16  switches: flows/sec:  1773  1773  1772  1773  1773  1772  1772  1773  1773  1772  1773  1773  1773  1797  1773  1774   total = 2.838834 per ms 
04:00:00.255 16  switches: flows/sec:  1748  1748  1748  1771  1771  1748  1748  1749  1750  1749  1749  1773  1749  1749  1748  1749   total = 2.804680 per ms 
04:00:10.364 16  switches: flows/sec:  1723  1724  1724  1749  1748  1725  1724  1746  1747  1723  1747  1747  1723  1724  1748  1725   total = 2.772258 per ms 
04:00:20.465 16  switches: flows/sec:  1699  1722  1698  1698  1696  1698  1698  1722  1698  1698  1702  1697  1698  1698  1698  1698   total = 2.721738 per ms 
04:00:30.565 16  switches: flows/sec:  1743  1721  1747  1723  1723  1723  1700  1722  1723  1724  1724  1724  1748  1724  1724  1724   total = 2.761671 per ms 
04:00:40.666 16  switches: flows/sec:  1698  1699  1698  1674  1692  1698  1698  1676  1674  1698  1699  1673  1698  1673  1673  1673   total = 2.699398 per ms 
RESULT: 16 switches 9 tests min/max/avg/stdev = 2699.40/2881.75/2787.32/59.20 responses/s
