18:20:05.159 16  switches: flows/sec:  2085  2299  2315  2253  2347  2293  2141  2173  2029  2423  2151  2067  2125  2659  1847  1939   total = 3.502011 per ms 
18:20:15.261 16  switches: flows/sec:  1448  1364  1438  814  1256  816  1174  888  1426  1284  1214  1308  832  1226  1146  1210   total = 1.884254 per ms 
18:20:25.361 16  switches: flows/sec:  1176  1246  1200  1430  1164  1054  1302  928  1150  1157  1374  1090  1080  1262  1232  1310   total = 1.915484 per ms 
18:20:35.468 16  switches: flows/sec:  696  1678  1042  660  1070  1260  944  1225  1184  1406  1264  1068  916  681  1318  1040   total = 1.744036 per ms 
18:20:45.570 16  switches: flows/sec:  590  1781  1673  624  860  1692  876  1068  814  1038  1660  856  642  626  1026  984   total = 1.680777 per ms 
18:20:55.957 16  switches: flows/sec:  1102  1118  1122  1012  942  986  936  1520  1374  1140  1092  1040  1008  1012  1274  1172   total = 1.735198 per ms 
18:21:06.059 16  switches: flows/sec:  1586  878  836  1136  1100  568  1190  962  1004  1246  927  880  1256  1758  814  954   total = 1.709266 per ms 
18:21:16.402 16  switches: flows/sec:  1828  1380  1744  1718  658  594  724  1262  1020  666  792  960  776  698  1595  1244   total = 1.724128 per ms 
18:21:26.504 16  switches: flows/sec:  1388  1130  1120  1118  1322  1038  928  1047  1314  1314  1046  888  1480  744  1006  1314   total = 1.819256 per ms 
18:21:36.804 16  switches: flows/sec:  1118  982  1340  1200  922  1356  1043  1090  1206  1058  1109  964  1380  998  1276  1184   total = 1.786994 per ms 
RESULT: 16 switches 9 tests min/max/avg/stdev = 1680.78/1915.48/1777.71/76.04 responses/s
