18:10:58.354 16  switches: flows/sec:  1903  2479  2023  2239  2295  2365  2331  2231  2497  1733  1659  2039  2239  1899  2669  1901   total = 3.449830 per ms 
18:11:08.458 16  switches: flows/sec:  1354  1298  1378  1318  1354  1466  1308  1416  1408  1464  1572  1430  1414  1504  1590  1530   total = 2.279574 per ms 
18:11:18.560 16  switches: flows/sec:  882  844  1138  1163  936  1260  788  1002  972  980  938  978  1134  1096  1039  1078   total = 1.622566 per ms 
18:11:28.998 16  switches: flows/sec:  1144  1102  1124  1062  1102  1140  1062  1146  1124  1129  1174  1124  1214  1102  1156  1164   total = 1.747948 per ms 
18:11:39.527 16  switches: flows/sec:  1154  1304  1010  1250  1260  1268  1174  1132  1136  968  1094  1046  1190  1094  968  1178   total = 1.747559 per ms 
18:11:50.048 16  switches: flows/sec:  1236  1118  674  1352  1208  1276  1288  1170  782  795  1164  1080  1518  1380  626  1572   total = 1.750391 per ms 
18:12:00.149 16  switches: flows/sec:  760  1038  1274  906  1356  804  1344  1288  718  1476  1164  934  942  1132  812  1022   total = 1.696874 per ms 
18:12:10.252 16  switches: flows/sec:  948  934  934  970  984  1022  1033  970  858  970  970  858  1060  1074  984  934   total = 1.549924 per ms 
18:12:20.356 16  switches: flows/sec:  1232  1104  1224  908  692  850  1308  1476  974  1412  1322  1034  1430  912  678  1444   total = 1.799247 per ms 
18:12:30.750 16  switches: flows/sec:  1162  1188  928  1072  1114  983  1108  1088  950  1246  1096  1146  1408  1134  1198  1102   total = 1.741115 per ms 
RESULT: 16 switches 9 tests min/max/avg/stdev = 1549.92/2279.57/1770.58/193.86 responses/s
