18:04:29.345 16  switches: flows/sec:  2949  2211  2549  2217  2289  2157  2397  2443  1997  3313  2237  1969  1897  1921  2131  2395   total = 3.706348 per ms 
18:04:39.552 16  switches: flows/sec:  944  1004  850  1326  1216  810  702  1248  1278  1406  1126  1112  1278  1080  960  974   total = 1.713304 per ms 
18:04:50.226 16  switches: flows/sec:  1560  714  606  1142  1034  1326  1380  878  1420  844  1204  1362  1350  798  1254  1252   total = 1.714016 per ms 
18:05:00.602 16  switches: flows/sec:  1106  1256  1514  1160  1170  1220  1246  982  1002  1108  1072  986  1016  1128  1101  1164   total = 1.774105 per ms 
18:05:10.705 16  switches: flows/sec:  1050  1096  1096  1096  1096  1240  1096  1054  1096  1142  1096  1039  1096  1096  1096  1096   total = 1.757746 per ms 
18:05:20.809 16  switches: flows/sec:  960  1410  1306  1198  1180  1382  1136  948  1110  1370  820  1110  966  1186  1194  1315   total = 1.858330 per ms 
18:05:30.910 16  switches: flows/sec:  844  1128  1004  942  1220  987  944  1204  868  1008  1518  1090  1102  870  832  1636   total = 1.719686 per ms 
18:05:41.583 16  switches: flows/sec:  1066  808  1066  1370  1354  1086  1686  1186  822  854  868  1490  766  1082  1640  854   total = 1.702282 per ms 
18:05:51.974 16  switches: flows/sec:  1120  1252  1094  1058  876  1184  1344  1254  1334  1294  1208  1292  836  924  962  1148   total = 1.766641 per ms 
18:06:02.077 16  switches: flows/sec:  1256  990  1056  1126  1206  1028  1178  1176  1252  802  1014  904  1022  1282  1172  1214   total = 1.767372 per ms 
RESULT: 16 switches 9 tests min/max/avg/stdev = 1702.28/1858.33/1752.61/45.62 responses/s
