01:16:33.849 32  switches: flows/sec:  1205  1095  833  751  825  1321  1005  975  1061  1369  1177  1289  1143  1027  963  1215  1267  1029  567  1383  907  1175  1267  927  1293  1315  1371  1413  1505  1233  1201  1159   total = 3.606365 per ms 
01:16:43.953 32  switches: flows/sec:  758  546  658  577  678  624  784  614  482  754  614  648  756  508  718  546  554  304  614  648  554  508  376  680  686  758  614  546  620  612  758  670   total = 1.975905 per ms 
01:16:54.056 32  switches: flows/sec:  700  444  668  742  250  742  670  532  458  463  774  322  554  492  428  460  878  912  548  322  878  250  912  532  458  652  790  944  742  734  684  394   total = 1.932493 per ms 
01:17:04.158 32  switches: flows/sec:  290  666  612  344  290  328  828  548  790  284  306  358  462  752  344  806  844  962  564  742  860  510  570  564  548  586  628  252  1166  494  1048  586   total = 1.892996 per ms 
01:17:14.973 32  switches: flows/sec:  802  566  400  580  480  480  588  756  498  400  676  727  746  408  480  478  688  298  538  746  410  476  300  802  478  660  508  834  756  606  686  550   total = 1.717249 per ms 
01:17:25.562 32  switches: flows/sec:  466  450  454  570  330  458  716  872  490  400  574  798  668  330  564  452  590  716  694  1054  820  858  500  536  608  496  592  840  596  460  746  456   total = 1.826265 per ms 
01:17:35.664 32  switches: flows/sec:  682  426  396  1054  696  700  656  692  536  648  702  574  468  646  504  482  612  1016  528  762  812  656  842  531  768  588  488  696  694  670  670  542   total = 2.073389 per ms 
01:17:46.093 32  switches: flows/sec:  500  690  608  678  638  810  668  446  508  360  584  498  554  616  592  674  566  514  552  604  618  584  678  568  594  614  512  498  464  590  532  550   total = 1.787375 per ms 
01:17:56.194 32  switches: flows/sec:  526  704  598  688  678  600  618  552  570  612  656  410  614  678  660  600  552  654  572  608  640  618  570  708  674  688  692  786  688  822  730  622   total = 2.038755 per ms 
01:18:06.569 32  switches: flows/sec:  386  386  368  728  420  386  774  368  798  816  728  420  728  816  390  390  420  368  368  368  386  752  728  798  752  368  728  816  728  798  752  390   total = 1.792946 per ms 
RESULT: 32 switches 9 tests min/max/avg/stdev = 1717.25/2073.39/1893.04/114.86 responses/s
