01:12:16.365 16  switches: flows/sec:  2555  2289  2587  1629  2549  2921  2001  2361  2167  2225  1839  1597  3315  2575  2639  2619   total = 3.786076 per ms 
01:12:26.469 16  switches: flows/sec:  1070  1044  1274  1370  1266  1142  1332  1052  1104  1114  1078  1326  1599  1378  1312  1530   total = 1.998476 per ms 
01:12:36.641 16  switches: flows/sec:  1064  1220  1252  1371  1414  1844  1296  996  1340  1104  1316  1166  1176  1422  934  1702   total = 2.047027 per ms 
01:12:46.745 16  switches: flows/sec:  1332  1376  1058  1164  1202  922  1238  1065  654  800  808  879  1214  1156  1298  1356   total = 1.751689 per ms 
01:12:57.471 16  switches: flows/sec:  1434  1012  1880  1428  1208  1104  1142  1112  990  840  980  1100  1742  1286  1462  1258   total = 1.880129 per ms 
01:13:07.576 16  switches: flows/sec:  1446  924  1058  1898  426  1494  1076  886  734  1236  834  2240  1204  1664  1290  826   total = 1.922627 per ms 
01:13:17.715 16  switches: flows/sec:  926  1030  974  1010  1404  892  582  1570  1250  898  1540  962  852  1010  1060  1172   total = 1.706718 per ms 
01:13:28.522 16  switches: flows/sec:  1068  1532  974  1416  1418  460  1156  916  1114  2043  1742  900  974  1130  1058  398   total = 1.709097 per ms 
01:13:38.995 16  switches: flows/sec:  940  836  1448  1044  1124  1550  1346  850  916  654  1278  996  1736  1222  1336  1000   total = 1.761893 per ms 
01:13:49.265 16  switches: flows/sec:  954  966  1144  1228  1208  1496  1108  1134  1128  1076  1434  1448  968  1174  1352  1446   total = 1.894281 per ms 
RESULT: 16 switches 9 tests min/max/avg/stdev = 1706.72/2047.03/1852.44/118.68 responses/s
