18:18:06.110 16  switches: flows/sec:  2267  1629  2025  1977  2309  1309  2239  1549  2481  2289  2541  2491  1785  2447  1919  1911   total = 3.316444 per ms 
18:18:16.432 16  switches: flows/sec:  1252  1228  1088  1208  1130  1176  1398  1504  1520  1475  1112  1456  1414  1442  1498  1082   total = 2.052895 per ms 
18:18:26.797 16  switches: flows/sec:  1206  1208  1154  1176  1112  1182  920  968  984  1298  1088  1124  1234  1128  1263  1146   total = 1.772237 per ms 
18:18:37.399 16  switches: flows/sec:  1300  1467  1090  1196  1208  880  1288  1248  1028  1108  1080  1298  796  936  1268  1098   total = 1.741604 per ms 
18:18:47.503 16  switches: flows/sec:  882  1590  872  1096  1408  1034  1400  1284  1540  1096  802  800  742  1538  1032  1288   total = 1.839597 per ms 
18:18:57.609 16  switches: flows/sec:  900  1124  1110  1098  1432  768  1276  1586  1284  1086  998  1030  864  1198  946  1354   total = 1.804421 per ms 
18:19:07.711 16  switches: flows/sec:  1064  908  797  1086  1408  814  996  740  938  1574  1206  1134  1036  1212  976  1120   total = 1.700648 per ms 
18:19:17.813 16  switches: flows/sec:  1068  1180  956  1350  1202  1084  1034  1050  991  1176  854  1356  1060  1038  1026  1554   total = 1.797584 per ms 
18:19:28.049 16  switches: flows/sec:  962  1102  1172  1104  1136  1230  1134  1152  1022  1186  1018  1233  1028  1093  1160  1112   total = 1.760585 per ms 
18:19:38.628 16  switches: flows/sec:  1294  1075  1174  1216  980  1308  1254  980  898  984  964  1191  786  1232  1332  1594   total = 1.742766 per ms 
RESULT: 16 switches 9 tests min/max/avg/stdev = 1700.65/2052.90/1801.37/96.85 responses/s
