03:43:47.941 16  switches: flows/sec:  2174  2064  1700  1700  1675  1650  1602  2012  1999  1507  1701  1482  1457  1407  1357  1382   total = 2.686770 per ms 
03:43:58.042 16  switches: flows/sec:  1772  1759  1773  1772  1772  1773  1773  1773  1773  1773  1748  1773  1773  1774  1774  1774   total = 2.832869 per ms 
03:44:08.142 16  switches: flows/sec:  1749  1748  1749  1749  1749  1773  1750  1774  1774  1774  1749  1773  1749  1766  1748  1772   total = 2.814553 per ms 
03:44:18.245 16  switches: flows/sec:  1725  1749  1748  1723  1725  1746  1747  1747  1747  1746  1723  1747  1723  1748  1748  1723   total = 2.780703 per ms 
03:44:28.346 16  switches: flows/sec:  1748  1746  1747  1748  1748  1748  1748  1757  1748  1747  1748  1748  1748  1747  1746  1748   total = 2.796979 per ms 
03:44:38.446 16  switches: flows/sec:  1773  1777  1798  1797  1773  1797  1797  1798  1798  1799  1774  1798  1798  1799  1799  1797   total = 2.867170 per ms 
03:44:48.547 16  switches: flows/sec:  1649  1648  1648  1649  1649  1649  1673  1673  1673  1672  1648  1648  1648  1664  1648  1648   total = 2.648640 per ms 
03:44:58.647 16  switches: flows/sec:  1648  1649  1648  1647  1648  1647  1648  1648  1648  1648  1648  1648  1649  1648  1648  1647   total = 2.636674 per ms 
03:45:08.747 16  switches: flows/sec:  1897  1897  1896  1898  1897  1898  1875  1889  1875  1873  1898  1898  1898  1874  1898  1899   total = 3.025932 per ms 
03:45:18.849 16  switches: flows/sec:  1699  1698  1699  1723  1699  1723  1723  1700  1699  1699  1699  1722  1699  1699  1698  1722   total = 2.729747 per ms 
RESULT: 16 switches 9 tests min/max/avg/stdev = 2636.67/3025.93/2792.59/111.18 responses/s
