03:57:09.084 16  switches: flows/sec:  1675  1675  1675  2671  1675  1650  2099  1625  2028  2001  1974  1924  1482  1676  1432  1432   total = 2.869280 per ms 
03:57:19.184 16  switches: flows/sec:  1873  1872  1873  1873  1865  1873  1873  1872  1873  1873  1872  1873  1872  1873  1873  1873   total = 2.995541 per ms 
03:57:29.285 16  switches: flows/sec:  1923  1898  1898  1923  1902  1923  1922  1898  1923  1923  1898  1923  1899  1923  1924  1924   total = 3.062373 per ms 
03:57:39.389 16  switches: flows/sec:  1775  1774  1774  1798  1774  1774  1774  1774  1798  1797  1774  1774  1774  1774  1774  1773   total = 2.844482 per ms 
03:57:49.489 16  switches: flows/sec:  1898  1873  1896  1898  1898  1898  1898  1881  1898  1898  1898  1897  1897  1898  1898  1898   total = 3.032165 per ms 
03:57:59.589 16  switches: flows/sec:  1847  1826  1842  1847  1848  1848  1823  1848  1847  1847  1848  1823  1848  1823  1848  1847   total = 2.945948 per ms 
03:58:09.690 16  switches: flows/sec:  1847  1848  1848  1847  1848  1847  1848  1848  1847  1836  1848  1848  1848  1848  1846  1848   total = 2.954923 per ms 
03:58:19.790 16  switches: flows/sec:  1848  1847  1848  1848  1847  1827  1848  1847  1848  1848  1847  1848  1848  1848  1848  1849   total = 2.954385 per ms 
03:58:29.891 16  switches: flows/sec:  1748  1749  1749  1748  1749  1749  1738  1749  1748  1748  1749  1749  1749  1726  1748  1747   total = 2.794212 per ms 
03:58:39.991 16  switches: flows/sec:  1798  1822  1801  1798  1798  1798  1798  1799  1798  1798  1822  1797  1821  1798  1798  1798   total = 2.884132 per ms 
RESULT: 16 switches 9 tests min/max/avg/stdev = 2794.21/3062.37/2940.91/82.00 responses/s
