03:53:08.461 16  switches: flows/sec:  1999  1910  1949  1949  1575  1951  1924  1899  1924  1475  1432  1407  1357  1536  1332  1282   total = 2.690048 per ms 
03:53:18.561 16  switches: flows/sec:  1722  1698  1699  1699  1722  1722  1713  1699  1699  1700  1699  1723  1699  1724  1723  1699   total = 2.733951 per ms 
03:53:28.661 16  switches: flows/sec:  1699  1699  1724  1724  1723  1723  1723  1723  1717  1722  1698  1722  1723  1722  1722  1723   total = 2.748696 per ms 
03:53:38.762 16  switches: flows/sec:  1773  1773  1772  1783  1773  1773  1774  1772  1773  1773  1773  1773  1772  1750  1773  1772   total = 2.835135 per ms 
03:53:48.863 16  switches: flows/sec:  1748  1748  1748  1748  1772  1772  1748  1748  1748  1771  1748  1772  1748  1748  1773  1749   total = 2.808859 per ms 
03:53:58.968 16  switches: flows/sec:  1800  1823  1799  1799  1799  1799  1799  1823  1823  1799  1800  1799  1799  1799  1798  1798   total = 2.883932 per ms 
03:54:09.069 16  switches: flows/sec:  1922  1939  1923  1923  1922  1923  1923  1924  1924  1923  1947  1923  1947  1923  1923  1923   total = 3.083129 per ms 
03:54:19.169 16  switches: flows/sec:  1873  1872  1892  1873  1873  1873  1873  1872  1872  1873  1872  1873  1872  1873  1873  1873   total = 2.998172 per ms 
03:54:29.271 16  switches: flows/sec:  1723  1724  1748  1747  1723  1723  1747  1748  1748  1746  1725  1723  1748  1747  1723  1747   total = 2.778653 per ms 
03:54:39.371 16  switches: flows/sec:  1824  1848  1847  1823  1823  1823  1823  1847  1847  1823  1847  1823  1847  1823  1823  1848   total = 2.933816 per ms 
RESULT: 16 switches 9 tests min/max/avg/stdev = 2733.95/3083.13/2867.15/111.84 responses/s
