03:40:17.190 16  switches: flows/sec:  2185  1850  1825  2199  2199  1727  1746  1700  1728  1826  1678  1678  1628  1532  1578  1528   total = 2.860688 per ms 
03:40:27.291 16  switches: flows/sec:  1773  1773  1797  1774  1773  1797  1773  1773  1797  1773  1773  1773  1797  1773  1773  1776   total = 2.846726 per ms 
03:40:37.392 16  switches: flows/sec:  1846  1823  1848  1848  1848  1848  1823  1847  1848  1824  1824  1824  1849  1849  1848  1839   total = 2.943514 per ms 
03:40:47.499 16  switches: flows/sec:  1749  1749  1749  1749  1749  1749  1749  1749  1749  1749  1748  1748  1748  1772  1748  1748   total = 2.798200 per ms 
03:40:57.600 16  switches: flows/sec:  1723  1722  1698  1698  1723  1698  1698  1723  1723  1722  1722  1698  1699  1723  1723  1698   total = 2.738968 per ms 
03:41:07.701 16  switches: flows/sec:  1698  1697  1698  1698  1698  1698  1721  1698  1698  1698  1697  1722  1699  1699  1699  1699   total = 2.721642 per ms 
03:41:17.801 16  switches: flows/sec:  1798  1800  1823  1824  1799  1824  1824  1824  1823  1801  1824  1824  1822  1798  1798  1823   total = 2.902832 per ms 
03:41:27.915 16  switches: flows/sec:  1726  1749  1748  1747  1748  1747  1748  1748  1725  1748  1748  1748  1724  1748  1748  1748   total = 2.786151 per ms 
03:41:38.015 16  switches: flows/sec:  1797  1773  1798  1798  1797  1798  1773  1797  1798  1773  1773  1773  1798  1797  1797  1774   total = 2.861295 per ms 
03:41:48.116 16  switches: flows/sec:  1722  1723  1723  1723  1723  1723  1723  1730  1723  1723  1723  1724  1724  1724  1723  1724   total = 2.757729 per ms 
RESULT: 16 switches 9 tests min/max/avg/stdev = 2721.64/2943.51/2817.45/71.66 responses/s

