03:45:41.679 16  switches: flows/sec:  1949  1926  1949  1500  1899  1626  1453  1428  1307  1503  1378  1282  1243  1278  1377  1254   total = 2.435180 per ms 
03:45:51.780 16  switches: flows/sec:  1574  1573  1593  1574  1598  1574  1574  1574  1574  1573  1574  1574  1574  1574  1574  1596   total = 2.524587 per ms 
03:46:01.880 16  switches: flows/sec:  1623  1598  1598  1623  1608  1598  1598  1622  1623  1598  1623  1598  1598  1622  1621  1623   total = 2.577397 per ms 
03:46:11.981 16  switches: flows/sec:  1597  1596  1598  1597  1599  1574  1574  1574  1598  1599  1597  1574  1574  1598  1574  1599   total = 2.541969 per ms 
03:46:22.082 16  switches: flows/sec:  1674  1649  1649  1648  1648  1648  1672  1672  1649  1648  1648  1648  1648  1649  1648  1648   total = 2.644545 per ms 
03:46:32.182 16  switches: flows/sec:  1623  1598  1609  1623  1623  1622  1623  1623  1623  1598  1623  1599  1623  1624  1623  1624   total = 2.588031 per ms 
03:46:42.283 16  switches: flows/sec:  1599  1599  1599  1599  1599  1599  1623  1605  1599  1599  1599  1599  1598  1598  1621  1598   total = 2.563248 per ms 
03:46:52.394 16  switches: flows/sec:  1623  1623  1624  1647  1624  1623  1623  1623  1623  1623  1623  1623  1623  1623  1623  1647   total = 2.598983 per ms 
03:47:02.495 16  switches: flows/sec:  1600  1599  1599  1624  1599  1599  1623  1623  1624  1599  1601  1599  1599  1623  1623  1609   total = 2.574282 per ms 
03:47:12.595 16  switches: flows/sec:  1772  1748  1748  1763  1748  1748  1772  1771  1749  1748  1750  1748  1748  1772  1748  1748   total = 2.808082 per ms 
RESULT: 16 switches 9 tests min/max/avg/stdev = 2524.59/2808.08/2602.35/79.55 responses/s
