03:55:11.050 16  switches: flows/sec:  2324  1900  1900  1875  1825  1803  1775  1725  1926  1901  1728  1632  1678  1653  1557  1557   total = 2.875884 per ms 
03:55:21.151 16  switches: flows/sec:  1847  1832  1847  1823  1823  1823  1823  1847  1847  1847  1823  1823  1847  1823  1823  1848   total = 2.934471 per ms 
03:55:31.251 16  switches: flows/sec:  1823  1823  1823  1823  1823  1823  1823  1823  1823  1823  1823  1823  1826  1825  1824  1824   total = 2.917490 per ms 
03:55:41.352 16  switches: flows/sec:  1973  1973  1973  1973  1997  1996  1973  1973  1973  1973  1997  1994  1974  1973  1973  1973   total = 3.166058 per ms 
03:55:51.452 16  switches: flows/sec:  1898  1921  1898  1922  1922  1922  1899  1899  1899  1899  1923  1922  1898  1912  1923  1898   total = 3.055372 per ms 
03:56:01.553 16  switches: flows/sec:  1726  1747  1747  1749  1749  1749  1725  1748  1759  1748  1748  1748  1748  1748  1748  1747   total = 2.793392 per ms 
03:56:11.653 16  switches: flows/sec:  1797  1774  1798  1798  1774  1798  1797  1797  1798  1797  1798  1773  1796  1797  1773  1775   total = 2.863971 per ms 
03:56:21.759 16  switches: flows/sec:  1873  1872  1872  1871  1873  1871  1873  1873  1850  1873  1871  1873  1873  1873  1873  1872   total = 2.991895 per ms 
03:56:31.860 16  switches: flows/sec:  1947  1948  1948  1948  1948  1948  1972  1947  1948  1946  1948  1925  1966  1925  1948  1948   total = 3.115903 per ms 
03:56:41.960 16  switches: flows/sec:  1898  1873  1873  1873  1897  1873  1898  1898  1873  1895  1898  1898  1899  1899  1897  1874   total = 3.021482 per ms 
RESULT: 16 switches 9 tests min/max/avg/stdev = 2793.39/3166.06/2984.45/112.90 responses/s
