03:47:51.210 16  switches: flows/sec:  2053  2049  2024  1600  1550  1525  1525  1475  1450  1450  1453  1576  1332  1308  1307  1353   total = 2.502971 per ms 
03:48:01.310 16  switches: flows/sec:  1797  1797  1798  1797  1798  1798  1797  1782  1798  1799  1799  1799  1799  1799  1798  1799   total = 2.875357 per ms 
03:48:11.411 16  switches: flows/sec:  1823  1824  1849  1824  1824  1849  1824  1824  1824  1824  1828  1823  1824  1823  1823  1847   total = 2.925623 per ms 
03:48:21.511 16  switches: flows/sec:  1873  1873  1897  1873  1898  1897  1873  1878  1897  1873  1898  1873  1897  1897  1873  1873   total = 3.014257 per ms 
03:48:31.612 16  switches: flows/sec:  1749  1772  1773  1771  1748  1773  1748  1748  1773  1773  1752  1773  1773  1773  1748  1773   total = 2.821944 per ms 
03:48:41.712 16  switches: flows/sec:  1698  1698  1721  1698  1698  1698  1698  1698  1722  1698  1698  1698  1702  1723  1699  1723   total = 2.726950 per ms 
03:48:51.813 16  switches: flows/sec:  1723  1748  1749  1748  1724  1725  1724  1724  1749  1748  1739  1749  1748  1748  1746  1748   total = 2.783962 per ms 
03:49:01.913 16  switches: flows/sec:  1799  1798  1822  1798  1814  1822  1798  1798  1822  1798  1823  1798  1822  1822  1798  1821   total = 2.895281 per ms 
03:49:12.014 16  switches: flows/sec:  1698  1698  1698  1722  1698  1698  1698  1698  1698  1711  1698  1697  1698  1698  1698  1698   total = 2.720349 per ms 
03:49:22.114 16  switches: flows/sec:  1873  1849  1848  1873  1873  1872  1873  1873  1848  1873  1872  1873  1873  1849  1874  1853   total = 2.984819 per ms 
RESULT: 16 switches 9 tests min/max/avg/stdev = 2720.35/3014.26/2860.95/99.77 responses/s
