protocol: 5
domain: reno_10Mbps_2ms
start-time: 1424601702
sender-id: 1
app-name: tinyhttpd
schema: 0 _experiment_metadata subject:string key:string value:string 
schema: 1 _client_instrumentation measurements_injected:uint32 measurements_dropped:uint32 bytes_allocated:uint64 bytes_freed:uint64 bytes_in_use:uint64 bytes_max:uint64 
schema: 2 tinyhttpd_tcp socket:int32 state:int32 ca_state:int32 last_data_sent:int32 last_data_recv:int32 snd_cwnd:int32 snd_ssthresh:int32 rcv_ssthresh:int32 rtt:int32 rttvar:int32 snd_mss:int32 rcv_mss:int32 rto:int32 ato:int32 unacked:int32 sacked:int32 lost:int32 retrans:int32 fackets:int32 total_retrans:int32 
schema: 3 tinyhttpd_peer socket:int32 ip:string port:int32 file:string 
content: text

3.043926	2	1	5	1	0	0	232	40	75	14480	36500	6000	1448	536	248000	40000	40	0	0	0	0	0
3.044528	1	1	1	0	18883	5907	12976	14345
4.023756	2	2	5	1	0	0	1212	76	75	14480	78000	14000	1448	536	288000	40000	59	0	0	0	0	0
4.023844	1	2	2	0	18883	5907	12976	14345
5.120662	2	3	5	1	0	0	2312	76	75	14480	83000	9000	1448	536	292000	40000	59	0	0	0	0	0
5.120770	1	3	3	0	18883	5907	12976	14345
6.060821	2	4	5	1	0	0	3252	77	75	14480	83500	9000	1448	536	292000	40000	58	0	0	0	0	0
6.060912	1	4	4	0	18883	5907	12976	14345
7.004599	2	5	5	1	0	4	4196	77	75	14480	84000	11000	1448	536	296000	40000	58	0	0	0	0	0
7.004690	1	5	5	0	18883	5907	12976	14345
8.097770	2	6	5	1	0	0	5288	78	75	14480	83500	9000	1448	536	292000	40000	57	0	0	0	0	0
8.097860	1	6	6	0	18883	5907	12976	14345
9.037852	2	7	5	1	0	0	6228	78	75	14480	83500	9000	1448	536	292000	40000	57	0	0	0	0	0
9.037942	1	7	7	0	18883	5907	12976	14345
10.134484	2	8	5	1	0	0	7324	79	75	14480	83000	9000	1448	536	292000	40000	56	0	0	0	0	0
10.134586	1	8	8	0	18883	5907	12976	14345
11.074755	2	9	5	1	0	0	8264	79	75	14480	84000	10000	1448	536	296000	40000	56	0	0	0	0	0
11.074848	1	9	9	0	18883	5907	12976	14345
12.014891	2	10	5	1	0	0	9204	79	75	14480	84000	10000	1448	536	296000	40000	56	0	0	0	0	0
12.014984	1	10	10	0	18883	5907	12976	14345
13.111771	2	11	5	1	0	0	10300	80	75	14480	83500	10000	1448	536	292000	40000	55	0	0	0	0	0
13.111865	1	11	11	0	18883	5907	12976	14345
14.051889	2	12	5	1	0	0	11240	80	75	14480	83500	10000	1448	536	292000	40000	55	0	0	0	0	0
14.051970	1	12	12	0	18883	5907	12976	14345
15.004598	2	13	5	1	0	4	12196	81	75	14480	92500	11000	1448	536	304000	40000	81	0	0	0	0	0
15.004694	1	13	13	0	18883	5907	12976	14345
16.088653	2	14	5	1	0	0	13280	81	75	14480	93000	13000	1448	536	304000	40000	63	0	0	0	0	0
16.088746	1	14	14	0	18883	5907	12976	14345
17.028952	2	15	5	1	0	0	14220	82	75	14480	93500	14000	1448	536	304000	40000	61	0	0	0	0	0
17.029080	1	15	15	0	18883	5907	12976	14345
18.125774	2	16	5	1	0	0	15316	82	75	14480	92500	12000	1448	536	304000	40000	61	0	0	0	0	0
18.125867	1	16	16	0	18883	5907	12976	14345
19.065900	2	17	5	1	0	0	16256	83	75	14480	93000	11000	1448	536	304000	40000	59	0	0	0	0	0
19.065990	1	17	17	0	18883	5907	12976	14345
20.005932	2	18	5	1	0	0	17196	83	75	14480	93000	11000	1448	536	304000	40000	59	0	0	0	0	0
20.006022	1	18	18	0	18883	5907	12976	14345
21.095783	2	19	5	1	0	44	18284	84	75	14480	91500	9000	1448	536	300000	40000	78	0	0	0	0	0
21.095882	1	19	19	0	18883	5907	12976	14345
22.022017	2	20	5	1	0	0	19212	84	75	14480	93500	7000	1448	536	304000	40000	84	0	0	0	0	0
22.022110	1	20	20	0	18883	5907	12976	14345
23.122609	2	21	5	1	0	0	20312	85	75	14480	91500	9000	1448	536	300000	40000	85	0	0	0	0	0
23.122703	1	21	21	0	18883	5907	12976	14345
24.062757	2	22	5	1	0	0	21252	85	75	14480	94500	8000	1448	536	304000	40000	85	0	0	0	0	0
24.062849	1	22	22	0	18883	5907	12976	14345
25.004635	2	23	5	1	0	4	22196	85	75	14480	94500	9000	1448	536	304000	40000	85	0	0	0	0	0
25.004727	1	23	23	0	18883	5907	12976	14345
26.103109	2	24	5	1	0	36	23292	86	75	14480	97000	10000	1448	536	308000	40000	74	0	0	0	0	0
26.103221	1	24	24	0	18883	5907	12976	14345
27.043819	2	25	5	1	0	36	24232	87	75	14480	96500	8000	1448	536	308000	40000	74	0	0	0	0	0
27.043915	1	25	25	0	18883	5907	12976	14345
28.085082	2	26	5	1	0	0	25276	87	75	14480	99000	8000	1448	536	308000	40000	87	0	0	0	0	0
28.085174	1	26	26	0	18883	5907	12976	14345
29.081167	2	27	5	1	0	40	26272	87	75	14480	95500	7000	1448	536	304000	40000	75	0	0	0	0	0
29.081344	1	27	27	0	18883	5907	12976	14345
30.087718	2	28	5	1	0	0	27276	88	75	14480	100500	8000	1448	536	312000	40000	88	0	0	0	0	0
30.087811	1	28	28	0	18883	5907	12976	14345
31.066337	2	29	5	1	0	40	28256	88	75	14480	99500	8000	1448	536	308000	40000	76	0	0	0	0	0
31.066429	1	29	29	0	18883	5907	12976	14345
32.020564	2	30	5	1	0	4	29212	89	75	14480	101000	4000	1448	536	312000	40000	89	0	0	0	0	0
32.020658	1	30	30	0	18883	5907	12976	14345
33.117559	2	31	5	1	0	0	30308	89	75	14480	100500	7000	1448	536	312000	40000	89	0	0	0	0	0
33.117646	1	31	31	0	18883	5907	12976	14345
34.095914	2	32	5	1	0	0	31284	90	75	14480	104500	3000	1448	536	316000	40000	90	0	0	0	0	0
34.095998	1	32	32	0	18883	5907	12976	14345
35.036061	2	33	5	1	0	0	32224	90	75	14480	106500	3000	1448	536	316000	40000	90	0	0	0	0	0
35.036154	1	33	33	0	18883	5907	12976	14345
36.042423	2	34	5	1	0	0	33232	91	75	14480	107500	4000	1448	536	316000	40000	91	0	0	0	0	0
36.042512	1	34	34	0	18883	5907	12976	14345
37.138996	2	35	5	1	0	0	34328	91	75	14480	110000	7000	1448	536	320000	40000	90	0	0	0	0	0
37.139091	1	35	35	0	18883	5907	12976	14345
38.079714	2	36	5	1	0	0	35268	91	75	14480	121000	23000	1448	536	332000	40000	90	0	0	0	0	0
38.079805	1	36	36	0	18883	5907	12976	14345
39.019141	2	37	5	1	0	0	36208	91	75	14480	122000	25000	1448	536	332000	40000	90	0	0	0	0	0
39.019232	1	37	37	0	18883	5907	12976	14345
40.116152	2	38	5	1	0	0	37304	92	75	14480	120000	23000	1448	536	332000	40000	90	0	0	0	0	0
40.116247	1	38	38	0	18883	5907	12976	14345
41.056381	2	39	5	1	0	0	38244	92	75	14480	114500	18000	1448	536	324000	40000	90	0	0	0	0	0
41.056471	1	39	39	0	18883	5907	12976	14345
42.000613	2	40	5	1	0	0	39192	92	75	14480	114000	18000	1448	536	324000	40000	92	0	0	0	0	0
42.000706	1	40	40	0	18883	5907	12976	14345
43.094635	2	41	5	1	0	0	40284	93	75	14480	113500	16000	1448	536	324000	40000	90	0	0	0	0	0
43.094729	1	41	41	0	18883	5907	12976	14345
44.034763	2	42	5	1	0	0	41224	93	75	14480	113500	16000	1448	536	324000	40000	90	0	0	0	0	0
44.034854	1	42	42	0	18883	5907	12976	14345
45.132619	2	43	5	1	0	0	42324	94	75	14480	114000	15000	1448	536	324000	40000	90	0	0	0	0	0
45.132713	1	43	43	0	18883	5907	12976	14345
46.072775	2	44	5	1	0	0	43264	94	75	14480	113500	17000	1448	536	324000	40000	90	0	0	0	0	0
46.072868	1	44	44	0	18883	5907	12976	14345
47.012869	2	45	5	1	0	0	44204	94	75	14480	113500	16000	1448	536	324000	40000	90	0	0	0	0	0
47.012961	1	45	45	0	18883	5907	12976	14345
48.111000	2	46	5	1	0	0	45300	95	75	14480	113000	15000	1448	536	324000	40000	90	0	0	0	0	0
48.111092	1	46	46	0	18883	5907	12976	14345
49.051235	2	47	5	1	0	0	46240	95	75	14480	113000	15000	1448	536	324000	40000	90	0	0	0	0	0
49.051329	1	47	47	0	18883	5907	12976	14345
50.000604	2	48	5	1	0	4	47192	96	75	14480	113000	15000	1448	536	324000	40000	96	0	0	0	0	0
50.000691	1	48	48	0	18883	5907	12976	14345
51.089347	2	49	5	1	0	0	48280	96	75	14480	113000	17000	1448	536	324000	40000	90	0	0	0	0	0
51.089442	1	49	49	0	18883	5907	12976	14345
52.029507	2	50	5	1	0	0	49220	96	75	14480	112500	15000	1448	536	324000	40000	90	0	0	0	0	0
52.029600	1	50	50	0	18883	5907	12976	14345
53.127421	2	51	5	1	0	0	50316	97	75	14480	112500	16000	1448	536	324000	40000	90	0	0	0	0	0
53.127515	1	51	51	0	18883	5907	12976	14345
54.067547	2	52	5	1	0	0	51256	97	75	14480	112500	16000	1448	536	324000	40000	90	0	0	0	0	0
54.067628	1	52	52	0	18883	5907	12976	14345
55.007426	2	53	5	1	0	0	52196	98	75	14480	112500	16000	1448	536	324000	40000	90	0	0	0	0	0
55.007547	1	53	53	0	18883	5907	12976	14345
56.148206	2	54	5	1	0	0	53336	98	75	14480	112500	17000	1448	536	324000	40000	90	0	0	0	0	0
56.148299	1	54	54	0	18883	5907	12976	14345
57.192272	2	55	5	1	0	0	54380	98	75	14480	113000	17000	1448	536	324000	40000	90	0	0	0	0	0
57.192365	1	55	55	0	18883	5907	12976	14345
58.027157	2	56	5	1	0	0	55216	98	75	14480	112500	17000	1448	536	324000	40000	90	0	0	0	0	0
58.027249	1	56	56	0	18883	5907	12976	14345
59.071445	2	57	5	1	0	0	56260	99	75	14480	112500	17000	1448	536	324000	40000	90	0	0	0	0	0
59.071538	1	57	57	0	18883	5907	12976	14345
60.115499	2	58	5	1	0	0	57304	99	75	14480	112500	17000	1448	536	324000	40000	90	0	0	0	0	0
60.115663	1	58	58	0	18883	5907	12976	14345
61.159336	2	59	5	1	0	0	58348	99	75	14480	112500	17000	1448	536	324000	40000	90	0	0	0	0	0
61.159436	1	59	59	0	18883	5907	12976	14345
62.004595	2	60	5	1	0	4	59196	100	75	14480	113000	17000	1448	536	324000	40000	100	0	0	0	0	0
62.004689	1	60	60	0	18883	5907	12976	14345
63.038514	2	61	5	1	0	0	60228	100	75	14480	112500	17000	1448	536	324000	40000	90	0	0	0	0	0
63.038602	1	61	61	0	18883	5907	12976	14345
64.082821	2	62	5	1	0	0	61272	100	75	14480	112500	17000	1448	536	324000	40000	90	0	0	0	0	0
64.082909	1	62	62	0	18883	5907	12976	14345
65.127964	2	63	5	1	0	0	62316	100	75	14480	112500	17000	1448	536	324000	40000	90	0	0	0	0	0
65.128056	1	63	63	0	18883	5907	12976	14345
66.170743	2	64	5	1	0	0	63360	101	75	14480	112500	17000	1448	536	324000	40000	90	0	0	0	0	0
66.170836	1	64	64	0	18883	5907	12976	14345
67.006005	2	65	5	1	0	0	64196	101	75	14480	112500	17000	1448	536	324000	40000	90	0	0	0	0	0
67.006098	1	65	65	0	18883	5907	12976	14345
68.049853	2	66	5	1	0	0	65240	101	75	14480	112500	17000	1448	536	324000	40000	90	0	0	0	0	0
68.049949	1	66	66	0	18883	5907	12976	14345
69.094011	2	67	5	1	0	0	66284	102	75	14480	112500	17000	1448	536	324000	40000	90	0	0	0	0	0
69.094105	1	67	67	0	18883	5907	12976	14345
70.138149	2	68	5	1	0	0	67328	102	75	14480	112000	17000	1448	536	324000	40000	90	0	0	0	0	0
70.138249	1	68	68	0	18883	5907	12976	14345
71.182068	2	69	5	1	0	0	68372	102	75	14480	112000	17000	1448	536	324000	40000	90	0	0	0	0	0
71.182162	1	69	69	0	18883	5907	12976	14345
72.017206	2	70	5	1	0	0	69208	102	75	14480	113000	17000	1448	536	324000	40000	90	0	0	0	0	0
72.017300	1	70	70	0	18883	5907	12976	14345
73.061239	2	71	5	1	0	0	70252	103	75	14480	113000	17000	1448	536	324000	40000	90	0	0	0	0	0
73.061335	1	71	71	0	18883	5907	12976	14345
74.105455	2	72	5	1	0	0	71296	103	75	14480	113000	17000	1448	536	324000	40000	90	0	0	0	0	0
74.105536	1	72	72	0	18883	5907	12976	14345
75.149202	2	73	5	1	0	0	72340	103	75	14480	112000	16000	1448	536	324000	40000	90	0	0	0	0	0
75.149296	1	73	73	0	18883	5907	12976	14345
76.193389	2	74	5	1	0	0	73384	104	75	14480	112500	17000	1448	536	324000	40000	90	0	0	0	0	0
76.193481	1	74	74	0	18883	5907	12976	14345
77.028604	2	75	5	1	0	4	74220	104	75	14480	112000	18000	1448	536	324000	40000	90	0	0	0	0	0
77.028697	1	75	75	0	18883	5907	12976	14345
78.072318	2	76	5	1	0	0	75260	104	75	14480	112000	18000	1448	536	324000	40000	90	0	0	0	0	0
78.072411	1	76	76	0	18883	5907	12976	14345
79.116562	2	77	5	1	0	4	76308	104	75	14480	112000	18000	1448	536	324000	40000	90	0	0	0	0	0
79.116654	1	77	77	0	18883	5907	12976	14345
80.021457	2	78	5	1	0	0	77212	105	75	14480	119500	11000	1448	536	328000	40000	90	0	0	0	0	0
80.021545	1	78	78	0	18883	5907	12976	14345
81.117964	2	79	5	1	0	0	78308	105	75	14480	119500	11000	1448	536	328000	40000	90	0	0	0	0	0
81.118059	1	79	79	0	18883	5907	12976	14345
82.057514	2	80	5	1	0	0	79248	105	75	14480	120000	11000	1448	536	332000	40000	90	0	0	0	0	0
82.057608	1	80	80	0	18883	5907	12976	14345
83.004619	2	81	5	1	0	0	80196	106	75	14480	119500	11000	1448	536	328000	40000	106	0	0	0	0	0
83.004717	1	81	81	0	18883	5907	12976	14345
84.095303	2	82	5	1	0	0	81284	106	75	14480	120000	10000	1448	536	332000	40000	90	0	0	0	0	0
84.095395	1	82	82	0	18883	5907	12976	14345
85.035406	2	83	5	1	0	0	82224	106	75	14480	120000	9000	1448	536	332000	40000	90	0	0	0	0	0
85.035498	1	83	83	0	18883	5907	12976	14345
86.133310	2	84	5	1	0	0	83324	107	75	14480	119000	8000	1448	536	328000	40000	90	0	0	0	0	0
86.133403	1	84	84	0	18883	5907	12976	14345
87.073456	2	85	5	1	0	0	84264	107	75	14480	118500	8000	1448	536	328000	40000	90	0	0	0	0	0
87.073552	1	85	85	0	18883	5907	12976	14345
88.013713	2	86	5	1	0	0	85204	107	75	14480	119000	8000	1448	536	328000	40000	90	0	0	0	0	0
88.013808	1	86	86	0	18883	5907	12976	14345
89.111639	2	87	5	1	0	0	86300	108	75	14480	120000	9000	1448	536	332000	40000	90	0	0	0	0	0
89.111731	1	87	87	0	18883	5907	12976	14345
90.051854	2	88	5	1	0	0	87240	108	75	14480	120500	11000	1448	536	332000	40000	90	0	0	0	0	0
90.051942	1	88	88	0	18883	5907	12976	14345
91.004608	2	89	5	1	0	8	88196	108	75	14480	119500	10000	1448	536	328000	40000	108	0	0	0	0	0
91.004828	1	89	89	0	18883	5907	12976	14345
92.089904	2	90	5	1	0	0	89280	109	75	14480	117500	11000	1448	536	328000	40000	90	0	0	0	0	0
92.089997	1	90	90	0	18883	5907	12976	14345
93.030051	2	91	5	1	0	0	90220	109	75	14480	117500	11000	1448	536	328000	40000	90	0	0	0	0	0
93.030139	1	91	91	0	18883	5907	12976	14345
94.126841	2	92	5	1	0	0	91316	109	75	14480	120000	12000	1448	536	332000	40000	90	0	0	0	0	0
94.126930	1	92	92	0	18883	5907	12976	14345
95.067923	2	93	5	1	0	0	92256	110	75	14480	120500	12000	1448	536	332000	40000	90	0	0	0	0	0
95.068016	1	93	93	0	18883	5907	12976	14345
96.008323	2	94	5	1	0	0	93196	110	75	14480	120500	12000	1448	536	332000	40000	90	0	0	0	0	0
96.008416	1	94	94	0	18883	5907	12976	14345
97.105021	2	95	5	1	0	0	94296	110	75	14480	118000	12000	1448	536	328000	40000	90	0	0	0	0	0
97.105113	1	95	95	0	18883	5907	12976	14345
98.046331	2	96	5	1	0	0	95236	111	75	14480	117500	11000	1448	536	328000	40000	90	0	0	0	0	0
98.046425	1	96	96	0	18883	5907	12976	14345
99.143210	2	97	5	1	0	0	96332	111	75	14480	120000	12000	1448	536	332000	40000	90	0	0	0	0	0
99.143303	1	97	97	0	18883	5907	12976	14345
100.083319	2	98	5	1	0	0	97272	111	75	14480	120000	12000	1448	536	332000	40000	90	0	0	0	0	0
100.083397	1	98	98	0	18883	5907	12976	14345
101.024502	2	99	5	1	0	0	98212	112	75	14480	121000	15000	1448	536	332000	40000	90	0	0	0	0	0
101.024598	1	99	99	0	18883	5907	12976	14345
102.120805	2	100	5	1	0	0	99312	112	75	14480	121500	16000	1448	536	332000	40000	90	0	0	0	0	0
102.120898	1	100	100	0	18883	5907	12976	14345
103.060665	2	101	5	1	0	0	100252	112	75	14480	121500	16000	1448	536	332000	40000	90	0	0	0	0	0
103.060760	1	101	101	0	18883	5907	12976	14345
104.004594	2	102	5	1	0	8	101196	112	75	14480	121000	15000	1448	536	332000	40000	90	0	0	0	0	0
104.004689	1	102	102	0	18883	5907	12976	14345
105.097786	2	103	5	1	0	0	102288	113	75	14480	121000	16000	1448	536	332000	40000	113	0	0	0	0	0
105.097873	1	103	103	0	18883	5907	12976	14345
106.037065	2	104	5	1	0	0	103228	113	75	14480	121500	16000	1448	536	332000	40000	113	0	0	0	0	0
106.037157	1	104	104	0	18883	5907	12976	14345
107.133226	2	105	5	1	0	0	104324	113	75	14480	121500	16000	1448	536	332000	40000	113	0	0	0	0	0
107.133320	1	105	105	0	18883	5907	12976	14345
108.072619	2	106	5	1	0	0	105264	113	75	14480	121500	16000	1448	536	332000	40000	113	0	0	0	0	0
108.072713	1	106	106	0	18883	5907	12976	14345
109.012082	2	107	5	1	0	0	106200	114	75	14480	121000	14000	1448	536	332000	40000	114	0	0	0	0	0
109.012175	1	107	107	0	18883	5907	12976	14345
110.109312	2	108	5	1	0	0	107300	114	75	14480	121500	15000	1448	536	332000	40000	114	0	0	0	0	0
110.109398	1	108	108	0	18883	5907	12976	14345
111.048649	2	109	5	1	0	0	108240	114	75	14480	121500	15000	1448	536	332000	40000	114	0	0	0	0	0
111.048744	1	109	109	0	18883	5907	12976	14345
112.144744	2	110	5	1	0	0	109336	114	75	14480	122000	15000	1448	536	332000	40000	114	0	0	0	0	0
112.144836	1	110	110	0	18883	5907	12976	14345
113.084166	2	111	5	1	0	0	110272	114	75	14480	121500	16000	1448	536	332000	40000	114	0	0	0	0	0
113.084262	1	111	111	0	18883	5907	12976	14345
114.024815	2	112	5	1	0	0	111216	115	75	14480	122000	17000	1448	536	332000	40000	115	0	0	0	0	0
114.024905	1	112	112	0	18883	5907	12976	14345
115.120674	2	113	5	1	0	0	112312	115	75	14480	122000	17000	1448	536	332000	40000	115	0	0	0	0	0
115.120766	1	113	113	0	18883	5907	12976	14345
116.060029	2	114	5	1	0	0	113248	115	75	14480	121500	16000	1448	536	332000	40000	115	0	0	0	0	0
116.060121	1	114	114	0	18883	5907	12976	14345
117.004601	2	115	5	1	0	8	114196	115	75	14480	121500	16000	1448	536	332000	40000	115	0	0	0	0	0
117.004698	1	115	115	0	18883	5907	12976	14345
118.096767	2	116	5	1	0	0	115288	116	75	14480	122000	17000	1448	536	332000	40000	116	0	0	0	0	0
118.096864	1	116	116	0	18883	5907	12976	14345
119.036410	2	117	5	1	0	0	116224	116	75	14480	121500	16000	1448	536	332000	40000	116	0	0	0	0	0
119.036503	1	117	117	0	18883	5907	12976	14345
120.132361	2	118	5	1	0	0	117320	116	75	14480	121500	16000	1448	536	332000	40000	116	0	0	0	0	0
120.132444	1	118	118	0	18883	5907	12976	14345
121.071692	2	119	5	1	0	0	118260	116	75	14480	121500	16000	1448	536	332000	40000	116	0	0	0	0	0
121.071785	1	119	119	0	18883	5907	12976	14345
122.011138	2	120	5	1	0	0	119200	116	75	14480	121500	15000	1448	536	332000	40000	116	0	0	0	0	0
122.011231	1	120	120	0	18883	5907	12976	14345
123.108356	2	121	5	1	0	0	120296	117	75	14480	121500	15000	1448	536	332000	40000	117	0	0	0	0	0
123.108449	1	121	121	0	18883	5907	12976	14345
124.047902	2	122	5	1	0	0	121236	117	75	14480	121500	16000	1448	536	332000	40000	117	0	0	0	0	0
124.047991	1	122	122	0	18883	5907	12976	14345
125.000598	2	123	5	1	0	16	122192	117	75	14480	121500	16000	1448	536	332000	40000	117	0	0	0	0	0
125.000684	1	123	123	0	18883	5907	12976	14345
125.626531	3	1	5	10.1.1.1	45220	htdocs/file.txt
