protocol: 5
domain: reno_500Mbps_300ms
start-time: 1424585098
sender-id: 1
app-name: tinyhttpd
schema: 0 _experiment_metadata subject:string key:string value:string 
schema: 1 _client_instrumentation measurements_injected:uint32 measurements_dropped:uint32 bytes_allocated:uint64 bytes_freed:uint64 bytes_in_use:uint64 bytes_max:uint64 
schema: 2 tinyhttpd_tcp socket:int32 state:int32 ca_state:int32 last_data_sent:int32 last_data_recv:int32 snd_cwnd:int32 snd_ssthresh:int32 rcv_ssthresh:int32 rtt:int32 rttvar:int32 snd_mss:int32 rcv_mss:int32 rto:int32 ato:int32 unacked:int32 sacked:int32 lost:int32 retrans:int32 fackets:int32 total_retrans:int32 
schema: 3 tinyhttpd_peer socket:int32 ip:string port:int32 file:string 
content: text

9.250555	2	1	5	1	0	0	900	14	111	7240	300000	9000	1448	536	752000	40000	8	0	0	0	0	0
9.251298	1	1	1	0	18892	5913	12979	14348
10.153191	2	2	5	1	0	0	1804	19	111	7240	301500	4000	1448	536	608000	40000	13	0	0	0	0	0
10.153280	1	2	2	0	18892	5913	12979	14348
11.357226	2	3	5	1	0	300	3008	31	111	7240	303000	3000	1448	536	536000	40000	22	0	0	0	0	0
11.357315	1	3	3	0	18892	5913	12979	14348
12.260650	2	4	5	1	0	0	3912	41	111	7240	303500	3000	1448	536	520000	40000	29	0	0	0	0	0
12.260727	1	4	4	0	18892	5913	12979	14348
13.463858	2	5	5	1	0	0	5116	51	111	7240	304000	4000	1448	536	516000	40000	51	0	0	0	0	0
13.463937	1	5	5	0	18892	5913	12979	14348
14.066025	2	6	5	1	0	0	5716	55	111	7240	303500	3000	1448	536	512000	40000	39	0	0	0	0	0
14.066100	1	6	6	0	18892	5913	12979	14348
15.274840	2	7	5	1	0	0	6924	63	111	7240	303500	3000	1448	536	512000	40000	45	0	0	0	0	0
15.274931	1	7	7	0	18892	5913	12979	14348
16.482928	2	8	5	1	0	0	8132	75	111	7240	303500	3000	1448	536	512000	40000	63	0	0	0	0	0
16.483018	1	8	8	0	18892	5913	12979	14348
17.091506	2	9	5	1	0	0	8744	83	111	7240	304000	4000	1448	536	516000	40000	83	0	0	0	0	0
17.091609	1	9	9	0	18892	5913	12979	14348
18.306854	2	10	5	1	0	0	9956	101	111	7240	303500	3000	1448	536	512000	40000	90	0	0	0	0	0
18.306946	1	10	10	0	18892	5913	12979	14348
19.494854	2	11	5	1	0	0	11144	112	111	7240	303500	3000	1448	536	512000	40000	90	0	0	0	0	0
19.494946	1	11	11	0	18892	5913	12979	14348
20.101194	2	12	5	1	0	0	11752	112	111	7240	307000	11000	1448	536	516000	40000	91	0	0	0	0	0
20.101270	1	12	12	0	18892	5913	12979	14348
21.010118	2	13	5	1	0	0	12660	112	111	7240	303500	7000	1448	536	512000	40000	90	0	0	0	0	0
21.010206	1	13	13	0	18892	5913	12979	14348
22.218904	2	14	5	1	0	0	13868	112	111	7240	303500	3000	1448	536	512000	40000	90	0	0	0	0	0
22.218976	1	14	14	0	18892	5913	12979	14348
23.434822	2	15	5	1	0	0	15084	112	111	7240	303500	3000	1448	536	512000	40000	90	0	0	0	0	0
23.434911	1	15	15	0	18892	5913	12979	14348
24.042614	2	16	5	1	0	0	15692	112	111	7240	303500	3000	1448	536	512000	40000	90	0	0	0	0	0
24.042699	1	16	16	0	18892	5913	12979	14348
25.260840	2	17	5	1	0	0	16912	112	111	7240	303500	3000	1448	536	512000	40000	90	0	0	0	0	0
25.260932	1	17	17	0	18892	5913	12979	14348
26.474568	2	18	5	1	0	0	18124	112	111	7240	303500	3000	1448	536	512000	40000	90	0	0	0	0	0
26.474674	1	18	18	0	18892	5913	12979	14348
27.082649	2	19	5	1	0	0	18732	112	111	7240	303500	3000	1448	536	512000	40000	90	0	0	0	0	0
27.082719	1	19	19	0	18892	5913	12979	14348
28.296842	2	20	5	1	0	0	19948	113	111	7240	303500	3000	1448	536	512000	40000	90	0	0	0	0	0
28.296957	1	20	20	0	18892	5913	12979	14348
29.552489	2	21	5	1	0	0	21204	113	111	7240	307500	12000	1448	536	516000	40000	90	0	0	0	0	0
29.552582	1	21	21	0	18892	5913	12979	14348
30.154776	2	22	5	1	0	0	21804	113	111	7240	304000	7000	1448	536	516000	40000	90	0	0	0	0	0
30.154872	1	22	22	0	18892	5913	12979	14348
31.363827	2	23	5	1	0	0	23016	113	111	7240	304000	4000	1448	536	516000	40000	90	0	0	0	0	0
31.363918	1	23	23	0	18892	5913	12979	14348
32.576889	2	24	5	1	0	0	24228	113	111	7240	303500	3000	1448	536	512000	40000	90	0	0	0	0	0
32.576980	1	24	24	0	18892	5913	12979	14348
33.184827	2	25	5	1	0	0	24836	113	111	7240	303500	3000	1448	536	512000	40000	90	0	0	0	0	0
33.184901	1	25	25	0	18892	5913	12979	14348
34.388397	2	26	5	1	0	0	26040	113	111	7240	303500	3000	1448	536	512000	40000	113	0	0	0	0	0
34.388488	1	26	26	0	18892	5913	12979	14348
35.291193	2	27	5	1	0	0	26944	113	111	7240	304000	4000	1448	536	516000	40000	113	0	0	0	0	0
35.291281	1	27	27	0	18892	5913	12979	14348
36.206227	2	28	5	1	0	0	27856	114	111	7240	307000	11000	1448	536	516000	40000	90	0	0	0	0	0
36.206298	1	28	28	0	18892	5913	12979	14348
37.108841	2	29	5	1	0	0	28760	114	111	7240	303500	4000	1448	536	512000	40000	114	0	0	0	0	0
37.108921	1	29	29	0	18892	5913	12979	14348
38.011481	2	30	5	1	0	0	29664	114	111	7240	304000	4000	1448	536	516000	40000	114	0	0	0	0	0
38.011554	1	30	30	0	18892	5913	12979	14348
39.273079	2	31	5	1	0	0	30924	114	111	7240	303500	3000	1448	536	512000	40000	114	0	0	0	0	0
39.273172	1	31	31	0	18892	5913	12979	14348
40.175843	2	32	5	1	0	0	31828	114	111	7240	304000	4000	1448	536	516000	40000	90	0	0	0	0	0
40.175932	1	32	32	0	18892	5913	12979	14348
41.078584	2	33	5	1	0	0	32728	114	111	7240	303500	3000	1448	536	512000	40000	90	0	0	0	0	0
41.078670	1	33	33	0	18892	5913	12979	14348
42.537155	2	34	5	1	0	0	34188	114	111	7240	303500	3000	1448	536	512000	40000	90	0	0	0	0	0
42.537242	1	34	34	0	18892	5913	12979	14348
43.439885	2	35	5	1	0	0	35092	114	111	7240	304000	4000	1448	536	516000	40000	90	0	0	0	0	0
43.439958	1	35	35	0	18892	5913	12979	14348
44.342604	2	36	5	1	0	0	35992	114	111	7240	303500	3000	1448	536	512000	40000	114	0	0	0	0	0
44.342687	1	36	36	0	18892	5913	12979	14348
45.257648	2	37	5	1	0	0	36908	115	111	7240	303500	3000	1448	536	512000	40000	90	0	0	0	0	0
45.257733	1	37	37	0	18892	5913	12979	14348
46.160500	2	38	5	1	0	0	37812	115	111	7240	303500	3000	1448	536	512000	40000	115	0	0	0	0	0
46.160576	1	38	38	0	18892	5913	12979	14348
47.109622	2	39	5	1	0	0	38760	115	111	7240	303500	3000	1448	536	512000	40000	90	0	0	0	0	0
47.109709	1	39	39	0	18892	5913	12979	14348
48.012450	2	40	5	1	0	0	39664	115	111	7240	303500	3000	1448	536	512000	40000	115	0	0	0	0	0
48.012526	1	40	40	0	18892	5913	12979	14348
49.240842	2	41	5	1	0	0	40892	115	111	7240	303500	3000	1448	536	512000	40000	90	0	0	0	0	0
49.240932	1	41	41	0	18892	5913	12979	14348
50.143711	2	42	5	1	0	0	41796	115	111	7240	304000	4000	1448	536	516000	40000	90	0	0	0	0	0
50.143789	1	42	42	0	18892	5913	12979	14348
51.057927	2	43	5	1	0	0	42708	115	111	7240	303500	3000	1448	536	512000	40000	90	0	0	0	0	0
51.058012	1	43	43	0	18892	5913	12979	14348
52.539831	2	44	5	1	0	0	44192	115	111	7240	304000	4000	1448	536	516000	40000	115	0	0	0	0	0
52.539929	1	44	44	0	18892	5913	12979	14348
53.442981	2	45	5	1	0	0	45092	116	111	7240	303500	3000	1448	536	512000	40000	90	0	0	0	0	0
53.443116	1	45	45	0	18892	5913	12979	14348
54.345791	2	46	5	1	0	0	45996	116	111	7240	303500	3000	1448	536	512000	40000	116	0	0	0	0	0
54.345885	1	46	46	0	18892	5913	12979	14348
55.248760	2	47	5	1	0	0	46900	116	111	7240	303500	3000	1448	536	512000	40000	116	0	0	0	0	0
55.248842	1	47	47	0	18892	5913	12979	14348
56.151694	2	48	5	1	0	0	47804	116	111	7240	304000	5000	1448	536	516000	40000	116	0	0	0	0	0
56.151766	1	48	48	0	18892	5913	12979	14348
57.054703	2	49	5	1	0	0	48704	116	111	7240	303500	3000	1448	536	512000	40000	90	0	0	0	0	0
57.054781	1	49	49	0	18892	5913	12979	14348
58.278709	2	50	5	1	0	0	49928	116	111	7240	303500	3000	1448	536	512000	40000	116	0	0	0	0	0
58.278797	1	50	50	0	18892	5913	12979	14348
59.181899	2	51	5	1	0	0	50832	116	111	7240	303500	3000	1448	536	512000	40000	116	0	0	0	0	0
59.181971	1	51	51	0	18892	5913	12979	14348
60.096757	2	52	5	1	0	0	51748	116	111	7240	303500	3000	1448	536	512000	40000	90	0	0	0	0	0
60.096837	1	52	52	0	18892	5913	12979	14348
61.007087	2	53	5	1	0	4	52660	116	111	7240	303500	4000	1448	536	512000	40000	109	0	0	0	0	0
61.007178	1	53	53	0	18892	5913	12979	14348
62.481382	2	54	5	1	0	0	54132	117	111	7240	303500	3000	1448	536	512000	40000	117	0	0	0	0	0
62.481475	1	54	54	0	18892	5913	12979	14348
63.384209	2	55	5	1	0	0	55036	117	111	7240	303500	3000	1448	536	512000	40000	117	0	0	0	0	0
63.384287	1	55	55	0	18892	5913	12979	14348
64.299104	2	56	5	1	0	4	55952	117	111	7240	303500	3000	1448	536	512000	40000	90	0	0	0	0	0
64.299186	1	56	56	0	18892	5913	12979	14348
65.201372	2	57	5	1	0	0	56852	117	111	7240	303500	3000	1448	536	512000	40000	117	0	0	0	0	0
65.201521	1	57	57	0	18892	5913	12979	14348
66.126540	2	58	5	1	0	0	57776	117	111	7240	303500	3000	1448	536	512000	40000	90	0	0	0	0	0
66.126616	1	58	58	0	18892	5913	12979	14348
67.029341	2	59	5	1	0	0	58680	117	111	7240	303500	3000	1448	536	512000	40000	117	0	0	0	0	0
67.029423	1	59	59	0	18892	5913	12979	14348
68.257532	2	60	5	1	0	4	59908	117	111	7240	303500	3000	1448	536	512000	40000	90	0	0	0	0	0
68.257617	1	60	60	0	18892	5913	12979	14348
69.154118	2	61	5	1	0	0	60804	117	111	7240	303500	3000	1448	536	512000	40000	90	0	0	0	0	0
69.154202	1	61	61	0	18892	5913	12979	14348
70.069583	2	62	5	1	0	0	61720	117	111	7240	303500	3000	1448	536	512000	40000	90	0	0	0	0	0
70.069671	1	62	62	0	18892	5913	12979	14348
71.554985	2	63	5	1	0	0	63204	118	111	7240	303500	3000	1448	536	512000	40000	118	0	0	0	0	0
71.555075	1	63	63	0	18892	5913	12979	14348
72.457713	2	64	5	1	0	0	64108	118	111	7240	303500	3000	1448	536	512000	40000	118	0	0	0	0	0
72.457794	1	64	64	0	18892	5913	12979	14348
73.360581	2	65	5	1	0	0	65012	118	111	7240	303500	3000	1448	536	512000	40000	118	0	0	0	0	0
73.360662	1	65	65	0	18892	5913	12979	14348
74.282698	2	66	5	1	0	0	65932	118	111	7240	303500	3000	1448	536	512000	40000	90	0	0	0	0	0
74.282780	1	66	66	0	18892	5913	12979	14348
75.185438	2	67	5	1	0	0	66836	118	111	7240	303500	3000	1448	536	512000	40000	118	0	0	0	0	0
75.185519	1	67	67	0	18892	5913	12979	14348
76.088154	2	68	5	1	0	0	67740	118	111	7240	303500	3000	1448	536	512000	40000	118	0	0	0	0	0
76.088236	1	68	68	0	18892	5913	12979	14348
77.308034	2	69	5	1	0	0	68960	118	111	7240	303500	4000	1448	536	512000	40000	118	0	0	0	0	0
77.308122	1	69	69	0	18892	5913	12979	14348
78.233214	2	70	5	1	0	4	69884	118	111	7240	303500	3000	1448	536	512000	40000	90	0	0	0	0	0
78.233290	1	70	70	0	18892	5913	12979	14348
79.130457	2	71	5	1	0	0	70780	118	111	7240	303500	3000	1448	536	512000	40000	118	0	0	0	0	0
79.130537	1	71	71	0	18892	5913	12979	14348
80.035399	2	72	5	1	0	0	71688	118	111	7240	304000	4000	1448	536	516000	40000	118	0	0	0	0	0
80.035478	1	72	72	0	18892	5913	12979	14348
81.520739	2	73	5	1	0	0	73172	119	111	7240	303500	3000	1448	536	512000	40000	119	0	0	0	0	0
81.520826	1	73	73	0	18892	5913	12979	14348
82.442940	2	74	5	1	0	0	74092	119	111	7240	303500	3000	1448	536	512000	40000	90	0	0	0	0	0
82.443024	1	74	74	0	18892	5913	12979	14348
83.345666	2	75	5	1	0	0	74996	119	111	7240	303500	3000	1448	536	512000	40000	119	0	0	0	0	0
83.345747	1	75	75	0	18892	5913	12979	14348
84.248515	2	76	5	1	0	0	75900	119	111	7240	303500	3000	1448	536	512000	40000	119	0	0	0	0	0
84.248597	1	76	76	0	18892	5913	12979	14348
85.151271	2	77	5	1	0	0	76804	119	111	7240	304000	4000	1448	536	516000	40000	119	0	0	0	0	0
85.151351	1	77	77	0	18892	5913	12979	14348
86.069535	2	78	5	1	0	0	77720	119	111	7240	303500	3000	1448	536	512000	40000	119	0	0	0	0	0
86.069609	1	78	78	0	18892	5913	12979	14348
87.574330	2	79	5	1	0	0	79224	119	111	7240	303500	3000	1448	536	512000	40000	90	0	0	0	0	0
87.574418	1	79	79	0	18892	5913	12979	14348
88.477010	2	80	5	1	0	0	80128	119	111	7240	303500	3000	1448	536	512000	40000	119	0	0	0	0	0
88.477089	1	80	80	0	18892	5913	12979	14348
89.379813	2	81	5	1	0	0	81032	120	111	7240	304000	4000	1448	536	516000	40000	120	0	0	0	0	0
89.379893	1	81	81	0	18892	5913	12979	14348
90.282716	2	82	5	1	0	0	81932	120	111	7240	303500	3000	1448	536	512000	40000	120	0	0	0	0	0
90.282806	1	82	82	0	18892	5913	12979	14348
91.202030	2	83	5	1	0	276	82852	120	111	7240	303500	3000	1448	536	512000	40000	90	0	0	0	0	0
91.202114	1	83	83	0	18892	5913	12979	14348
92.109942	2	84	5	1	0	0	83760	120	111	7240	303500	3000	1448	536	512000	40000	120	0	0	0	0	0
92.110038	1	84	84	0	18892	5913	12979	14348
93.012890	2	85	5	1	0	0	84664	120	111	7240	303500	3000	1448	536	512000	40000	120	0	0	0	0	0
93.012974	1	85	85	0	18892	5913	12979	14348
94.517622	2	86	5	1	0	0	86168	120	111	7240	303500	3000	1448	536	512000	40000	120	0	0	0	0	0
94.517707	1	86	86	0	18892	5913	12979	14348
95.420474	2	87	5	1	0	0	87072	120	111	7240	303500	3000	1448	536	512000	40000	120	0	0	0	0	0
95.420554	1	87	87	0	18892	5913	12979	14348
96.022338	2	88	5	1	0	276	87672	120	111	7240	303500	3000	1448	536	512000	40000	90	0	0	0	0	0
96.022493	1	88	88	0	18892	5913	12979	14348
97.531716	2	89	5	1	0	0	89184	120	111	7240	304000	4000	1448	536	516000	40000	90	0	0	0	0	0
97.531844	1	89	89	0	18892	5913	12979	14348
98.133722	2	90	5	1	0	0	89784	120	111	7240	303500	3000	1448	536	512000	40000	90	0	0	0	0	0
98.133821	1	90	90	0	18892	5913	12979	14348
99.337388	2	91	5	1	0	0	90988	121	111	7240	303500	3000	1448	536	512000	40000	121	0	0	0	0	0
99.337516	1	91	91	0	18892	5913	12979	14348
100.240225	2	92	5	1	0	0	91892	121	111	7240	303500	3000	1448	536	512000	40000	121	0	0	0	0	0
100.240344	1	92	92	0	18892	5913	12979	14348
101.165755	2	93	5	1	0	4	92816	121	111	7240	303500	3000	1448	536	512000	40000	90	0	0	0	0	0
101.165846	1	93	93	0	18892	5913	12979	14348
102.346693	2	94	5	1	0	268	93996	121	111	7240	303500	3000	1448	536	512000	40000	107	0	0	0	0	0
102.346813	1	94	94	0	18892	5913	12979	14348
103.253691	2	95	5	1	0	0	94904	121	111	7240	303500	3000	1448	536	512000	40000	121	0	0	0	0	0
103.253796	1	95	95	0	18892	5913	12979	14348
104.156488	2	96	5	1	0	0	95808	121	111	7240	303500	3000	1448	536	512000	40000	121	0	0	0	0	0
104.156591	1	96	96	0	18892	5913	12979	14348
105.059548	2	97	5	1	0	0	96712	121	111	7240	304000	4000	1448	536	516000	40000	121	0	0	0	0	0
105.059640	1	97	97	0	18892	5913	12979	14348
106.564322	2	98	5	1	0	0	98216	121	111	7240	303500	3000	1448	536	512000	40000	121	0	0	0	0	0
106.564417	1	98	98	0	18892	5913	12979	14348
107.467244	2	99	5	1	0	0	99120	121	111	7240	304000	4000	1448	536	516000	40000	121	0	0	0	0	0
107.467322	1	99	99	0	18892	5913	12979	14348
108.370115	2	100	5	1	0	0	100020	122	111	7240	303500	3000	1448	536	512000	40000	122	0	0	0	0	0
108.370197	1	100	100	0	18892	5913	12979	14348
109.272869	2	101	5	1	0	0	100924	122	111	7240	303500	3000	1448	536	512000	40000	122	0	0	0	0	0
109.272943	1	101	101	0	18892	5913	12979	14348
110.199514	2	102	5	1	0	0	101852	122	111	7240	304000	4000	1448	536	516000	40000	122	0	0	0	0	0
110.199591	1	102	102	0	18892	5913	12979	14348
111.379510	2	103	5	1	0	0	103032	122	111	7240	304000	4000	1448	536	516000	40000	122	0	0	0	0	0
111.379605	1	103	103	0	18892	5913	12979	14348
112.282274	2	104	5	1	0	0	103932	122	111	7240	303500	3000	1448	536	512000	40000	122	0	0	0	0	0
112.282364	1	104	104	0	18892	5913	12979	14348
113.205922	2	105	5	1	0	4	104856	122	111	7240	303500	3000	1448	536	512000	40000	90	0	0	0	0	0
113.205994	1	105	105	0	18892	5913	12979	14348
114.389124	2	106	5	1	0	0	106040	122	111	7240	303500	3000	1448	536	512000	40000	122	0	0	0	0	0
114.389216	1	106	106	0	18892	5913	12979	14348
115.291782	2	107	5	1	0	0	106944	122	111	7240	304000	4000	1448	536	516000	40000	122	0	0	0	0	0
115.291870	1	107	107	0	18892	5913	12979	14348
116.495338	2	108	5	1	0	0	108148	122	111	7240	304000	4000	1448	536	516000	40000	90	0	0	0	0	0
116.495429	1	108	108	0	18892	5913	12979	14348
117.097233	2	109	5	1	0	0	108748	122	111	7240	303500	3000	1448	536	512000	40000	122	0	0	0	0	0
117.097325	1	109	109	0	18892	5913	12979	14348
118.017554	2	110	5	1	0	4	109668	123	111	7240	303500	3000	1448	536	512000	40000	90	0	0	0	0	0
118.017632	1	110	110	0	18892	5913	12979	14348
119.504433	2	111	5	1	0	0	111156	123	111	7240	303500	3000	1448	536	512000	40000	123	0	0	0	0	0
119.504518	1	111	111	0	18892	5913	12979	14348
120.407177	2	112	5	1	0	0	112060	123	111	7240	304000	4000	1448	536	516000	40000	123	0	0	0	0	0
120.407269	1	112	112	0	18892	5913	12979	14348
121.321556	2	113	5	1	0	0	112972	123	111	7240	303500	3000	1448	536	512000	40000	123	0	0	0	0	0
121.321649	1	113	113	0	18892	5913	12979	14348
122.224171	2	114	5	1	0	0	113876	123	111	7240	303500	3000	1448	536	512000	40000	123	0	0	0	0	0
122.224282	1	114	114	0	18892	5913	12979	14348
123.127056	2	115	5	1	0	4	114780	123	111	7240	303500	3000	1448	536	512000	40000	123	0	0	0	0	0
123.127169	1	115	115	0	18892	5913	12979	14348
124.055682	2	116	5	1	0	0	115708	123	111	7240	304000	4000	1448	536	516000	40000	90	0	0	0	0	0
124.055799	1	116	116	0	18892	5913	12979	14348
125.545486	2	117	5	1	0	0	117196	123	111	7240	303500	3000	1448	536	512000	40000	123	0	0	0	0	0
125.545615	1	117	117	0	18892	5913	12979	14348
126.448222	2	118	5	1	0	0	118100	123	111	7240	303500	3000	1448	536	512000	40000	123	0	0	0	0	0
126.448408	1	118	118	0	18892	5913	12979	14348
127.364895	2	119	5	1	0	0	119016	124	111	7240	303500	3000	1448	536	512000	40000	124	0	0	0	0	0
127.364976	1	119	119	0	18892	5913	12979	14348
128.267499	2	120	5	1	0	0	119920	124	111	7240	304000	4000	1448	536	516000	40000	124	0	0	0	0	0
128.267587	1	120	120	0	18892	5913	12979	14348
129.471400	2	121	5	1	0	0	121124	124	111	7240	304000	4000	1448	536	516000	40000	90	0	0	0	0	0
129.471486	1	121	121	0	18892	5913	12979	14348
130.073226	2	122	5	1	0	0	121724	124	111	7240	303500	3000	1448	536	512000	40000	124	0	0	0	0	0
130.073306	1	122	122	0	18892	5913	12979	14348
131.577594	2	123	5	1	0	0	123228	124	111	7240	303500	3000	1448	536	512000	40000	124	0	0	0	0	0
131.577688	1	123	123	0	18892	5913	12979	14348
132.480466	2	124	5	1	0	0	124132	124	111	7240	303500	3000	1448	536	512000	40000	124	0	0	0	0	0
132.480557	1	124	124	0	18892	5913	12979	14348
133.383399	2	125	5	1	0	0	125036	124	111	7240	304000	4000	1448	536	516000	40000	124	0	0	0	0	0
133.383470	1	125	125	0	18892	5913	12979	14348
134.297743	2	126	5	1	0	0	125948	124	111	7240	303500	3000	1448	536	512000	40000	124	0	0	0	0	0
134.297831	1	126	126	0	18892	5913	12979	14348
135.200664	2	127	5	1	0	0	126852	124	111	7240	303500	3000	1448	536	512000	40000	124	0	0	0	0	0
135.200748	1	127	127	0	18892	5913	12979	14348
136.125653	2	128	5	1	0	4	127776	124	111	7240	303500	3000	1448	536	512000	40000	90	0	0	0	0	0
136.125735	1	128	128	0	18892	5913	12979	14348
137.029628	2	129	5	1	0	0	128680	125	111	7240	303500	3000	1448	536	512000	40000	90	0	0	0	0	0
137.029714	1	129	129	0	18892	5913	12979	14348
138.511311	2	130	5	1	0	0	130164	125	111	7240	304000	4000	1448	536	516000	40000	125	0	0	0	0	0
138.511398	1	130	130	0	18892	5913	12979	14348
139.414208	2	131	5	1	0	0	131064	125	111	7240	303500	3000	1448	536	512000	40000	125	0	0	0	0	0
139.414295	1	131	131	0	18892	5913	12979	14348
140.016178	2	132	5	1	0	0	131668	125	111	7240	303500	3000	1448	536	512000	40000	125	0	0	0	0	0
140.016268	1	132	132	0	18892	5913	12979	14348
141.241838	2	133	5	1	0	4	132892	125	111	7240	303500	3000	1448	536	512000	40000	90	0	0	0	0	0
141.241928	1	133	133	0	18892	5913	12979	14348
142.423810	2	134	5	1	0	0	134076	125	111	7240	304000	4000	1448	536	516000	40000	125	0	0	0	0	0
142.423898	1	134	134	0	18892	5913	12979	14348
143.326728	2	135	5	1	0	0	134976	125	111	7240	303500	3000	1448	536	512000	40000	125	0	0	0	0	0
143.326802	1	135	135	0	18892	5913	12979	14348
144.229565	2	136	5	1	0	0	135880	125	111	7240	303500	3000	1448	536	512000	40000	125	0	0	0	0	0
144.229642	1	136	136	0	18892	5913	12979	14348
145.153982	2	137	5	1	0	4	136804	125	111	7240	303500	3000	1448	536	512000	40000	90	0	0	0	0	0
145.154067	1	137	137	0	18892	5913	12979	14348
146.058102	2	138	5	1	0	4	137708	125	111	7240	303500	3000	1448	536	512000	40000	90	0	0	0	0	0
146.058182	1	138	138	0	18892	5913	12979	14348
147.239246	2	139	5	1	0	0	138892	126	111	7240	304000	4000	1448	536	516000	40000	126	0	0	0	0	0
147.239333	1	139	139	0	18892	5913	12979	14348
148.142025	2	140	5	1	0	0	139792	126	111	7240	303500	3000	1448	536	512000	40000	126	0	0	0	0	0
148.142098	1	140	140	0	18892	5913	12979	14348
149.044974	2	141	5	1	0	0	140696	126	111	7240	303500	3000	1448	536	512000	40000	126	0	0	0	0	0
149.045060	1	141	141	0	18892	5913	12979	14348
150.549778	2	142	5	1	0	0	142200	126	111	7240	303500	3000	1448	536	512000	40000	126	0	0	0	0	0
150.549866	1	142	142	0	18892	5913	12979	14348
151.151688	2	143	5	1	0	0	142804	126	111	7240	304000	4000	1448	536	516000	40000	126	0	0	0	0	0
151.151767	1	143	143	0	18892	5913	12979	14348
152.054643	2	144	5	1	0	0	143704	126	111	7240	303500	3000	1448	536	512000	40000	126	0	0	0	0	0
152.054724	1	144	144	0	18892	5913	12979	14348
153.559349	2	145	5	1	0	0	145212	126	111	7240	304000	4000	1448	536	516000	40000	126	0	0	0	0	0
153.559436	1	145	145	0	18892	5913	12979	14348
154.161203	2	146	5	1	0	0	145812	126	111	7240	303500	3000	1448	536	512000	40000	126	0	0	0	0	0
154.161275	1	146	146	0	18892	5913	12979	14348
155.064087	2	147	5	1	0	0	146716	126	111	7240	303500	3000	1448	536	512000	40000	126	0	0	0	0	0
155.064175	1	147	147	0	18892	5913	12979	14348
156.568778	2	148	5	1	0	0	148220	127	111	7240	303500	3000	1448	536	512000	40000	127	0	0	0	0	0
156.568903	1	148	148	0	18892	5913	12979	14348
157.170716	2	149	5	1	0	0	148820	127	111	7240	303500	3000	1448	536	512000	40000	127	0	0	0	0	0
157.170819	1	149	149	0	18892	5913	12979	14348
158.073547	2	150	5	1	0	0	149724	127	111	7240	303500	3000	1448	536	512000	40000	127	0	0	0	0	0
158.073655	1	150	150	0	18892	5913	12979	14348
159.301852	2	151	5	1	0	4	150952	127	111	7240	303500	3000	1448	536	512000	40000	90	0	0	0	0	0
159.301939	1	151	151	0	18892	5913	12979	14348
160.198794	2	152	5	1	0	0	151848	127	111	7240	303500	3000	1448	536	512000	40000	90	0	0	0	0	0
160.198875	1	152	152	0	18892	5913	12979	14348
161.113530	2	153	5	1	0	4	152764	127	111	7240	303500	3000	1448	536	512000	40000	90	0	0	0	0	0
161.113618	1	153	153	0	18892	5913	12979	14348
162.298486	2	154	5	1	0	0	153948	127	111	7240	303500	3000	1448	536	512000	40000	127	0	0	0	0	0
162.298588	1	154	154	0	18892	5913	12979	14348
163.225522	2	155	5	1	0	4	154876	127	111	7240	303500	3000	1448	536	512000	40000	90	0	0	0	0	0
163.225616	1	155	155	0	18892	5913	12979	14348
164.404856	2	156	5	1	0	0	156056	127	111	7240	303500	3000	1448	536	512000	40000	127	0	0	0	0	0
164.404977	1	156	156	0	18892	5913	12979	14348
165.307855	2	157	5	1	0	0	156960	127	111	7240	304000	4000	1448	536	516000	40000	127	0	0	0	0	0
165.307941	1	157	157	0	18892	5913	12979	14348
166.221742	2	158	5	1	0	0	157872	128	111	7240	303500	3000	1448	536	512000	40000	128	0	0	0	0	0
166.221819	1	158	158	0	18892	5913	12979	14348
167.151341	2	159	5	1	0	0	158804	128	111	7240	304000	4000	1448	536	516000	40000	97	0	0	0	0	0
167.151427	1	159	159	0	18892	5913	12979	14348
168.031749	2	160	5	1	0	0	159684	128	111	7240	304000	4000	1448	536	516000	40000	97	0	0	0	0	0
168.031828	1	160	160	0	18892	5913	12979	14348
169.242733	2	161	5	1	0	0	160892	128	111	7240	303500	3000	1448	536	512000	40000	128	0	0	0	0	0
169.242821	1	161	161	0	18892	5913	12979	14348
170.175425	2	162	5	1	0	0	161828	128	111	7240	304000	4000	1448	536	516000	40000	97	0	0	0	0	0
170.175501	1	162	162	0	18892	5913	12979	14348
171.055675	2	163	5	1	0	0	162708	128	111	7240	304000	4000	1448	536	516000	40000	97	0	0	0	0	0
171.055763	1	163	163	0	18892	5913	12979	14348
172.266983	2	164	5	1	0	0	163916	128	111	7240	303500	3000	1448	536	512000	40000	128	0	0	0	0	0
172.267074	1	164	164	0	18892	5913	12979	14348
173.199674	2	165	5	1	0	0	164852	128	111	7240	304000	4000	1448	536	516000	40000	97	0	0	0	0	0
173.199744	1	165	165	0	18892	5913	12979	14348
174.079821	2	166	5	1	0	0	165732	128	111	7240	304000	4000	1448	536	516000	40000	97	0	0	0	0	0
174.079893	1	166	166	0	18892	5913	12979	14348
175.290744	2	167	5	1	0	0	166940	128	111	7240	303500	3000	1448	536	512000	40000	128	0	0	0	0	0
175.290832	1	167	167	0	18892	5913	12979	14348
176.223727	2	168	5	1	0	0	167876	128	111	7240	304000	4000	1448	536	516000	40000	97	0	0	0	0	0
176.223804	1	168	168	0	18892	5913	12979	14348
177.103768	2	169	5	1	0	0	168756	128	111	7240	304000	4000	1448	536	516000	40000	97	0	0	0	0	0
177.103847	1	169	169	0	18892	5913	12979	14348
178.315051	2	170	5	1	0	4	169968	129	111	7240	303500	3000	1448	536	512000	40000	129	0	0	0	0	0
178.315136	1	170	170	0	18892	5913	12979	14348
179.247807	2	171	5	1	0	0	170900	129	111	7240	304000	4000	1448	536	516000	40000	96	0	0	0	0	0
179.247880	1	171	171	0	18892	5913	12979	14348
180.127920	2	172	5	1	0	0	171780	129	111	7240	304000	4000	1448	536	516000	40000	96	0	0	0	0	0
180.127994	1	172	172	0	18892	5913	12979	14348
181.339105	2	173	5	1	0	0	172992	129	111	7240	304000	4000	1448	536	516000	40000	129	0	0	0	0	0
181.339197	1	173	173	0	18892	5913	12979	14348
182.272176	2	174	5	1	0	0	173924	129	111	7240	303500	3000	1448	536	512000	40000	96	0	0	0	0	0
182.272256	1	174	174	0	18892	5913	12979	14348
183.152047	2	175	5	1	0	0	174804	129	111	7240	304000	4000	1448	536	516000	40000	96	0	0	0	0	0
183.152125	1	175	175	0	18892	5913	12979	14348
184.363118	2	176	5	1	0	0	176016	129	111	7240	304000	4000	1448	536	516000	40000	129	0	0	0	0	0
184.363197	1	176	176	0	18892	5913	12979	14348
185.007071	2	177	5	1	0	16	176660	129	111	7240	303500	3000	1448	536	512000	40000	129	0	0	0	0	0
185.007238	1	177	177	0	18892	5913	12979	14348
186.175984	2	178	5	1	0	0	177828	129	111	7240	304000	4000	1448	536	516000	40000	96	0	0	0	0	0
186.176067	1	178	178	0	18892	5913	12979	14348
187.386705	2	179	5	1	0	0	179036	129	111	7240	303500	3000	1448	536	512000	40000	129	0	0	0	0	0
187.386794	1	179	179	0	18892	5913	12979	14348
188.018508	2	180	5	1	0	0	179668	129	111	7240	303500	3000	1448	536	512000	40000	129	0	0	0	0	0
188.018579	1	180	180	0	18892	5913	12979	14348
189.199863	2	181	5	1	0	0	180852	129	111	7240	304000	4000	1448	536	516000	40000	96	0	0	0	0	0
189.199944	1	181	181	0	18892	5913	12979	14348
190.411052	2	182	5	1	0	4	182064	130	111	7240	303500	3000	1448	536	512000	40000	130	0	0	0	0	0
190.411142	1	182	182	0	18892	5913	12979	14348
191.043021	2	183	5	1	0	0	182692	130	111	7240	303500	3000	1448	536	512000	40000	130	0	0	0	0	0
191.043093	1	183	183	0	18892	5913	12979	14348
192.223653	2	184	5	1	0	0	183876	130	111	7240	304000	4000	1448	536	516000	40000	95	0	0	0	0	0
192.223740	1	184	184	0	18892	5913	12979	14348
193.434930	2	185	5	1	0	0	185084	130	111	7240	303500	3000	1448	536	512000	40000	130	0	0	0	0	0
193.435015	1	185	185	0	18892	5913	12979	14348
194.070875	2	186	5	1	0	0	185720	130	111	7240	303500	3000	1448	536	512000	40000	130	0	0	0	0	0
194.070945	1	186	186	0	18892	5913	12979	14348
195.248051	2	187	5	1	0	0	186900	130	111	7240	304000	4000	1448	536	516000	40000	95	0	0	0	0	0
195.248139	1	187	187	0	18892	5913	12979	14348
196.458713	2	188	5	1	0	0	188108	130	111	7240	303500	3000	1448	536	512000	40000	130	0	0	0	0	0
196.458806	1	188	188	0	18892	5913	12979	14348
197.094757	2	189	5	1	0	0	188744	130	111	7240	303500	3000	1448	536	512000	40000	130	0	0	0	0	0
197.094829	1	189	189	0	18892	5913	12979	14348
198.271594	2	190	5	1	0	0	189924	130	111	7240	304000	4000	1448	536	516000	40000	95	0	0	0	0	0
198.271685	1	190	190	0	18892	5913	12979	14348
199.482369	2	191	5	1	0	0	191132	130	111	7240	303500	3000	1448	536	512000	40000	130	0	0	0	0	0
199.482442	1	191	191	0	18892	5913	12979	14348
200.118358	2	192	5	1	0	0	191768	130	111	7240	303500	3000	1448	536	512000	40000	130	0	0	0	0	0
200.118436	1	192	192	0	18892	5913	12979	14348
201.007078	2	193	5	1	0	16	192660	130	111	7240	303500	3000	1448	536	512000	40000	130	0	0	0	0	0
201.007168	1	193	193	0	18892	5913	12979	14348
202.506777	2	194	5	1	0	0	194156	131	111	7240	303500	3000	1448	536	512000	40000	131	0	0	0	0	0
202.506900	1	194	194	0	18892	5913	12979	14348
203.142707	2	195	5	1	0	0	194792	131	111	7240	303500	3000	1448	536	512000	40000	131	0	0	0	0	0
203.142785	1	195	195	0	18892	5913	12979	14348
204.018582	2	196	5	1	0	0	195668	131	111	7240	303500	3000	1448	536	512000	40000	131	0	0	0	0	0
204.018654	1	196	196	0	18892	5913	12979	14348
205.530682	2	197	5	1	0	0	197180	131	111	7240	303500	3000	1448	536	512000	40000	131	0	0	0	0	0
205.530774	1	197	197	0	18892	5913	12979	14348
206.166558	2	198	5	1	0	0	197816	131	111	7240	303500	3000	1448	536	512000	40000	131	0	0	0	0	0
206.166634	1	198	198	0	18892	5913	12979	14348
207.042781	2	199	5	1	0	0	198692	131	111	7240	303500	3000	1448	536	512000	40000	131	0	0	0	0	0
207.042865	1	199	199	0	18892	5913	12979	14348
208.554287	2	200	5	1	0	0	200204	131	111	7240	303500	3000	1448	536	512000	40000	131	0	0	0	0	0
208.554412	1	200	200	0	18892	5913	12979	14348
209.190493	2	201	5	1	0	0	200840	131	111	7240	303500	3000	1448	536	512000	40000	131	0	0	0	0	0
209.190566	1	201	201	0	18892	5913	12979	14348
210.066807	2	202	5	1	0	0	201716	131	111	7240	303500	3000	1448	536	512000	40000	131	0	0	0	0	0
210.066918	1	202	202	0	18892	5913	12979	14348
211.007086	2	203	5	1	0	4	202660	131	111	7240	304000	4000	1448	536	516000	40000	94	0	0	0	0	0
211.007177	1	203	203	0	18892	5913	12979	14348
212.214481	2	204	5	1	0	0	203864	131	111	7240	303500	3000	1448	536	512000	40000	131	0	0	0	0	0
212.214565	1	204	204	0	18892	5913	12979	14348
213.090782	2	205	5	1	0	0	204740	131	111	7240	303500	3000	1448	536	512000	40000	131	0	0	0	0	0
213.090868	1	205	205	0	18892	5913	12979	14348
214.027319	2	206	5	1	0	0	205680	131	111	7240	304000	4000	1448	536	516000	40000	94	0	0	0	0	0
214.027391	1	206	206	0	18892	5913	12979	14348
215.211973	2	207	5	1	0	0	206864	132	111	7240	303500	3000	1448	536	512000	40000	96	0	0	0	0	0
215.212060	1	207	207	0	18892	5913	12979	14348
216.127878	2	208	5	1	0	0	207780	132	111	7240	303500	3000	1448	536	512000	40000	93	0	0	0	0	0
216.127958	1	208	208	0	18892	5913	12979	14348
217.030667	2	209	5	1	0	0	208680	132	111	7240	303500	3000	1448	536	512000	40000	132	0	0	0	0	0
217.030756	1	209	209	0	18892	5913	12979	14348
218.254501	2	210	5	1	0	0	209904	132	111	7240	303500	3000	1448	536	512000	40000	132	0	0	0	0	0
218.254588	1	210	210	0	18892	5913	12979	14348
219.478434	2	211	5	1	0	0	211128	132	111	7240	303500	3000	1448	536	512000	40000	132	0	0	0	0	0
219.478514	1	211	211	0	18892	5913	12979	14348
220.108018	2	212	5	1	0	0	211760	132	111	7240	303500	3000	1448	536	512000	40000	96	0	0	0	0	0
220.108095	1	212	212	0	18892	5913	12979	14348
221.023867	2	213	5	1	0	0	212676	132	111	7240	303500	3000	1448	536	512000	40000	93	0	0	0	0	0
221.023955	1	213	213	0	18892	5913	12979	14348
222.247939	2	214	5	1	0	0	213900	132	111	7240	303500	3000	1448	536	512000	40000	93	0	0	0	0	0
222.248060	1	214	214	0	18892	5913	12979	14348
223.150884	2	215	5	1	0	0	214800	132	111	7240	303500	3000	1448	536	512000	40000	132	0	0	0	0	0
223.150995	1	215	215	0	18892	5913	12979	14348
224.374731	2	216	5	1	0	0	216024	132	111	7240	303500	3000	1448	536	512000	40000	132	0	0	0	0	0
224.374843	1	216	216	0	18892	5913	12979	14348
225.007082	2	217	5	1	0	4	216660	133	111	7240	303500	3000	1448	536	512000	40000	95	0	0	0	0	0
225.007165	1	217	217	0	18892	5913	12979	14348
226.227901	2	218	5	1	0	0	217880	133	111	7240	303500	3000	1448	536	512000	40000	92	0	0	0	0	0
226.228020	1	218	218	0	18892	5913	12979	14348
227.438964	2	219	5	1	0	0	219088	133	111	7240	303500	3000	1448	536	512000	40000	133	0	0	0	0	0
227.439104	1	219	219	0	18892	5913	12979	14348
228.068073	2	220	5	1	0	0	219720	133	111	7240	303500	3000	1448	536	512000	40000	94	0	0	0	0	0
228.068182	1	220	220	0	18892	5913	12979	14348
229.291973	2	221	5	1	0	0	220944	133	111	7240	303500	3000	1448	536	512000	40000	92	0	0	0	0	0
229.292097	1	221	221	0	18892	5913	12979	14348
230.502644	2	222	5	1	0	0	222152	133	111	7240	303500	3000	1448	536	512000	40000	133	0	0	0	0	0
230.502761	1	222	222	0	18892	5913	12979	14348
231.131852	2	223	5	1	0	0	222784	133	111	7240	303500	3000	1448	536	512000	40000	94	0	0	0	0	0
231.131962	1	223	223	0	18892	5913	12979	14348
232.034501	2	224	5	1	0	0	223684	133	111	7240	303500	3000	1448	536	512000	40000	133	0	0	0	0	0
232.034602	1	224	224	0	18892	5913	12979	14348
233.566769	2	225	5	1	0	0	225216	133	111	7240	303500	3000	1448	536	512000	40000	133	0	0	0	0	0
233.566889	1	225	225	0	18892	5913	12979	14348
234.196050	2	226	5	1	0	0	225848	133	111	7240	303500	3000	1448	536	512000	40000	94	0	0	0	0	0
234.196153	1	226	226	0	18892	5913	12979	14348
235.098493	2	227	5	1	0	0	226748	134	111	7240	303500	3000	1448	536	512000	40000	134	0	0	0	0	0
235.098615	1	227	227	0	18892	5913	12979	14348
236.036066	2	228	5	1	0	0	227688	134	111	7240	303500	4000	1448	536	512000	40000	93	0	0	0	0	0
236.036172	1	228	228	0	18892	5913	12979	14348
237.268098	2	229	5	1	0	0	228920	134	111	7240	303500	3000	1448	536	512000	40000	97	0	0	0	0	0
237.268185	1	229	229	0	18892	5913	12979	14348
238.183973	2	230	5	1	0	0	229836	134	111	7240	305000	4000	1448	536	516000	40000	91	0	0	0	0	0
238.184047	1	230	230	0	18892	5913	12979	14348
239.108013	2	231	5	1	0	0	230760	134	111	7240	303500	3000	1448	536	512000	40000	94	0	0	0	0	0
239.108091	1	231	231	0	18892	5913	12979	14348
240.031663	2	232	5	1	0	0	231684	134	111	7240	303500	3000	1448	536	512000	40000	97	0	0	0	0	0
240.031737	1	232	232	0	18892	5913	12979	14348
241.255872	2	233	5	1	0	0	232908	134	111	7240	305000	5000	1448	536	516000	40000	92	0	0	0	0	0
241.255961	1	233	233	0	18892	5913	12979	14348
242.180074	2	234	5	1	0	0	233832	134	111	7240	303500	3000	1448	536	512000	40000	95	0	0	0	0	0
242.180146	1	234	234	0	18892	5913	12979	14348
243.391005	2	235	5	1	0	0	235040	134	111	7240	303500	3000	1448	536	512000	40000	134	0	0	0	0	0
243.391091	1	235	235	0	18892	5913	12979	14348
244.020134	2	236	5	1	0	0	235672	134	111	7240	305000	5000	1448	536	516000	40000	92	0	0	0	0	0
244.020296	1	236	236	0	18892	5913	12979	14348
245.251812	2	237	5	1	0	0	236904	134	111	7240	303500	5000	1448	536	512000	40000	96	0	0	0	0	0
245.251898	1	237	237	0	18892	5913	12979	14348
246.154587	2	238	5	1	0	0	237804	134	111	7240	303500	3000	1448	536	512000	40000	134	0	0	0	0	0
246.154662	1	238	238	0	18892	5913	12979	14348
247.071513	2	239	5	1	0	0	238724	135	111	7240	304000	4000	1448	536	516000	40000	135	0	0	0	0	0
247.071598	1	239	239	0	18892	5913	12979	14348
248.274603	2	240	5	1	0	0	239924	135	111	7240	303500	3000	1448	536	512000	40000	135	0	0	0	0	0
248.274691	1	240	240	0	18892	5913	12979	14348
249.177016	2	241	5	1	0	0	240828	135	111	7240	303500	3000	1448	536	512000	40000	135	0	0	0	0	0
249.177093	1	241	241	0	18892	5913	12979	14348
250.079192	2	242	5	1	0	0	241732	135	111	7240	304000	3000	1448	536	516000	40000	135	0	0	0	0	0
250.079268	1	242	242	0	18892	5913	12979	14348
251.282136	2	243	5	1	0	0	242932	135	111	7240	303500	3000	1448	536	512000	40000	135	0	0	0	0	0
251.282224	1	243	243	0	18892	5913	12979	14348
252.185065	2	244	5	1	0	0	243836	135	111	7240	303500	3000	1448	536	512000	40000	135	0	0	0	0	0
252.185140	1	244	244	0	18892	5913	12979	14348
253.088994	2	245	5	1	0	0	244740	135	111	7240	303500	3000	1448	536	512000	40000	135	0	0	0	0	0
253.089075	1	245	245	0	18892	5913	12979	14348
254.292851	2	246	5	1	0	0	245944	135	111	7240	303500	4000	1448	536	512000	40000	135	0	0	0	0	0
254.292932	1	246	246	0	18892	5913	12979	14348
255.195904	2	247	5	1	0	0	246848	135	111	7240	304000	4000	1448	536	516000	40000	135	0	0	0	0	0
255.195977	1	247	247	0	18892	5913	12979	14348
256.098329	2	248	5	1	0	0	247748	135	111	7240	303500	3000	1448	536	512000	40000	135	0	0	0	0	0
256.098409	1	248	248	0	18892	5913	12979	14348
257.007074	2	249	5	1	0	8	248660	135	111	7240	303500	3000	1448	536	512000	40000	135	0	0	0	0	0
257.007160	1	249	249	0	18892	5913	12979	14348
258.205047	2	250	5	1	0	0	249856	135	111	7240	303500	3000	1448	536	512000	40000	135	0	0	0	0	0
258.205132	1	250	250	0	18892	5913	12979	14348
259.107622	2	251	5	1	0	0	250760	135	111	7240	304000	4000	1448	536	516000	40000	135	0	0	0	0	0
259.107708	1	251	251	0	18892	5913	12979	14348
260.010269	2	252	5	1	0	0	251660	136	111	7240	303500	3000	1448	536	512000	40000	135	0	0	0	0	0
260.010342	1	252	252	0	18892	5913	12979	14348
261.220744	2	253	5	1	0	0	252872	136	111	7240	306000	8000	1448	536	516000	40000	136	0	0	0	0	0
261.220832	1	253	253	0	18892	5913	12979	14348
262.123102	2	254	5	1	0	0	253776	136	111	7240	306500	5000	1448	536	516000	40000	135	0	0	0	0	0
262.123175	1	254	254	0	18892	5913	12979	14348
263.027100	2	255	5	1	0	0	254680	136	111	7240	310000	13000	1448	536	520000	40000	135	0	0	0	0	0
263.027212	1	255	255	0	18892	5913	12979	14348
264.231211	2	256	5	1	0	0	255884	136	111	7240	311000	14000	1448	536	520000	40000	135	0	0	0	0	0
264.231305	1	256	256	0	18892	5913	12979	14348
265.134025	2	257	5	1	0	0	256784	136	111	7240	310500	15000	1448	536	520000	40000	135	0	0	0	0	0
265.134106	1	257	257	0	18892	5913	12979	14348
266.036932	2	258	5	1	0	0	257688	136	111	7240	310500	15000	1448	536	520000	40000	135	0	0	0	0	0
266.037008	1	258	258	0	18892	5913	12979	14348
267.240363	2	259	5	1	0	0	258892	136	111	7240	311000	15000	1448	536	520000	40000	135	0	0	0	0	0
267.240452	1	259	259	0	18892	5913	12979	14348
268.142951	2	260	5	1	0	0	259792	136	111	7240	310500	15000	1448	536	520000	40000	135	0	0	0	0	0
268.143024	1	260	260	0	18892	5913	12979	14348
269.045720	2	261	5	1	0	0	260696	136	111	7240	311000	15000	1448	536	520000	40000	135	0	0	0	0	0
269.045803	1	261	261	0	18892	5913	12979	14348
270.249563	2	262	5	1	0	0	261900	136	111	7240	311000	15000	1448	536	520000	40000	135	0	0	0	0	0
270.249644	1	262	262	0	18892	5913	12979	14348
271.152737	2	263	5	1	0	0	262804	137	111	7240	307500	10000	1448	536	516000	40000	135	0	0	0	0	0
271.152813	1	263	263	0	18892	5913	12979	14348
272.055654	2	264	5	1	0	0	263708	137	111	7240	304000	5000	1448	536	516000	40000	135	0	0	0	0	0
272.055735	1	264	264	0	18892	5913	12979	14348
273.259513	2	265	5	1	0	0	264912	137	111	7240	304000	4000	1448	536	516000	40000	135	0	0	0	0	0
273.259603	1	265	265	0	18892	5913	12979	14348
274.162350	2	266	5	1	0	0	265812	137	111	7240	303500	3000	1448	536	512000	40000	135	0	0	0	0	0
274.162422	1	266	266	0	18892	5913	12979	14348
275.065218	2	267	5	1	0	0	266716	137	111	7240	303500	3000	1448	536	512000	40000	135	0	0	0	0	0
275.065304	1	267	267	0	18892	5913	12979	14348
276.268827	2	268	5	1	0	0	267920	137	111	7240	303500	3000	1448	536	512000	40000	135	0	0	0	0	0
276.268912	1	268	268	0	18892	5913	12979	14348
277.171651	2	269	5	1	0	0	268824	137	111	7240	304000	4000	1448	536	516000	40000	135	0	0	0	0	0
277.171733	1	269	269	0	18892	5913	12979	14348
278.074582	2	270	5	1	0	0	269724	137	111	7240	303500	3000	1448	536	512000	40000	135	0	0	0	0	0
278.074657	1	270	270	0	18892	5913	12979	14348
279.278233	2	271	5	1	0	0	270928	137	111	7240	303500	3000	1448	536	512000	40000	135	0	0	0	0	0
279.278321	1	271	271	0	18892	5913	12979	14348
280.181193	2	272	5	1	0	0	271832	138	111	7240	303500	3000	1448	536	512000	40000	135	0	0	0	0	0
280.181268	1	272	272	0	18892	5913	12979	14348
281.092483	2	273	5	1	0	0	272744	138	111	7240	305000	5000	1448	536	516000	40000	84	0	0	0	0	0
281.092570	1	273	273	0	18892	5913	12979	14348
282.283124	2	274	5	1	0	0	273936	138	111	7240	304000	4000	1448	536	516000	40000	135	0	0	0	0	0
282.283243	1	274	274	0	18892	5913	12979	14348
283.198339	2	275	5	1	0	0	274848	138	111	7240	303500	3000	1448	536	512000	40000	135	0	0	0	0	0
283.198423	1	275	275	0	18892	5913	12979	14348
284.100381	2	276	5	1	0	0	275752	138	111	7240	303500	3000	1448	536	512000	40000	135	0	0	0	0	0
284.100461	1	276	276	0	18892	5913	12979	14348
285.007084	2	277	5	1	0	0	276660	138	111	7240	303500	3000	1448	536	512000	40000	138	0	0	0	0	0
285.007168	1	277	277	0	18892	5913	12979	14348
286.207702	2	278	5	1	0	0	277860	138	111	7240	305000	5000	1448	536	516000	40000	90	0	0	0	0	0
286.207785	1	278	278	0	18892	5913	12979	14348
287.113873	2	279	5	1	0	0	278764	138	111	7240	303500	3000	1448	536	512000	40000	135	0	0	0	0	0
287.113959	1	279	279	0	18892	5913	12979	14348
288.016439	2	280	5	1	0	0	279668	138	111	7240	303500	3000	1448	536	512000	40000	135	0	0	0	0	0
288.016518	1	280	280	0	18892	5913	12979	14348
289.219952	2	281	5	1	0	0	280872	139	111	7240	304000	4000	1448	536	516000	40000	135	0	0	0	0	0
289.220042	1	281	281	0	18892	5913	12979	14348
290.122576	2	282	5	1	0	0	281772	139	111	7240	303500	3000	1448	536	512000	40000	135	0	0	0	0	0
290.122648	1	282	282	0	18892	5913	12979	14348
291.025484	2	283	5	1	0	0	282676	139	111	7240	303500	4000	1448	536	512000	40000	135	0	0	0	0	0
291.025568	1	283	283	0	18892	5913	12979	14348
292.229273	2	284	5	1	0	0	283880	139	111	7240	303500	4000	1448	536	512000	40000	135	0	0	0	0	0
292.229348	1	284	284	0	18892	5913	12979	14348
293.131531	2	285	5	1	0	0	284784	139	111	7240	304000	4000	1448	536	516000	40000	135	0	0	0	0	0
293.131619	1	285	285	0	18892	5913	12979	14348
293.438112	3	1	5	10.1.1.1	37004	htdocs/file.txt
