protocol: 5
domain: reno_10Mbps_3ms
start-time: 1424602338
sender-id: 1
app-name: tinyhttpd
schema: 0 _experiment_metadata subject:string key:string value:string 
schema: 1 _client_instrumentation measurements_injected:uint32 measurements_dropped:uint32 bytes_allocated:uint64 bytes_freed:uint64 bytes_in_use:uint64 bytes_max:uint64 
schema: 2 tinyhttpd_tcp socket:int32 state:int32 ca_state:int32 last_data_sent:int32 last_data_recv:int32 snd_cwnd:int32 snd_ssthresh:int32 rcv_ssthresh:int32 rtt:int32 rttvar:int32 snd_mss:int32 rcv_mss:int32 rto:int32 ato:int32 unacked:int32 sacked:int32 lost:int32 retrans:int32 fackets:int32 total_retrans:int32 
schema: 3 tinyhttpd_peer socket:int32 ip:string port:int32 file:string 
content: text

5.004634	2	1	5	1	0	4	232	43	75	14480	37000	7000	1448	536	236000	40000	43	0	0	0	0	0
5.005238	1	1	1	0	18883	5907	12976	14345
6.087538	2	2	5	1	0	0	1312	76	75	14480	81000	12000	1448	536	280000	40000	59	0	0	0	0	0
6.087627	1	2	2	0	18883	5907	12976	14345
7.027675	2	3	5	1	0	0	2252	76	75	14480	82500	9000	1448	536	280000	40000	59	0	0	0	0	0
7.027765	1	3	3	0	18883	5907	12976	14345
8.124493	2	4	5	1	0	0	3348	77	75	14480	83000	10000	1448	536	280000	40000	58	0	0	0	0	0
8.124584	1	4	4	0	18883	5907	12976	14345
9.064634	2	5	5	1	0	0	4292	77	75	14480	83500	10000	1448	536	280000	40000	58	0	0	0	0	0
9.064726	1	5	5	0	18883	5907	12976	14345
10.004746	2	6	5	1	0	0	5232	78	75	14480	84000	10000	1448	536	284000	40000	57	0	0	0	0	0
10.004838	1	6	6	0	18883	5907	12976	14345
11.101549	2	7	5	1	0	0	6328	78	75	14480	83500	9000	1448	536	280000	40000	57	0	0	0	0	0
11.101641	1	7	7	0	18883	5907	12976	14345
12.041737	2	8	5	1	0	0	7268	79	75	14480	83500	9000	1448	536	280000	40000	56	0	0	0	0	0
12.041835	1	8	8	0	18883	5907	12976	14345
13.138354	2	9	5	1	0	0	8364	79	75	14480	84000	10000	1448	536	284000	40000	56	0	0	0	0	0
13.138447	1	9	9	0	18883	5907	12976	14345
14.078629	2	10	5	1	0	0	9304	80	75	14480	84000	10000	1448	536	284000	40000	55	0	0	0	0	0
14.078720	1	10	10	0	18883	5907	12976	14345
15.018769	2	11	5	1	0	0	10244	80	75	14480	83500	10000	1448	536	280000	40000	55	0	0	0	0	0
15.018856	1	11	11	0	18883	5907	12976	14345
16.115515	2	12	5	1	0	0	11340	81	75	14480	83500	10000	1448	536	280000	40000	81	0	0	0	0	0
16.115608	1	12	12	0	18883	5907	12976	14345
17.055444	2	13	5	1	0	0	12280	81	75	14480	92000	10000	1448	536	292000	40000	63	0	0	0	0	0
17.055535	1	13	13	0	18883	5907	12976	14345
18.004596	2	14	5	1	0	4	13232	81	75	14480	92000	10000	1448	536	292000	40000	81	0	0	0	0	0
18.004691	1	14	14	0	18883	5907	12976	14345
19.092642	2	15	5	1	0	0	14320	82	75	14480	93000	11000	1448	536	292000	40000	61	0	0	0	0	0
19.092735	1	15	15	0	18883	5907	12976	14345
20.032669	2	16	5	1	0	0	15260	82	75	14480	93500	14000	1448	536	292000	40000	61	0	0	0	0	0
20.032753	1	16	16	0	18883	5907	12976	14345
21.129501	2	17	5	1	0	0	16356	83	75	14480	93500	11000	1448	536	292000	40000	59	0	0	0	0	0
21.129590	1	17	17	0	18883	5907	12976	14345
22.069721	2	18	5	1	0	0	17296	83	75	14480	93500	11000	1448	536	292000	40000	59	0	0	0	0	0
22.069813	1	18	18	0	18883	5907	12976	14345
23.004608	2	19	5	1	0	48	18232	84	75	14480	92500	9000	1448	536	292000	40000	78	0	0	0	0	0
23.004699	1	19	19	0	18883	5907	12976	14345
24.099795	2	20	5	1	0	44	19324	84	75	14480	91500	9000	1448	536	288000	40000	78	0	0	0	0	0
24.099887	1	20	20	0	18883	5907	12976	14345
25.029492	2	21	5	1	0	0	20256	85	75	14480	94000	10000	1448	536	292000	40000	85	0	0	0	0	0
25.029583	1	21	21	0	18883	5907	12976	14345
26.126410	2	22	5	1	0	0	21352	85	75	14480	94500	8000	1448	536	292000	40000	85	0	0	0	0	0
26.126500	1	22	22	0	18883	5907	12976	14345
27.067576	2	23	5	1	0	0	22292	86	75	14480	94500	8000	1448	536	292000	40000	86	0	0	0	0	0
27.067665	1	23	23	0	18883	5907	12976	14345
28.010387	2	24	5	1	0	40	23236	86	75	14480	97000	7000	1448	536	296000	40000	74	0	0	0	0	0
28.010479	1	24	24	0	18883	5907	12976	14345
29.109938	2	25	5	1	0	40	24336	87	75	14480	97000	7000	1448	536	296000	40000	77	0	0	0	0	0
29.110031	1	25	25	0	18883	5907	12976	14345
30.004599	2	26	5	1	0	16	25232	87	75	14480	98500	8000	1448	536	296000	40000	87	0	0	0	0	0
30.004684	1	26	26	0	18883	5907	12976	14345
31.106962	2	27	5	1	0	0	26332	88	75	14480	99000	7000	1448	536	296000	40000	88	0	0	0	0	0
31.107144	1	27	27	0	18883	5907	12976	14345
32.085177	2	28	5	1	0	40	27312	88	75	14480	99500	8000	1448	536	296000	40000	76	0	0	0	0	0
32.085269	1	28	28	0	18883	5907	12976	14345
33.075597	2	29	5	1	0	0	28300	89	75	14480	99000	7000	1448	536	296000	40000	89	0	0	0	0	0
33.075690	1	29	29	0	18883	5907	12976	14345
34.019254	2	30	5	1	0	40	29244	89	75	14480	96500	8000	1448	536	296000	40000	78	0	0	0	0	0
34.019347	1	30	30	0	18883	5907	12976	14345
35.011795	2	31	5	1	0	40	30236	89	75	14480	100500	4000	1448	536	300000	40000	78	0	0	0	0	0
35.011882	1	31	31	0	18883	5907	12976	14345
36.121716	2	32	5	1	0	0	31348	90	75	14480	105000	3000	1448	536	304000	40000	90	0	0	0	0	0
36.121806	1	32	32	0	18883	5907	12976	14345
37.061814	2	33	5	1	0	0	32288	90	75	14480	106500	3000	1448	536	304000	40000	90	0	0	0	0	0
37.061908	1	33	33	0	18883	5907	12976	14345
38.001841	2	34	5	1	0	0	33228	90	75	14480	107500	3000	1448	536	304000	40000	90	0	0	0	0	0
38.001932	1	34	34	0	18883	5907	12976	14345
39.099531	2	35	5	1	0	0	34324	91	75	14480	113000	14000	1448	536	312000	40000	91	0	0	0	0	0
39.099623	1	35	35	0	18883	5907	12976	14345
40.039543	2	36	5	1	0	0	35264	91	75	14480	119500	22000	1448	536	316000	40000	90	0	0	0	0	0
40.039629	1	36	36	0	18883	5907	12976	14345
41.135449	2	37	5	1	0	0	36360	91	75	14480	122500	23000	1448	536	320000	40000	90	0	0	0	0	0
41.135538	1	37	37	0	18883	5907	12976	14345
42.074959	2	38	5	1	0	0	37300	91	75	14480	122500	25000	1448	536	320000	40000	90	0	0	0	0	0
42.075051	1	38	38	0	18883	5907	12976	14345
43.014372	2	39	5	1	0	0	38240	92	75	14480	123000	25000	1448	536	320000	40000	90	0	0	0	0	0
43.014461	1	39	39	0	18883	5907	12976	14345
44.112307	2	40	5	1	0	0	39336	92	75	14480	114500	18000	1448	536	312000	40000	90	0	0	0	0	0
44.112400	1	40	40	0	18883	5907	12976	14345
45.052422	2	41	5	1	0	0	40276	92	75	14480	114500	18000	1448	536	312000	40000	90	0	0	0	0	0
45.052511	1	41	41	0	18883	5907	12976	14345
46.000626	2	42	5	1	0	0	41228	93	75	14480	114000	17000	1448	536	312000	40000	93	0	0	0	0	0
46.000708	1	42	42	0	18883	5907	12976	14345
47.090560	2	43	5	1	0	0	42316	93	75	14480	113500	16000	1448	536	312000	40000	90	0	0	0	0	0
47.090653	1	43	43	0	18883	5907	12976	14345
48.030631	2	44	5	1	0	0	43256	94	75	14480	113500	16000	1448	536	312000	40000	90	0	0	0	0	0
48.030724	1	44	44	0	18883	5907	12976	14345
49.128471	2	45	5	1	0	0	44352	94	75	14480	113000	16000	1448	536	312000	40000	90	0	0	0	0	0
49.128564	1	45	45	0	18883	5907	12976	14345
50.068835	2	46	5	1	0	0	45296	94	75	14480	113500	17000	1448	536	312000	40000	90	0	0	0	0	0
50.068921	1	46	46	0	18883	5907	12976	14345
51.009780	2	47	5	1	0	0	46236	95	75	14480	112500	15000	1448	536	312000	40000	90	0	0	0	0	0
51.009859	1	47	47	0	18883	5907	12976	14345
52.106862	2	48	5	1	0	0	47332	95	75	14480	113000	15000	1448	536	312000	40000	90	0	0	0	0	0
52.106955	1	48	48	0	18883	5907	12976	14345
53.046730	2	49	5	1	0	0	48272	96	75	14480	113000	15000	1448	536	312000	40000	90	0	0	0	0	0
53.046822	1	49	49	0	18883	5907	12976	14345
54.145418	2	50	5	1	0	0	49372	96	75	14480	113000	17000	1448	536	312000	40000	90	0	0	0	0	0
54.145507	1	50	50	0	18883	5907	12976	14345
55.084958	2	51	5	1	0	0	50312	96	75	14480	113000	17000	1448	536	312000	40000	90	0	0	0	0	0
55.085051	1	51	51	0	18883	5907	12976	14345
56.026317	2	52	5	1	0	0	51252	97	75	14480	112500	16000	1448	536	312000	40000	90	0	0	0	0	0
56.026393	1	52	52	0	18883	5907	12976	14345
57.123150	2	53	5	1	0	0	52348	97	75	14480	112500	16000	1448	536	312000	40000	90	0	0	0	0	0
57.123242	1	53	53	0	18883	5907	12976	14345
58.063380	2	54	5	1	0	0	53288	98	75	14480	112500	16000	1448	536	312000	40000	90	0	0	0	0	0
58.063472	1	54	54	0	18883	5907	12976	14345
59.004615	2	55	5	1	0	4	54232	98	75	14480	112000	16000	1448	536	312000	40000	98	0	0	0	0	0
59.004738	1	55	55	0	18883	5907	12976	14345
60.039102	2	56	5	1	0	0	55264	98	75	14480	112500	17000	1448	536	312000	40000	90	0	0	0	0	0
60.039194	1	56	56	0	18883	5907	12976	14345
61.083144	2	57	5	1	0	0	56308	98	75	14480	112500	17000	1448	536	312000	40000	90	0	0	0	0	0
61.083236	1	57	57	0	18883	5907	12976	14345
62.127091	2	58	5	1	0	0	57352	99	75	14480	112500	17000	1448	536	312000	40000	90	0	0	0	0	0
62.127264	1	58	58	0	18883	5907	12976	14345
63.171047	2	59	5	1	0	0	58396	99	75	14480	113000	17000	1448	536	312000	40000	90	0	0	0	0	0
63.171142	1	59	59	0	18883	5907	12976	14345
64.006408	2	60	5	1	0	0	59232	99	75	14480	112500	17000	1448	536	312000	40000	90	0	0	0	0	0
64.006514	1	60	60	0	18883	5907	12976	14345
65.050412	2	61	5	1	0	0	60276	100	75	14480	113000	17000	1448	536	312000	40000	90	0	0	0	0	0
65.050505	1	61	61	0	18883	5907	12976	14345
66.094453	2	62	5	1	0	0	61320	100	75	14480	112500	17000	1448	536	312000	40000	90	0	0	0	0	0
66.094540	1	62	62	0	18883	5907	12976	14345
67.138451	2	63	5	1	0	0	62364	100	75	14480	112500	17000	1448	536	312000	40000	90	0	0	0	0	0
67.138546	1	63	63	0	18883	5907	12976	14345
68.182497	2	64	5	1	0	0	63408	100	75	14480	112500	17000	1448	536	312000	40000	90	0	0	0	0	0
68.182590	1	64	64	0	18883	5907	12976	14345
69.017593	2	65	5	1	0	0	64244	101	75	14480	112500	16000	1448	536	312000	40000	90	0	0	0	0	0
69.017685	1	65	65	0	18883	5907	12976	14345
70.061703	2	66	5	1	0	0	65288	101	75	14480	112500	16000	1448	536	312000	40000	90	0	0	0	0	0
70.061795	1	66	66	0	18883	5907	12976	14345
71.105749	2	67	5	1	0	0	66332	101	75	14480	112500	16000	1448	536	312000	40000	90	0	0	0	0	0
71.105836	1	67	67	0	18883	5907	12976	14345
72.149663	2	68	5	1	0	0	67376	102	75	14480	112500	16000	1448	536	312000	40000	90	0	0	0	0	0
72.149759	1	68	68	0	18883	5907	12976	14345
73.193658	2	69	5	1	0	0	68420	102	75	14480	112500	16000	1448	536	312000	40000	90	0	0	0	0	0
73.193753	1	69	69	0	18883	5907	12976	14345
74.028943	2	70	5	1	0	0	69256	102	75	14480	113500	17000	1448	536	312000	40000	90	0	0	0	0	0
74.029035	1	70	70	0	18883	5907	12976	14345
75.073028	2	71	5	1	0	0	70300	102	75	14480	113500	17000	1448	536	312000	40000	90	0	0	0	0	0
75.073118	1	71	71	0	18883	5907	12976	14345
76.117025	2	72	5	1	0	0	71344	103	75	14480	112500	17000	1448	536	312000	40000	90	0	0	0	0	0
76.117112	1	72	72	0	18883	5907	12976	14345
77.161009	2	73	5	1	0	0	72388	103	75	14480	112000	16000	1448	536	312000	40000	90	0	0	0	0	0
77.161102	1	73	73	0	18883	5907	12976	14345
78.004595	2	74	5	1	0	4	73232	103	75	14480	112000	18000	1448	536	312000	40000	103	0	0	0	0	0
78.004687	1	74	74	0	18883	5907	12976	14345
79.040201	2	75	5	1	0	0	74264	104	75	14480	112000	18000	1448	536	312000	40000	90	0	0	0	0	0
79.040294	1	75	75	0	18883	5907	12976	14345
80.084232	2	76	5	1	0	0	75308	104	75	14480	112000	18000	1448	536	312000	40000	90	0	0	0	0	0
80.084325	1	76	76	0	18883	5907	12976	14345
81.128204	2	77	5	1	0	0	76352	104	75	14480	112000	18000	1448	536	312000	40000	90	0	0	0	0	0
81.128287	1	77	77	0	18883	5907	12976	14345
82.171984	2	78	5	1	0	0	77396	104	75	14480	112000	18000	1448	536	312000	40000	90	0	0	0	0	0
82.172076	1	78	78	0	18883	5907	12976	14345
83.077168	2	79	5	1	0	0	78304	105	75	14480	120000	14000	1448	536	320000	40000	90	0	0	0	0	0
83.077255	1	79	79	0	18883	5907	12976	14345
84.016876	2	80	5	1	0	0	79244	105	75	14480	120500	11000	1448	536	320000	40000	90	0	0	0	0	0
84.016969	1	80	80	0	18883	5907	12976	14345
85.113399	2	81	5	1	0	0	80340	105	75	14480	120000	11000	1448	536	320000	40000	90	0	0	0	0	0
85.113514	1	81	81	0	18883	5907	12976	14345
86.053281	2	82	5	1	0	0	81280	106	75	14480	120500	11000	1448	536	320000	40000	90	0	0	0	0	0
86.053355	1	82	82	0	18883	5907	12976	14345
87.004596	2	83	5	1	0	4	82232	106	75	14480	118000	8000	1448	536	316000	40000	106	0	0	0	0	0
87.004683	1	83	83	0	18883	5907	12976	14345
88.091156	2	84	5	1	0	0	83316	106	75	14480	119500	9000	1448	536	316000	40000	90	0	0	0	0	0
88.091258	1	84	84	0	18883	5907	12976	14345
89.032307	2	85	5	1	0	0	84256	107	75	14480	119500	9000	1448	536	316000	40000	90	0	0	0	0	0
89.032401	1	85	85	0	18883	5907	12976	14345
90.129207	2	86	5	1	0	0	85356	107	75	14480	119500	10000	1448	536	316000	40000	90	0	0	0	0	0
90.129300	1	86	86	0	18883	5907	12976	14345
91.069338	2	87	5	1	0	0	86296	107	75	14480	119000	8000	1448	536	316000	40000	90	0	0	0	0	0
91.069417	1	87	87	0	18883	5907	12976	14345
92.010735	2	88	5	1	0	0	87236	108	75	14480	119000	8000	1448	536	316000	40000	90	0	0	0	0	0
92.010825	1	88	88	0	18883	5907	12976	14345
93.107533	2	89	5	1	0	0	88332	108	75	14480	119500	11000	1448	536	316000	40000	90	0	0	0	0	0
93.107626	1	89	89	0	18883	5907	12976	14345
94.047598	2	90	5	1	0	0	89272	108	75	14480	119500	11000	1448	536	316000	40000	90	0	0	0	0	0
94.047690	1	90	90	0	18883	5907	12976	14345
95.145588	2	91	5	1	0	0	90372	109	75	14480	117500	11000	1448	536	316000	40000	90	0	0	0	0	0
95.145680	1	91	91	0	18883	5907	12976	14345
96.085782	2	92	5	1	0	0	91312	109	75	14480	117500	11000	1448	536	316000	40000	90	0	0	0	0	0
96.085859	1	92	92	0	18883	5907	12976	14345
97.025881	2	93	5	1	0	0	92252	109	75	14480	117500	11000	1448	536	316000	40000	90	0	0	0	0	0
97.025974	1	93	93	0	18883	5907	12976	14345
98.123923	2	94	5	1	0	0	93348	110	75	14480	120500	12000	1448	536	320000	40000	90	0	0	0	0	0
98.124017	1	94	94	0	18883	5907	12976	14345
99.063935	2	95	5	1	0	0	94288	110	75	14480	120500	14000	1448	536	320000	40000	90	0	0	0	0	0
99.064030	1	95	95	0	18883	5907	12976	14345
100.004046	2	96	5	1	0	0	95228	110	75	14480	120500	12000	1448	536	320000	40000	90	0	0	0	0	0
100.004138	1	96	96	0	18883	5907	12976	14345
101.102048	2	97	5	1	0	0	96328	111	75	14480	117500	11000	1448	536	316000	40000	90	0	0	0	0	0
101.102140	1	97	97	0	18883	5907	12976	14345
102.042108	2	98	5	1	0	0	97268	111	75	14480	117500	11000	1448	536	316000	40000	90	0	0	0	0	0
102.042205	1	98	98	0	18883	5907	12976	14345
103.139019	2	99	5	1	0	0	98364	111	75	14480	120000	12000	1448	536	320000	40000	90	0	0	0	0	0
103.139113	1	99	99	0	18883	5907	12976	14345
104.080203	2	100	5	1	0	0	99304	112	75	14480	121000	15000	1448	536	320000	40000	90	0	0	0	0	0
104.080296	1	100	100	0	18883	5907	12976	14345
105.019981	2	101	5	1	0	0	100244	112	75	14480	121000	15000	1448	536	320000	40000	90	0	0	0	0	0
105.020069	1	101	101	0	18883	5907	12976	14345
106.116308	2	102	5	1	0	0	101340	112	75	14480	121000	15000	1448	536	320000	40000	90	0	0	0	0	0
106.116393	1	102	102	0	18883	5907	12976	14345
107.056295	2	103	5	1	0	0	102280	112	75	14480	121000	15000	1448	536	320000	40000	90	0	0	0	0	0
107.056389	1	103	103	0	18883	5907	12976	14345
108.004596	2	104	5	1	0	8	103232	113	75	14480	121500	16000	1448	536	320000	40000	113	0	0	0	0	0
108.004694	1	104	104	0	18883	5907	12976	14345
109.092820	2	105	5	1	0	0	104320	113	75	14480	121500	16000	1448	536	320000	40000	113	0	0	0	0	0
109.092913	1	105	105	0	18883	5907	12976	14345
110.032425	2	106	5	1	0	0	105256	113	75	14480	121000	14000	1448	536	320000	40000	113	0	0	0	0	0
110.032517	1	106	106	0	18883	5907	12976	14345
111.128388	2	107	5	1	0	0	106352	113	75	14480	121000	14000	1448	536	320000	40000	113	0	0	0	0	0
111.128472	1	107	107	0	18883	5907	12976	14345
112.067873	2	108	5	1	0	0	107292	114	75	14480	121000	14000	1448	536	320000	40000	114	0	0	0	0	0
112.067963	1	108	108	0	18883	5907	12976	14345
113.008420	2	109	5	1	0	0	108232	114	75	14480	121500	16000	1448	536	320000	40000	114	0	0	0	0	0
113.008509	1	109	109	0	18883	5907	12976	14345
114.104365	2	110	5	1	0	0	109328	114	75	14480	121500	15000	1448	536	320000	40000	114	0	0	0	0	0
114.104459	1	110	110	0	18883	5907	12976	14345
115.043986	2	111	5	1	0	0	110268	114	75	14480	121500	16000	1448	536	320000	40000	114	0	0	0	0	0
115.044081	1	111	111	0	18883	5907	12976	14345
116.139856	2	112	5	1	0	0	111364	114	75	14480	121500	16000	1448	536	320000	40000	114	0	0	0	0	0
116.139938	1	112	112	0	18883	5907	12976	14345
117.080586	2	113	5	1	0	4	112308	115	75	14480	121500	16000	1448	536	320000	40000	115	0	0	0	0	0
117.080677	1	113	113	0	18883	5907	12976	14345
118.020064	2	114	5	1	0	0	113244	115	75	14480	121500	16000	1448	536	320000	40000	115	0	0	0	0	0
118.020156	1	114	114	0	18883	5907	12976	14345
119.115989	2	115	5	1	0	0	114340	115	75	14480	121500	16000	1448	536	320000	40000	115	0	0	0	0	0
119.116083	1	115	115	0	18883	5907	12976	14345
120.055389	2	116	5	1	0	0	115280	115	75	14480	121500	16000	1448	536	320000	40000	115	0	0	0	0	0
120.055481	1	116	116	0	18883	5907	12976	14345
121.000591	2	117	5	1	0	8	116228	116	75	14480	121500	16000	1448	536	320000	40000	116	0	0	0	0	0
121.000670	1	117	117	0	18883	5907	12976	14345
122.092123	2	118	5	1	0	0	117316	116	75	14480	121500	16000	1448	536	320000	40000	116	0	0	0	0	0
122.092217	1	118	118	0	18883	5907	12976	14345
123.031596	2	119	5	1	0	0	118256	116	75	14480	121500	16000	1448	536	320000	40000	116	0	0	0	0	0
123.031710	1	119	119	0	18883	5907	12976	14345
124.127606	2	120	5	1	0	0	119352	116	75	14480	121500	16000	1448	536	320000	40000	116	0	0	0	0	0
124.127700	1	120	120	0	18883	5907	12976	14345
125.066962	2	121	5	1	0	0	120292	116	75	14480	121500	16000	1448	536	320000	40000	116	0	0	0	0	0
125.067054	1	121	121	0	18883	5907	12976	14345
126.007548	2	122	5	1	0	0	121232	117	75	14480	121500	16000	1448	536	320000	40000	117	0	0	0	0	0
126.007635	1	122	122	0	18883	5907	12976	14345
127.103565	2	123	5	1	0	0	122328	117	75	14480	121500	16000	1448	536	320000	40000	117	0	0	0	0	0
127.103660	1	123	123	0	18883	5907	12976	14345
127.586814	3	1	5	10.1.1.1	45224	htdocs/file.txt
