protocol: 5
domain: reno_500Mbps_200ms
start-time: 1424583931
sender-id: 1
app-name: tinyhttpd
schema: 0 _experiment_metadata subject:string key:string value:string 
schema: 1 _client_instrumentation measurements_injected:uint32 measurements_dropped:uint32 bytes_allocated:uint64 bytes_freed:uint64 bytes_in_use:uint64 bytes_max:uint64 
schema: 2 tinyhttpd_tcp socket:int32 state:int32 ca_state:int32 last_data_sent:int32 last_data_recv:int32 snd_cwnd:int32 snd_ssthresh:int32 rcv_ssthresh:int32 rtt:int32 rttvar:int32 snd_mss:int32 rcv_mss:int32 rto:int32 ato:int32 unacked:int32 sacked:int32 lost:int32 retrans:int32 fackets:int32 total_retrans:int32 
schema: 3 tinyhttpd_peer socket:int32 ip:string port:int32 file:string 
content: text

7.046980	2	1	5	1	0	0	600	12	111	7240	210500	23000	1448	536	764000	40000	8	0	0	0	0	0
7.047562	1	1	1	0	18892	5913	12979	14348
8.251827	2	2	5	1	0	0	1808	20	111	7240	205000	5000	1448	536	476000	40000	16	0	0	0	0	0
8.251915	1	2	2	0	18892	5913	12979	14348
9.256157	2	3	5	1	0	0	2812	33	111	7240	203500	3000	1448	536	424000	40000	23	0	0	0	0	0
9.256237	1	3	3	0	18892	5913	12979	14348
10.263774	2	4	5	1	0	0	3820	50	111	7240	204000	4000	1448	536	416000	40000	41	0	0	0	0	0
10.263845	1	4	4	0	18892	5913	12979	14348
11.275077	2	5	5	1	0	4	4832	62	111	7240	203500	3000	1448	536	412000	40000	45	0	0	0	0	0
11.275159	1	5	5	0	18892	5913	12979	14348
12.079099	2	6	5	1	0	0	5636	73	111	7240	204000	4000	1448	536	416000	40000	73	0	0	0	0	0
12.079174	1	6	6	0	18892	5913	12979	14348
13.286169	2	7	5	1	0	0	6840	93	111	7240	203500	3000	1448	536	412000	40000	93	0	0	0	0	0
13.286290	1	7	7	0	18892	5913	12979	14348
14.090026	2	8	5	1	0	0	7644	107	111	7240	203500	3000	1448	536	412000	40000	90	0	0	0	0	0
14.090107	1	8	8	0	18892	5913	12979	14348
15.153047	2	9	5	1	0	0	8708	112	111	7240	207000	10000	1448	536	416000	40000	90	0	0	0	0	0
15.153118	1	9	9	0	18892	5913	12979	14348
16.315324	2	10	5	1	0	0	9872	112	111	7240	204000	4000	1448	536	416000	40000	90	0	0	0	0	0
16.315415	1	10	10	0	18892	5913	12979	14348
17.130850	2	11	5	1	0	0	10684	112	111	7240	203500	3000	1448	536	412000	40000	90	0	0	0	0	0
17.130921	1	11	11	0	18892	5913	12979	14348
18.354442	2	12	5	1	0	0	11908	112	111	7240	203500	3000	1448	536	412000	40000	90	0	0	0	0	0
18.354537	1	12	12	0	18892	5913	12979	14348
19.170514	2	13	5	1	0	0	12724	112	111	7240	203500	3000	1448	536	412000	40000	90	0	0	0	0	0
19.170591	1	13	13	0	18892	5913	12979	14348
20.003077	2	14	5	1	0	4	13560	113	111	7240	203500	3000	1448	536	412000	40000	98	0	0	0	0	0
20.003162	1	14	14	0	18892	5913	12979	14348
21.190570	2	15	5	1	0	0	14744	113	111	7240	207000	11000	1448	536	416000	40000	90	0	0	0	0	0
21.190670	1	15	15	0	18892	5913	12979	14348
22.051200	2	16	5	1	0	0	15608	113	111	7240	204000	4000	1448	536	416000	40000	113	0	0	0	0	0
22.051283	1	16	16	0	18892	5913	12979	14348
23.003072	2	17	5	1	0	8	16560	113	111	7240	203500	3000	1448	536	412000	40000	113	0	0	0	0	0
23.003147	1	17	17	0	18892	5913	12979	14348
24.204523	2	18	5	1	0	0	17760	113	111	7240	203500	3000	1448	536	412000	40000	113	0	0	0	0	0
24.204615	1	18	18	0	18892	5913	12979	14348
25.065695	2	19	5	1	0	0	18620	113	111	7240	203500	3000	1448	536	412000	40000	90	0	0	0	0	0
25.065768	1	19	19	0	18892	5913	12979	14348
26.013308	2	20	5	1	0	0	19568	114	111	7240	203500	3000	1448	536	412000	40000	114	0	0	0	0	0
26.013402	1	20	20	0	18892	5913	12979	14348
27.017924	2	21	5	1	0	0	20572	114	111	7240	203500	3000	1448	536	412000	40000	114	0	0	0	0	0
27.018000	1	21	21	0	18892	5913	12979	14348
28.223655	2	22	5	1	0	0	21780	114	111	7240	204000	4000	1448	536	416000	40000	114	0	0	0	0	0
28.223771	1	22	22	0	18892	5913	12979	14348
29.027388	2	23	5	1	0	0	22584	114	111	7240	204000	4000	1448	536	416000	40000	114	0	0	0	0	0
29.027460	1	23	23	0	18892	5913	12979	14348
30.243511	2	24	5	1	0	0	23800	114	111	7240	204000	4000	1448	536	416000	40000	90	0	0	0	0	0
30.243592	1	24	24	0	18892	5913	12979	14348
31.108023	2	25	5	1	0	0	24664	115	111	7240	203500	3000	1448	536	412000	40000	115	0	0	0	0	0
31.108129	1	25	25	0	18892	5913	12979	14348
32.051305	2	26	5	1	0	0	25608	115	111	7240	204000	4000	1448	536	416000	40000	115	0	0	0	0	0
32.051422	1	26	26	0	18892	5913	12979	14348
33.256448	2	27	5	1	0	0	26812	115	111	7240	203500	3000	1448	536	412000	40000	115	0	0	0	0	0
33.256569	1	27	27	0	18892	5913	12979	14348
34.261079	2	28	5	1	0	0	27816	115	111	7240	203500	3000	1448	536	412000	40000	115	0	0	0	0	0
34.261162	1	28	28	0	18892	5913	12979	14348
35.081348	2	29	5	1	0	0	28636	115	111	7240	203500	3000	1448	536	412000	40000	115	0	0	0	0	0
35.081420	1	29	29	0	18892	5913	12979	14348
36.069893	2	30	5	1	0	0	29624	115	111	7240	203500	3000	1448	536	412000	40000	115	0	0	0	0	0
36.069976	1	30	30	0	18892	5913	12979	14348
37.090339	2	31	5	1	0	0	30644	116	111	7240	203500	3000	1448	536	412000	40000	116	0	0	0	0	0
37.090413	1	31	31	0	18892	5913	12979	14348
38.079064	2	32	5	1	0	4	31636	116	111	7240	203500	3000	1448	536	412000	40000	90	0	0	0	0	0
38.079155	1	32	32	0	18892	5913	12979	14348
39.296397	2	33	5	1	0	0	32852	116	111	7240	203500	3000	1448	536	412000	40000	90	0	0	0	0	0
39.296486	1	33	33	0	18892	5913	12979	14348
40.128284	2	34	5	1	0	0	33684	116	111	7240	203500	3000	1448	536	412000	40000	90	0	0	0	0	0
40.128352	1	34	34	0	18892	5913	12979	14348
41.116607	2	35	5	1	0	0	34672	116	111	7240	203500	3000	1448	536	412000	40000	90	0	0	0	0	0
41.116691	1	35	35	0	18892	5913	12979	14348
42.322365	2	36	5	1	0	0	35876	116	111	7240	203500	3000	1448	536	412000	40000	116	0	0	0	0	0
42.322472	1	36	36	0	18892	5913	12979	14348
43.154024	2	37	5	1	0	0	36708	117	111	7240	203500	3000	1448	536	412000	40000	117	0	0	0	0	0
43.154105	1	37	37	0	18892	5913	12979	14348
44.142602	2	38	5	1	0	0	37696	117	111	7240	203500	3000	1448	536	412000	40000	117	0	0	0	0	0
44.142691	1	38	38	0	18892	5913	12979	14348
45.359544	2	39	5	1	0	0	38916	117	111	7240	204000	4000	1448	536	416000	40000	117	0	0	0	0	0
45.359623	1	39	39	0	18892	5913	12979	14348
46.190873	2	40	5	1	0	0	39744	117	111	7240	203500	3000	1448	536	412000	40000	117	0	0	0	0	0
46.190952	1	40	40	0	18892	5913	12979	14348
47.178392	2	41	5	1	0	0	40732	117	111	7240	203500	3000	1448	536	412000	40000	117	0	0	0	0	0
47.178467	1	41	41	0	18892	5913	12979	14348
48.021947	2	42	5	1	0	0	41576	118	111	7240	203500	3000	1448	536	412000	40000	90	0	0	0	0	0
48.022036	1	42	42	0	18892	5913	12979	14348
49.003077	2	43	5	1	0	8	42560	118	111	7240	203500	3000	1448	536	412000	40000	118	0	0	0	0	0
49.003160	1	43	43	0	18892	5913	12979	14348
50.216011	2	44	5	1	0	0	43772	118	111	7240	203500	3000	1448	536	412000	40000	118	0	0	0	0	0
50.216097	1	44	44	0	18892	5913	12979	14348
51.037291	2	45	5	1	0	0	44592	118	111	7240	203500	4000	1448	536	412000	40000	118	0	0	0	0	0
51.037363	1	45	45	0	18892	5913	12979	14348
52.024783	2	46	5	1	0	0	45580	118	111	7240	203500	3000	1448	536	412000	40000	90	0	0	0	0	0
52.024862	1	46	46	0	18892	5913	12979	14348
53.230181	2	47	5	1	0	0	46784	118	111	7240	203500	3000	1448	536	412000	40000	118	0	0	0	0	0
53.230274	1	47	47	0	18892	5913	12979	14348
54.063099	2	48	5	1	0	0	47620	119	111	7240	204000	4000	1448	536	416000	40000	90	0	0	0	0	0
54.063172	1	48	48	0	18892	5913	12979	14348
55.051233	2	49	5	1	0	0	48608	119	111	7240	204000	4000	1448	536	416000	40000	90	0	0	0	0	0
55.051312	1	49	49	0	18892	5913	12979	14348
56.257053	2	50	5	1	0	0	49812	119	111	7240	203500	3000	1448	536	412000	40000	119	0	0	0	0	0
56.257144	1	50	50	0	18892	5913	12979	14348
57.262058	2	51	5	1	0	0	50816	119	111	7240	203500	3000	1448	536	412000	40000	90	0	0	0	0	0
57.262142	1	51	51	0	18892	5913	12979	14348
58.065775	2	52	5	1	0	0	51620	119	111	7240	203500	3000	1448	536	412000	40000	119	0	0	0	0	0
58.065859	1	52	52	0	18892	5913	12979	14348
59.277002	2	53	5	1	0	0	52832	119	111	7240	203500	3000	1448	536	412000	40000	119	0	0	0	0	0
59.277088	1	53	53	0	18892	5913	12979	14348
60.080837	2	54	5	1	0	0	53636	120	111	7240	203500	3000	1448	536	412000	40000	90	0	0	0	0	0
60.080910	1	54	54	0	18892	5913	12979	14348
61.286684	2	55	5	1	0	0	54840	120	111	7240	203500	3000	1448	536	412000	40000	120	0	0	0	0	0
61.286765	1	55	55	0	18892	5913	12979	14348
62.090657	2	56	5	1	0	184	55644	120	111	7240	203500	3000	1448	536	412000	40000	90	0	0	0	0	0
62.090727	1	56	56	0	18892	5913	12979	14348
63.300706	2	57	5	1	0	188	56856	120	111	7240	203500	3000	1448	536	412000	40000	90	0	0	0	0	0
63.300879	1	57	57	0	18892	5913	12979	14348
64.108166	2	58	5	1	0	0	57664	120	111	7240	203500	3000	1448	536	412000	40000	120	0	0	0	0	0
64.108246	1	58	58	0	18892	5913	12979	14348
65.314019	2	59	5	1	0	0	58868	120	111	7240	203500	3000	1448	536	412000	40000	120	0	0	0	0	0
65.314109	1	59	59	0	18892	5913	12979	14348
66.149832	2	60	5	1	0	0	59704	120	111	7240	203500	3000	1448	536	412000	40000	90	0	0	0	0	0
66.149913	1	60	60	0	18892	5913	12979	14348
67.140823	2	61	5	1	0	0	60696	121	111	7240	203500	3000	1448	536	412000	40000	121	0	0	0	0	0
67.140894	1	61	61	0	18892	5913	12979	14348
68.346528	2	62	5	1	0	0	61900	121	111	7240	203500	3000	1448	536	412000	40000	121	0	0	0	0	0
68.346621	1	62	62	0	18892	5913	12979	14348
69.175037	2	63	5	1	0	4	62732	121	111	7240	203500	4000	1448	536	412000	40000	90	0	0	0	0	0
69.175118	1	63	63	0	18892	5913	12979	14348
70.168051	2	64	5	1	0	0	63724	121	111	7240	203500	3000	1448	536	412000	40000	121	0	0	0	0	0
70.168136	1	64	64	0	18892	5913	12979	14348
71.172953	2	65	5	1	0	0	64728	121	111	7240	203500	3000	1448	536	412000	40000	121	0	0	0	0	0
71.173026	1	65	65	0	18892	5913	12979	14348
72.177600	2	66	5	1	0	0	65732	121	111	7240	203500	3000	1448	536	412000	40000	121	0	0	0	0	0
72.177716	1	66	66	0	18892	5913	12979	14348
73.182028	2	67	5	1	0	0	66736	122	111	7240	203500	3000	1448	536	412000	40000	122	0	0	0	0	0
73.182139	1	67	67	0	18892	5913	12979	14348
74.186321	2	68	5	1	0	0	67740	122	111	7240	203500	3000	1448	536	412000	40000	122	0	0	0	0	0
74.186447	1	68	68	0	18892	5913	12979	14348
75.191416	2	69	5	1	0	0	68748	122	111	7240	204000	4000	1448	536	416000	40000	122	0	0	0	0	0
75.191521	1	69	69	0	18892	5913	12979	14348
76.196356	2	70	5	1	0	0	69752	122	111	7240	203500	3000	1448	536	412000	40000	122	0	0	0	0	0
76.196470	1	70	70	0	18892	5913	12979	14348
77.201156	2	71	5	1	0	0	70756	122	111	7240	203500	3000	1448	536	412000	40000	122	0	0	0	0	0
77.201260	1	71	71	0	18892	5913	12979	14348
78.025938	2	72	5	1	0	4	71580	122	111	7240	203500	3000	1448	536	412000	40000	90	0	0	0	0	0
78.026018	1	72	72	0	18892	5913	12979	14348
79.029546	2	73	5	1	0	4	72584	123	111	7240	203500	3000	1448	536	412000	40000	90	0	0	0	0	0
79.029628	1	73	73	0	18892	5913	12979	14348
80.215378	2	74	5	1	0	0	73772	123	111	7240	204000	4000	1448	536	416000	40000	90	0	0	0	0	0
80.215484	1	74	74	0	18892	5913	12979	14348
81.019112	2	75	5	1	0	0	74576	123	111	7240	204000	4000	1448	536	416000	40000	123	0	0	0	0	0
81.019213	1	75	75	0	18892	5913	12979	14348
82.023574	2	76	5	1	0	0	75580	123	111	7240	204000	4000	1448	536	416000	40000	90	0	0	0	0	0
82.023686	1	76	76	0	18892	5913	12979	14348
83.228581	2	77	5	1	0	0	76784	123	111	7240	203500	3000	1448	536	412000	40000	123	0	0	0	0	0
83.228700	1	77	77	0	18892	5913	12979	14348
84.232926	2	78	5	1	0	0	77788	123	111	7240	203500	3000	1448	536	412000	40000	123	0	0	0	0	0
84.233020	1	78	78	0	18892	5913	12979	14348
85.237096	2	79	5	1	0	0	78792	123	111	7240	203500	3000	1448	536	412000	40000	123	0	0	0	0	0
85.237186	1	79	79	0	18892	5913	12979	14348
86.058689	2	80	5	1	0	0	79612	124	111	7240	203500	3000	1448	536	412000	40000	90	0	0	0	0	0
86.058768	1	80	80	0	18892	5913	12979	14348
87.257773	2	81	5	1	0	0	80812	124	111	7240	203500	3000	1448	536	412000	40000	124	0	0	0	0	0
87.257854	1	81	81	0	18892	5913	12979	14348
88.061236	2	82	5	1	0	0	81616	124	111	7240	203500	3000	1448	536	412000	40000	90	0	0	0	0	0
88.061314	1	82	82	0	18892	5913	12979	14348
89.065497	2	83	5	1	0	0	82620	124	111	7240	203500	3000	1448	536	412000	40000	124	0	0	0	0	0
89.065589	1	83	83	0	18892	5913	12979	14348
90.271146	2	84	5	1	0	0	83828	124	111	7240	204000	4000	1448	536	416000	40000	124	0	0	0	0	0
90.271235	1	84	84	0	18892	5913	12979	14348
91.275854	2	85	5	1	0	0	84832	124	111	7240	204000	4000	1448	536	416000	40000	124	0	0	0	0	0
91.275940	1	85	85	0	18892	5913	12979	14348
92.117890	2	86	5	1	0	0	85672	124	111	7240	203500	3000	1448	536	412000	40000	124	0	0	0	0	0
92.117962	1	86	86	0	18892	5913	12979	14348
93.095458	2	87	5	1	0	0	86652	125	111	7240	204000	4000	1448	536	416000	40000	125	0	0	0	0	0
93.095544	1	87	87	0	18892	5913	12979	14348
94.300955	2	88	5	1	0	0	87856	125	111	7240	203500	3000	1448	536	412000	40000	125	0	0	0	0	0
94.301130	1	88	88	0	18892	5913	12979	14348
95.305597	2	89	5	1	0	0	88860	125	111	7240	203500	3000	1448	536	412000	40000	125	0	0	0	0	0
95.305685	1	89	89	0	18892	5913	12979	14348
96.310336	2	90	5	1	0	0	89864	125	111	7240	203500	3000	1448	536	412000	40000	125	0	0	0	0	0
96.310418	1	90	90	0	18892	5913	12979	14348
97.315186	2	91	5	1	0	0	90872	125	111	7240	204000	4000	1448	536	416000	40000	125	0	0	0	0	0
97.315270	1	91	91	0	18892	5913	12979	14348
98.319770	2	92	5	1	0	0	91876	125	111	7240	204000	4000	1448	536	416000	40000	125	0	0	0	0	0
98.319855	1	92	92	0	18892	5913	12979	14348
99.325334	2	93	5	1	0	0	92880	126	111	7240	203500	3000	1448	536	412000	40000	126	0	0	0	0	0
99.325426	1	93	93	0	18892	5913	12979	14348
100.330018	2	94	5	1	0	0	93884	126	111	7240	203500	3000	1448	536	412000	40000	126	0	0	0	0	0
100.330097	1	94	94	0	18892	5913	12979	14348
101.153758	2	95	5	1	0	4	94708	126	111	7240	203500	3000	1448	536	412000	40000	90	0	0	0	0	0
101.153837	1	95	95	0	18892	5913	12979	14348
102.157759	2	96	5	1	0	4	95712	126	111	7240	203500	3000	1448	536	412000	40000	90	0	0	0	0	0
102.157842	1	96	96	0	18892	5913	12979	14348
103.143493	2	97	5	1	0	0	96700	126	111	7240	204000	4000	1448	536	416000	40000	126	0	0	0	0	0
103.143574	1	97	97	0	18892	5913	12979	14348
104.148274	2	98	5	1	0	0	97704	126	111	7240	203500	3000	1448	536	412000	40000	126	0	0	0	0	0
104.148394	1	98	98	0	18892	5913	12979	14348
105.152920	2	99	5	1	0	0	98708	127	111	7240	203500	3000	1448	536	412000	40000	127	0	0	0	0	0
105.153002	1	99	99	0	18892	5913	12979	14348
106.358521	2	100	5	1	0	0	99912	127	111	7240	203500	3000	1448	536	412000	40000	127	0	0	0	0	0
106.358613	1	100	100	0	18892	5913	12979	14348
107.187637	2	101	5	1	0	0	100744	127	111	7240	204000	4000	1448	536	416000	40000	90	0	0	0	0	0
107.187708	1	101	101	0	18892	5913	12979	14348
108.179224	2	102	5	1	0	0	101736	127	111	7240	204000	4000	1448	536	416000	40000	127	0	0	0	0	0
108.179312	1	102	102	0	18892	5913	12979	14348
109.008745	2	103	5	1	0	0	102564	127	111	7240	203500	3000	1448	536	412000	40000	127	0	0	0	0	0
109.008824	1	103	103	0	18892	5913	12979	14348
110.003080	2	104	5	1	0	4	103560	127	111	7240	203500	4000	1448	536	412000	40000	90	0	0	0	0	0
110.003171	1	104	104	0	18892	5913	12979	14348
111.205678	2	105	5	1	0	0	104760	127	111	7240	203500	3000	1448	536	412000	40000	127	0	0	0	0	0
111.205763	1	105	105	0	18892	5913	12979	14348
112.035869	2	106	5	1	0	0	105592	128	111	7240	204000	4000	1448	536	416000	40000	90	0	0	0	0	0
112.035948	1	106	106	0	18892	5913	12979	14348
113.027288	2	107	5	1	0	0	106584	128	111	7240	204000	4000	1448	536	416000	40000	128	0	0	0	0	0
113.027364	1	107	107	0	18892	5913	12979	14348
114.233181	2	108	5	1	0	0	107788	128	111	7240	203500	3000	1448	536	412000	40000	128	0	0	0	0	0
114.233274	1	108	108	0	18892	5913	12979	14348
115.073892	2	109	5	1	0	0	108628	128	111	7240	203500	3000	1448	536	412000	40000	90	0	0	0	0	0
115.073971	1	109	109	0	18892	5913	12979	14348
116.054721	2	110	5	1	0	0	109608	128	111	7240	203500	3000	1448	536	412000	40000	128	0	0	0	0	0
116.054811	1	110	110	0	18892	5913	12979	14348
117.272844	2	111	5	1	0	0	110828	128	111	7240	203500	3000	1448	536	412000	40000	128	0	0	0	0	0
117.272927	1	111	111	0	18892	5913	12979	14348
118.100118	2	112	5	1	0	0	111656	128	111	7240	203500	3000	1448	536	412000	40000	97	0	0	0	0	0
118.100204	1	112	112	0	18892	5913	12979	14348
119.305370	2	113	5	1	0	0	112860	129	111	7240	203500	3000	1448	536	412000	40000	129	0	0	0	0	0
119.305460	1	113	113	0	18892	5913	12979	14348
120.121886	2	114	5	1	0	0	113676	129	111	7240	203500	3000	1448	536	412000	40000	129	0	0	0	0	0
120.121965	1	114	114	0	18892	5913	12979	14348
121.163947	2	115	5	1	0	0	114720	129	111	7240	203500	3000	1448	536	412000	40000	96	0	0	0	0	0
121.164060	1	115	115	0	18892	5913	12979	14348
122.369552	2	116	5	1	0	0	115924	129	111	7240	203500	3000	1448	536	412000	40000	129	0	0	0	0	0
122.369668	1	116	116	0	18892	5913	12979	14348
123.185351	2	117	5	1	0	0	116740	129	111	7240	203500	3000	1448	536	412000	40000	129	0	0	0	0	0
123.185453	1	117	117	0	18892	5913	12979	14348
124.001451	2	118	5	1	0	0	117556	129	111	7240	203500	3000	1448	536	412000	40000	129	0	0	0	0	0
124.001662	1	118	118	0	18892	5913	12979	14348
125.036115	2	119	5	1	0	0	118592	129	111	7240	203500	3000	1448	536	412000	40000	96	0	0	0	0	0
125.036231	1	119	119	0	18892	5913	12979	14348
126.054610	2	120	5	1	0	0	119608	130	111	7240	203500	3000	1448	536	412000	40000	130	0	0	0	0	0
126.054699	1	120	120	0	18892	5913	12979	14348
127.067364	2	121	5	1	0	0	120624	130	111	7240	204000	4000	1448	536	416000	40000	130	0	0	0	0	0
127.067434	1	121	121	0	18892	5913	12979	14348
128.079110	2	122	5	1	0	0	121636	130	111	7240	204000	4000	1448	536	416000	40000	130	0	0	0	0	0
128.079198	1	122	122	0	18892	5913	12979	14348
129.090937	2	123	5	1	0	0	122644	130	111	7240	203500	3000	1448	536	412000	40000	130	0	0	0	0	0
129.091029	1	123	123	0	18892	5913	12979	14348
130.102632	2	124	5	1	0	0	123656	130	111	7240	203500	3000	1448	536	412000	40000	130	0	0	0	0	0
130.102722	1	124	124	0	18892	5913	12979	14348
131.114792	2	125	5	1	0	0	124668	130	111	7240	203500	3000	1448	536	412000	40000	130	0	0	0	0	0
131.114871	1	125	125	0	18892	5913	12979	14348
132.127060	2	126	5	1	0	4	125684	130	111	7240	203500	3000	1448	536	412000	40000	130	0	0	0	0	0
132.127142	1	126	126	0	18892	5913	12979	14348
133.139000	2	127	5	1	0	0	126692	130	111	7240	203500	3000	1448	536	412000	40000	130	0	0	0	0	0
133.139076	1	127	127	0	18892	5913	12979	14348
134.150858	2	128	5	1	0	0	127704	131	111	7240	203500	3000	1448	536	412000	40000	131	0	0	0	0	0
134.150947	1	128	128	0	18892	5913	12979	14348
135.162883	2	129	5	1	0	0	128716	131	111	7240	203500	3000	1448	536	412000	40000	131	0	0	0	0	0
135.162964	1	129	129	0	18892	5913	12979	14348
136.174683	2	130	5	1	0	0	129728	131	111	7240	203500	3000	1448	536	412000	40000	131	0	0	0	0	0
136.174767	1	130	130	0	18892	5913	12979	14348
137.186917	2	131	5	1	0	0	130740	131	111	7240	203500	3000	1448	536	412000	40000	131	0	0	0	0	0
137.186988	1	131	131	0	18892	5913	12979	14348
138.198877	2	132	5	1	0	0	131752	131	111	7240	203500	3000	1448	536	412000	40000	131	0	0	0	0	0
138.198963	1	132	132	0	18892	5913	12979	14348
139.210507	2	133	5	1	0	0	132764	131	111	7240	203500	3000	1448	536	412000	40000	131	0	0	0	0	0
139.210593	1	133	133	0	18892	5913	12979	14348
140.003083	2	134	5	1	0	4	133560	131	111	7240	204000	4000	1448	536	416000	40000	94	0	0	0	0	0
140.003164	1	134	134	0	18892	5913	12979	14348
141.011683	2	135	5	1	0	0	134568	131	111	7240	204000	4000	1448	536	416000	40000	94	0	0	0	0	0
141.011761	1	135	135	0	18892	5913	12979	14348
142.023807	2	136	5	1	0	0	135580	132	111	7240	204000	4000	1448	536	416000	40000	94	0	0	0	0	0
142.023881	1	136	136	0	18892	5913	12979	14348
143.056138	2	137	5	1	0	0	136612	132	111	7240	203500	3000	1448	536	412000	40000	96	0	0	0	0	0
143.056214	1	137	137	0	18892	5913	12979	14348
144.275111	2	138	5	1	0	0	137832	132	111	7240	204000	4000	1448	536	416000	40000	132	0	0	0	0	0
144.275202	1	138	138	0	18892	5913	12979	14348
145.098769	2	139	5	1	0	0	138652	132	111	7240	203500	3000	1448	536	412000	40000	132	0	0	0	0	0
145.098846	1	139	139	0	18892	5913	12979	14348
146.143883	2	140	5	1	0	0	139700	132	111	7240	203500	3000	1448	536	412000	40000	93	0	0	0	0	0
146.143978	1	140	140	0	18892	5913	12979	14348
147.176062	2	141	5	1	0	0	140732	132	111	7240	203500	3000	1448	536	412000	40000	96	0	0	0	0	0
147.176132	1	141	141	0	18892	5913	12979	14348
148.003083	2	142	5	1	0	4	141560	132	111	7240	203500	3000	1448	536	412000	40000	96	0	0	0	0	0
148.003166	1	142	142	0	18892	5913	12979	14348
149.218826	2	143	5	1	0	0	142772	133	111	7240	203500	3000	1448	536	412000	40000	133	0	0	0	0	0
149.218919	1	143	143	0	18892	5913	12979	14348
150.250986	2	144	5	1	0	0	143804	133	111	7240	203500	3000	1448	536	412000	40000	133	0	0	0	0	0
150.251066	1	144	144	0	18892	5913	12979	14348
151.282832	2	145	5	1	0	0	144836	133	111	7240	203500	3000	1448	536	412000	40000	133	0	0	0	0	0
151.282923	1	145	145	0	18892	5913	12979	14348
152.314281	2	146	5	1	0	0	145868	133	111	7240	203500	3000	1448	536	412000	40000	133	0	0	0	0	0
152.314355	1	146	146	0	18892	5913	12979	14348
153.346550	2	147	5	1	0	0	146900	133	111	7240	203500	3000	1448	536	412000	40000	133	0	0	0	0	0
153.346630	1	147	147	0	18892	5913	12979	14348
154.378576	2	148	5	1	0	0	147932	133	111	7240	203500	3000	1448	536	412000	40000	133	0	0	0	0	0
154.378661	1	148	148	0	18892	5913	12979	14348
155.016019	2	149	5	1	0	0	148572	133	111	7240	203500	3000	1448	536	412000	40000	96	0	0	0	0	0
155.016092	1	149	149	0	18892	5913	12979	14348
156.048019	2	150	5	1	0	0	149604	134	111	7240	203500	3000	1448	536	412000	40000	95	0	0	0	0	0
156.048111	1	150	150	0	18892	5913	12979	14348
157.079958	2	151	5	1	0	0	150636	134	111	7240	205000	4000	1448	536	416000	40000	91	0	0	0	0	0
157.080028	1	151	151	0	18892	5913	12979	14348
158.120047	2	152	5	1	0	0	151676	134	111	7240	203500	3000	1448	536	412000	40000	96	0	0	0	0	0
158.120127	1	152	152	0	18892	5913	12979	14348
159.152136	2	153	5	1	0	0	152708	134	111	7240	205000	5000	1448	536	416000	40000	92	0	0	0	0	0
159.152213	1	153	153	0	18892	5913	12979	14348
160.192114	2	154	5	1	0	0	153748	134	111	7240	203500	3000	1448	536	412000	40000	97	0	0	0	0	0
160.192208	1	154	154	0	18892	5913	12979	14348
161.016016	2	155	5	1	0	0	154572	134	111	7240	205000	6000	1448	536	416000	40000	92	0	0	0	0	0
161.016090	1	155	155	0	18892	5913	12979	14348
162.055981	2	156	5	1	0	0	155612	134	111	7240	203500	3000	1448	536	412000	40000	97	0	0	0	0	0
162.056063	1	156	156	0	18892	5913	12979	14348
163.087987	2	157	5	1	0	0	156644	134	111	7240	203500	4000	1448	536	412000	40000	93	0	0	0	0	0
163.088059	1	157	157	0	18892	5913	12979	14348
164.127986	2	158	5	1	0	28	157684	135	111	7240	203500	4000	1448	536	412000	40000	95	0	0	0	0	0
164.128073	1	158	158	0	18892	5913	12979	14348
165.168019	2	159	5	1	0	68	158724	135	111	7240	203500	3000	1448	536	412000	40000	95	0	0	0	0	0
165.168104	1	159	159	0	18892	5913	12979	14348
166.003084	2	160	5	1	0	100	159560	135	111	7240	203500	3000	1448	536	412000	40000	95	0	0	0	0	0
166.003174	1	160	160	0	18892	5913	12979	14348
167.040016	2	161	5	1	0	132	160596	135	111	7240	203500	3000	1448	536	412000	40000	95	0	0	0	0	0
167.040088	1	161	161	0	18892	5913	12979	14348
168.080031	2	162	5	1	0	168	161636	135	111	7240	203500	3000	1448	536	412000	40000	95	0	0	0	0	0
168.080115	1	162	162	0	18892	5913	12979	14348
169.117985	2	163	5	1	0	0	162672	135	111	7240	203500	3000	1448	536	412000	40000	135	0	0	0	0	0
169.118069	1	163	163	0	18892	5913	12979	14348
170.121047	2	164	5	1	0	0	163676	135	111	7240	203500	3000	1448	536	412000	40000	135	0	0	0	0	0
170.121137	1	164	164	0	18892	5913	12979	14348
171.124048	2	165	5	1	0	0	164680	136	111	7240	203500	3000	1448	536	412000	40000	135	0	0	0	0	0
171.124133	1	165	165	0	18892	5913	12979	14348
172.125432	2	166	5	1	0	0	165680	136	111	7240	206500	9000	1448	536	416000	40000	135	0	0	0	0	0
172.125516	1	166	166	0	18892	5913	12979	14348
173.130110	2	167	5	1	0	0	166684	136	111	7240	210500	16000	1448	536	420000	40000	135	0	0	0	0	0
173.130183	1	167	167	0	18892	5913	12979	14348
174.135046	2	168	5	1	0	4	167692	136	111	7240	211500	16000	1448	536	420000	40000	135	0	0	0	0	0
174.135132	1	168	168	0	18892	5913	12979	14348
175.140010	2	169	5	1	0	0	168696	136	111	7240	212000	15000	1448	536	424000	40000	135	0	0	0	0	0
175.140100	1	169	169	0	18892	5913	12979	14348
176.145164	2	170	5	1	0	0	169700	136	111	7240	211000	15000	1448	536	420000	40000	135	0	0	0	0	0
176.145254	1	170	170	0	18892	5913	12979	14348
177.157011	2	171	5	1	0	0	170712	136	111	7240	205000	6000	1448	536	416000	40000	136	0	0	0	0	0
177.157081	1	171	171	0	18892	5913	12979	14348
178.161736	2	172	5	1	0	0	171716	136	111	7240	207500	11000	1448	536	416000	40000	135	0	0	0	0	0
178.161821	1	172	172	0	18892	5913	12979	14348
179.166081	2	173	5	1	0	0	172720	136	111	7240	209000	11000	1448	536	420000	40000	135	0	0	0	0	0
179.166156	1	173	173	0	18892	5913	12979	14348
180.170316	2	174	5	1	0	0	173724	137	111	7240	210000	11000	1448	536	420000	40000	135	0	0	0	0	0
180.170404	1	174	174	0	18892	5913	12979	14348
181.174589	2	175	5	1	0	0	174728	137	111	7240	203500	3000	1448	536	412000	40000	135	0	0	0	0	0
181.174669	1	175	175	0	18892	5913	12979	14348
182.174133	2	176	5	1	0	0	175728	137	111	7240	203500	7000	1448	536	412000	40000	135	0	0	0	0	0
182.174212	1	176	176	0	18892	5913	12979	14348
183.179775	2	177	5	1	0	0	176736	137	111	7240	204000	4000	1448	536	416000	40000	135	0	0	0	0	0
183.179985	1	177	177	0	18892	5913	12979	14348
184.184907	2	178	5	1	0	0	177740	137	111	7240	203500	4000	1448	536	412000	40000	135	0	0	0	0	0
184.185020	1	178	178	0	18892	5913	12979	14348
185.003080	2	179	5	1	0	0	178560	137	111	7240	203500	3000	1448	536	412000	40000	137	0	0	0	0	0
185.003161	1	179	179	0	18892	5913	12979	14348
186.003080	2	180	5	1	0	4	179560	137	111	7240	203500	3000	1448	536	412000	40000	135	0	0	0	0	0
186.003168	1	180	180	0	18892	5913	12979	14348
187.035072	2	181	5	1	0	0	180592	138	111	7240	204000	7000	1448	536	416000	40000	135	0	0	0	0	0
187.035143	1	181	181	0	18892	5913	12979	14348
188.039942	2	182	5	1	0	0	181596	138	111	7240	204000	4000	1448	536	416000	40000	135	0	0	0	0	0
188.040021	1	182	182	0	18892	5913	12979	14348
189.051610	2	183	5	1	0	0	182608	138	111	7240	204000	3000	1448	536	416000	40000	135	0	0	0	0	0
189.051684	1	183	183	0	18892	5913	12979	14348
190.056358	2	184	5	1	0	0	183612	138	111	7240	203500	4000	1448	536	412000	40000	135	0	0	0	0	0
190.056445	1	184	184	0	18892	5913	12979	14348
191.060919	2	185	5	1	0	0	184616	138	111	7240	203500	3000	1448	536	412000	40000	135	0	0	0	0	0
191.060997	1	185	185	0	18892	5913	12979	14348
192.065541	2	186	5	1	0	0	185620	138	111	7240	203500	3000	1448	536	412000	40000	135	0	0	0	0	0
192.065620	1	186	186	0	18892	5913	12979	14348
193.070263	2	187	5	1	0	0	186624	139	111	7240	203500	3000	1448	536	412000	40000	135	0	0	0	0	0
193.070334	1	187	187	0	18892	5913	12979	14348
194.075280	2	188	5	1	0	0	187632	139	111	7240	204000	3000	1448	536	416000	40000	135	0	0	0	0	0
194.075365	1	188	188	0	18892	5913	12979	14348
195.079923	2	189	5	1	0	0	188636	139	111	7240	204000	4000	1448	536	416000	40000	135	0	0	0	0	0
195.080006	1	189	189	0	18892	5913	12979	14348
196.044239	2	190	5	1	0	0	189600	139	111	7240	203500	3000	1448	536	412000	40000	135	0	0	0	0	0
196.044345	1	190	190	0	18892	5913	12979	14348
197.048990	2	191	5	1	0	0	190604	139	111	7240	203500	4000	1448	536	412000	40000	135	0	0	0	0	0
197.049061	1	191	191	0	18892	5913	12979	14348
197.263372	3	1	5	10.1.1.1	37001	htdocs/file.txt
