protocol: 5
domain: scalable_10Mbps_1ms
start-time: 1424600391
sender-id: 1
app-name: tinyhttpd
schema: 0 _experiment_metadata subject:string key:string value:string 
schema: 1 _client_instrumentation measurements_injected:uint32 measurements_dropped:uint32 bytes_allocated:uint64 bytes_freed:uint64 bytes_in_use:uint64 bytes_max:uint64 
schema: 2 tinyhttpd_tcp socket:int32 state:int32 ca_state:int32 last_data_sent:int32 last_data_recv:int32 snd_cwnd:int32 snd_ssthresh:int32 rcv_ssthresh:int32 rtt:int32 rttvar:int32 snd_mss:int32 rcv_mss:int32 rto:int32 ato:int32 unacked:int32 sacked:int32 lost:int32 retrans:int32 fackets:int32 total_retrans:int32 
schema: 3 tinyhttpd_peer socket:int32 ip:string port:int32 file:string 
content: text

3.036654	2	1	5	1	0	0	332	50	75	14480	44000	6000	1448	536	244000	40000	49	0	0	0	0	0
3.037253	1	1	1	0	18895	5915	12980	14349
4.055902	2	2	5	1	0	0	1348	76	75	14480	81000	12000	1448	536	280000	40000	59	0	0	0	0	0
4.055993	1	2	2	0	18895	5915	12980	14349
5.004594	2	3	5	1	0	4	2300	76	75	14480	82500	9000	1448	536	280000	40000	76	0	0	0	0	0
5.004680	1	3	3	0	18895	5915	12980	14349
6.092876	2	4	5	1	0	0	3388	77	75	14480	83500	11000	1448	536	280000	40000	58	0	0	0	0	0
6.092965	1	4	4	0	18895	5915	12980	14349
7.032821	2	5	5	1	0	0	4328	78	75	14480	84000	10000	1448	536	284000	40000	57	0	0	0	0	0
7.032901	1	5	5	0	18895	5915	12980	14349
8.129923	2	6	5	1	0	0	5424	79	75	14480	83500	10000	1448	536	280000	40000	56	0	0	0	0	0
8.130014	1	6	6	0	18895	5915	12980	14349
9.069985	2	7	5	1	0	0	6364	80	75	14480	83500	10000	1448	536	280000	40000	56	0	0	0	0	0
9.070070	1	7	7	0	18895	5915	12980	14349
10.010275	2	8	5	1	0	0	7304	80	75	14480	84000	10000	1448	536	284000	40000	55	0	0	0	0	0
10.010363	1	8	8	0	18895	5915	12980	14349
11.107029	2	9	5	1	0	0	8400	81	75	14480	91000	11000	1448	536	288000	40000	63	0	0	0	0	0
11.107120	1	9	9	0	18895	5915	12980	14349
12.046986	2	10	5	1	0	0	9340	82	75	14480	92500	12000	1448	536	292000	40000	61	0	0	0	0	0
12.047077	1	10	10	0	18895	5915	12980	14349
13.144006	2	11	5	1	0	0	10436	83	75	14480	92500	13000	1448	536	292000	40000	60	0	0	0	0	0
13.144099	1	11	11	0	18895	5915	12980	14349
14.084028	2	12	5	1	0	0	11376	83	75	14480	93000	12000	1448	536	292000	40000	59	0	0	0	0	0
14.084121	1	12	12	0	18895	5915	12980	14349
15.017362	2	13	5	1	0	48	12312	84	75	14480	88000	12000	1448	536	288000	40000	78	0	0	0	0	0
15.017449	1	13	13	0	18895	5915	12980	14349
16.103829	2	14	5	1	0	0	13396	85	75	14480	96000	13000	1448	536	296000	40000	85	0	0	0	0	0
16.103921	1	14	14	0	18895	5915	12980	14349
17.045293	2	15	5	1	0	0	14340	86	75	14480	95000	9000	1448	536	292000	40000	86	0	0	0	0	0
17.045383	1	15	15	0	18895	5915	12980	14349
18.144877	2	16	5	1	0	40	15440	87	75	14480	97000	7000	1448	536	296000	40000	75	0	0	0	0	0
18.144969	1	16	16	0	18895	5915	12980	14349
19.029480	2	17	5	1	0	0	16324	87	75	14480	99000	7000	1448	536	296000	40000	87	0	0	0	0	0
19.029562	1	17	17	0	18895	5915	12980	14349
20.091731	2	18	5	1	0	0	17384	88	75	14480	100500	7000	1448	536	300000	40000	88	0	0	0	0	0
20.091822	1	18	18	0	18895	5915	12980	14349
21.031912	2	19	5	1	0	0	18324	89	75	14480	97000	8000	1448	536	296000	40000	89	0	0	0	0	0
21.032000	1	19	19	0	18895	5915	12980	14349
22.024505	2	20	5	1	0	0	19316	90	75	14480	99500	8000	1448	536	296000	40000	90	0	0	0	0	0
22.024599	1	20	20	0	18895	5915	12980	14349
23.121320	2	21	5	1	0	0	20416	90	75	14480	106000	3000	1448	536	304000	40000	90	0	0	0	0	0
23.121412	1	21	21	0	18895	5915	12980	14349
24.061240	2	22	5	1	0	0	21356	91	75	14480	110500	8000	1448	536	308000	40000	90	0	0	0	0	0
24.061322	1	22	22	0	18895	5915	12980	14349
25.004598	2	23	5	1	0	4	22300	91	75	14480	120000	23000	1448	536	320000	40000	90	0	0	0	0	0
25.004688	1	23	23	0	18895	5915	12980	14349
26.099304	2	24	5	1	0	0	23392	92	75	14480	115000	18000	1448	536	312000	40000	90	0	0	0	0	0
26.099395	1	24	24	0	18895	5915	12980	14349
27.040774	2	25	5	1	0	0	24336	93	75	14480	115000	16000	1448	536	312000	40000	90	0	0	0	0	0
27.040861	1	25	25	0	18895	5915	12980	14349
28.137715	2	26	5	1	0	0	25432	93	75	14480	114000	17000	1448	536	312000	40000	90	0	0	0	0	0
28.137806	1	26	26	0	18895	5915	12980	14349
29.079012	2	27	5	1	0	0	26372	94	75	14480	113500	16000	1448	536	312000	40000	90	0	0	0	0	0
29.079188	1	27	27	0	18895	5915	12980	14349
30.020144	2	28	5	1	0	0	27312	95	75	14480	113000	16000	1448	536	312000	40000	90	0	0	0	0	0
30.020236	1	28	28	0	18895	5915	12980	14349
31.118187	2	29	5	1	0	0	28412	96	75	14480	113000	17000	1448	536	312000	40000	90	0	0	0	0	0
31.118293	1	29	29	0	18895	5915	12980	14349
32.058461	2	30	5	1	0	0	29352	96	75	14480	113000	16000	1448	536	312000	40000	90	0	0	0	0	0
32.058553	1	30	30	0	18895	5915	12980	14349
33.000606	2	31	5	1	0	4	30296	97	75	14480	112500	16000	1448	536	312000	40000	90	0	0	0	0	0
33.000701	1	31	31	0	18895	5915	12980	14349
34.140707	2	32	5	1	0	0	31436	98	75	14480	111500	7000	1448	536	308000	40000	90	0	0	0	0	0
34.140799	1	32	32	0	18895	5915	12980	14349
35.184708	2	33	5	1	0	0	32480	99	75	14480	113000	16000	1448	536	312000	40000	90	0	0	0	0	0
35.184791	1	33	33	0	18895	5915	12980	14349
36.019984	2	34	5	1	0	0	33312	99	75	14480	112500	17000	1448	536	312000	40000	90	0	0	0	0	0
36.020075	1	34	34	0	18895	5915	12980	14349
37.063940	2	35	5	1	0	0	34356	100	75	14480	112500	17000	1448	536	312000	40000	90	0	0	0	0	0
37.064029	1	35	35	0	18895	5915	12980	14349
38.107982	2	36	5	1	0	0	35400	100	75	14480	112500	17000	1448	536	312000	40000	90	0	0	0	0	0
38.108073	1	36	36	0	18895	5915	12980	14349
39.152027	2	37	5	1	0	0	36444	101	75	14480	112000	17000	1448	536	312000	40000	90	0	0	0	0	0
39.152113	1	37	37	0	18895	5915	12980	14349
40.004598	2	38	5	1	0	12	37300	101	75	14480	112500	17000	1448	536	312000	40000	101	0	0	0	0	0
40.004684	1	38	38	0	18895	5915	12980	14349
41.031230	2	39	5	1	0	0	38324	102	75	14480	112500	18000	1448	536	312000	40000	90	0	0	0	0	0
41.031312	1	39	39	0	18895	5915	12980	14349
42.075378	2	40	5	1	0	0	39368	102	75	14480	112500	18000	1448	536	312000	40000	90	0	0	0	0	0
42.075489	1	40	40	0	18895	5915	12980	14349
43.119407	2	41	5	1	0	0	40412	103	75	14480	112000	17000	1448	536	312000	40000	90	0	0	0	0	0
43.119501	1	41	41	0	18895	5915	12980	14349
44.163331	2	42	5	1	0	0	41456	104	75	14480	112000	17000	1448	536	312000	40000	90	0	0	0	0	0
44.163423	1	42	42	0	18895	5915	12980	14349
45.004606	2	43	5	1	0	0	42300	104	75	14480	112000	18000	1448	536	312000	40000	104	0	0	0	0	0
45.004694	1	43	43	0	18895	5915	12980	14349
46.112396	2	44	5	1	0	0	43404	105	75	14480	119500	13000	1448	536	316000	40000	90	0	0	0	0	0
46.112489	1	44	44	0	18895	5915	12980	14349
47.052201	2	45	5	1	0	0	44344	105	75	14480	120000	10000	1448	536	320000	40000	90	0	0	0	0	0
47.052289	1	45	45	0	18895	5915	12980	14349
48.004611	2	46	5	1	0	0	45300	106	75	14480	120000	9000	1448	536	320000	40000	106	0	0	0	0	0
48.004706	1	46	46	0	18895	5915	12980	14349
49.091257	2	47	5	1	0	0	46384	107	75	14480	120000	9000	1448	536	320000	40000	90	0	0	0	0	0
49.091343	1	47	47	0	18895	5915	12980	14349
50.031513	2	48	5	1	0	0	47324	107	75	14480	119500	10000	1448	536	316000	40000	90	0	0	0	0	0
50.031603	1	48	48	0	18895	5915	12980	14349
51.129877	2	49	5	1	0	0	48424	108	75	14480	117500	11000	1448	536	316000	40000	90	0	0	0	0	0
51.129966	1	49	49	0	18895	5915	12980	14349
52.070657	2	50	5	1	0	0	49364	109	75	14480	117500	11000	1448	536	316000	40000	90	0	0	0	0	0
52.070750	1	50	50	0	18895	5915	12980	14349
53.012037	2	51	5	1	0	0	50304	110	75	14480	118000	12000	1448	536	316000	40000	90	0	0	0	0	0
53.012127	1	51	51	0	18895	5915	12980	14349
54.108956	2	52	5	1	0	0	51404	111	75	14480	120500	12000	1448	536	320000	40000	90	0	0	0	0	0
54.109043	1	52	52	0	18895	5915	12980	14349
55.050256	2	53	5	1	0	0	52344	111	75	14480	120000	13000	1448	536	320000	40000	90	0	0	0	0	0
55.050341	1	53	53	0	18895	5915	12980	14349
56.004592	2	54	5	1	0	8	53300	112	75	14480	121000	14000	1448	536	320000	40000	112	0	0	0	0	0
56.004682	1	54	54	0	18895	5915	12980	14349
57.088011	2	55	5	1	0	0	54380	112	75	14480	121000	15000	1448	536	320000	40000	90	0	0	0	0	0
57.088100	1	55	55	0	18895	5915	12980	14349
58.028654	2	56	5	1	0	0	55324	113	75	14480	121500	16000	1448	536	320000	40000	113	0	0	0	0	0
58.028746	1	56	56	0	18895	5915	12980	14349
59.124612	2	57	5	1	0	0	56420	113	75	14480	121500	16000	1448	536	320000	40000	113	0	0	0	0	0
59.124704	1	57	57	0	18895	5915	12980	14349
60.065273	2	58	5	1	0	0	57360	114	75	14480	121500	15000	1448	536	320000	40000	114	0	0	0	0	0
60.065365	1	58	58	0	18895	5915	12980	14349
61.004746	2	59	5	1	0	0	58300	114	75	14480	122000	15000	1448	536	320000	40000	114	0	0	0	0	0
61.004834	1	59	59	0	18895	5915	12980	14349
62.101938	2	60	5	1	0	0	59396	115	75	14480	121500	15000	1448	536	320000	40000	115	0	0	0	0	0
62.102032	1	60	60	0	18895	5915	12980	14349
63.041226	2	61	5	1	0	0	60336	115	75	14480	121500	17000	1448	536	320000	40000	115	0	0	0	0	0
63.041318	1	61	61	0	18895	5915	12980	14349
64.138637	2	62	5	1	0	0	61432	116	75	14480	121500	16000	1448	536	320000	40000	116	0	0	0	0	0
64.138730	1	62	62	0	18895	5915	12980	14349
65.078125	2	63	5	1	0	0	62372	116	75	14480	121500	16000	1448	536	320000	40000	116	0	0	0	0	0
65.078209	1	63	63	0	18895	5915	12980	14349
66.018719	2	64	5	1	0	0	63312	117	75	14480	121500	16000	1448	536	320000	40000	117	0	0	0	0	0
66.018802	1	64	64	0	18895	5915	12980	14349
67.114781	2	65	5	1	0	0	64408	117	75	14480	121500	16000	1448	536	320000	40000	117	0	0	0	0	0
67.114874	1	65	65	0	18895	5915	12980	14349
68.055377	2	66	5	1	0	0	65348	118	75	14480	121500	16000	1448	536	320000	40000	118	0	0	0	0	0
68.055469	1	66	66	0	18895	5915	12980	14349
69.004593	2	67	5	1	0	12	66300	118	75	14480	121500	16000	1448	536	320000	40000	118	0	0	0	0	0
69.004688	1	67	67	0	18895	5915	12980	14349
70.092075	2	68	5	1	0	0	67384	119	75	14480	121500	16000	1448	536	320000	40000	119	0	0	0	0	0
70.092164	1	68	68	0	18895	5915	12980	14349
71.031519	2	69	5	1	0	0	68324	119	75	14480	121500	16000	1448	536	320000	40000	119	0	0	0	0	0
71.031599	1	69	69	0	18895	5915	12980	14349
72.024719	2	70	5	1	0	0	69320	120	75	14480	129500	10000	1448	536	328000	40000	120	0	0	0	0	0
72.024813	1	70	70	0	18895	5915	12980	14349
73.122260	2	71	5	1	0	0	70416	121	75	14480	129500	12000	1448	536	328000	40000	121	0	0	0	0	0
73.122372	1	71	71	0	18895	5915	12980	14349
74.061975	2	72	5	1	0	0	71356	121	75	14480	129500	13000	1448	536	328000	40000	121	0	0	0	0	0
74.062068	1	72	72	0	18895	5915	12980	14349
75.002914	2	73	5	1	0	0	72296	122	75	14480	129000	13000	1448	536	328000	40000	122	0	0	0	0	0
75.003003	1	73	73	0	18895	5915	12980	14349
76.099403	2	74	5	1	0	0	73392	123	75	14480	129000	13000	1448	536	328000	40000	123	0	0	0	0	0
76.099494	1	74	74	0	18895	5915	12980	14349
77.000606	2	75	5	1	0	16	74296	123	75	14480	133000	14000	1448	536	332000	40000	123	0	0	0	0	0
77.000701	1	75	75	0	18895	5915	12980	14349
78.034069	2	76	5	1	0	0	75328	124	75	14480	133500	16000	1448	536	332000	40000	124	0	0	0	0	0
78.034180	1	76	76	0	18895	5915	12980	14349
79.027488	2	77	5	1	0	0	76320	125	75	14480	133500	13000	1448	536	332000	40000	125	0	0	0	0	0
79.027578	1	77	77	0	18895	5915	12980	14349
80.008388	2	78	5	1	0	0	77300	125	75	14480	135500	12000	1448	536	332000	40000	125	0	0	0	0	0
80.008472	1	78	78	0	18895	5915	12980	14349
81.107500	2	79	5	1	0	0	78400	126	75	14480	136500	12000	1448	536	336000	40000	126	0	0	0	0	0
81.107573	1	79	79	0	18895	5915	12980	14349
82.049936	2	80	5	1	0	0	79344	127	75	14480	136500	13000	1448	536	336000	40000	127	0	0	0	0	0
82.050028	1	80	80	0	18895	5915	12980	14349
83.149365	2	81	5	1	0	0	80444	128	75	14480	138500	16000	1448	536	336000	40000	128	0	0	0	0	0
83.149487	1	81	81	0	18895	5915	12980	14349
84.045143	2	82	5	1	0	0	81340	128	75	14480	137000	16000	1448	536	336000	40000	128	0	0	0	0	0
84.045228	1	82	82	0	18895	5915	12980	14349
85.143088	2	83	5	1	0	0	82436	129	75	14480	136000	16000	1448	536	336000	40000	129	0	0	0	0	0
85.143174	1	83	83	0	18895	5915	12980	14349
86.078755	2	84	5	1	0	0	83372	130	75	14480	137500	17000	1448	536	336000	40000	130	0	0	0	0	0
86.078841	1	84	84	0	18895	5915	12980	14349
87.082780	2	85	5	1	0	0	84376	131	75	14480	134500	18000	1448	536	332000	40000	94	0	0	0	0	0
87.082874	1	85	85	0	18895	5915	12980	14349
88.117964	2	86	5	1	0	0	85412	132	75	14480	140000	14000	1448	536	340000	40000	132	0	0	0	0	0
88.118057	1	86	86	0	18895	5915	12980	14349
89.164941	2	87	5	1	0	0	86460	132	75	14480	140000	18000	1448	536	340000	40000	132	0	0	0	0	0
89.165035	1	87	87	0	18895	5915	12980	14349
90.112224	2	88	5	1	0	0	87404	133	75	14480	139500	19000	1448	536	336000	40000	94	0	0	0	0	0
90.112394	1	88	88	0	18895	5915	12980	14349
91.004604	2	89	5	1	0	0	88300	134	75	14480	142000	20000	1448	536	340000	40000	134	0	0	0	0	0
91.004687	1	89	89	0	18895	5915	12980	14349
92.004597	2	90	5	1	0	8	89300	134	75	14480	131000	23000	1448	536	328000	40000	134	0	0	0	0	0
92.004692	1	90	90	0	18895	5915	12980	14349
93.140006	2	91	5	1	0	0	90432	135	75	14480	141000	23000	1448	536	340000	40000	135	0	0	0	0	0
93.140097	1	91	91	0	18895	5915	12980	14349
94.079030	2	92	5	1	0	0	91372	135	75	14480	156000	3000	1448	536	356000	40000	135	0	0	0	0	0
94.079123	1	92	92	0	18895	5915	12980	14349
95.018155	2	93	5	1	0	0	92312	135	75	14480	157500	3000	1448	536	356000	40000	135	0	0	0	0	0
95.018246	1	93	93	0	18895	5915	12980	14349
96.114183	2	94	5	1	0	0	93408	136	75	14480	169000	19000	1448	536	368000	40000	135	0	0	0	0	0
96.114274	1	94	94	0	18895	5915	12980	14349
97.053576	2	95	5	1	0	0	94348	136	75	14480	172000	22000	1448	536	372000	40000	135	0	0	0	0	0
97.053667	1	95	95	0	18895	5915	12980	14349
98.004602	2	96	5	1	0	4	95300	137	75	14480	172500	21000	1448	536	372000	40000	137	0	0	0	0	0
98.004698	1	96	96	0	18895	5915	12980	14349
99.089165	2	97	5	1	0	0	96384	137	75	14480	168000	17000	1448	536	368000	40000	135	0	0	0	0	0
99.089258	1	97	97	0	18895	5915	12980	14349
100.028701	2	98	5	1	0	0	97324	138	75	14480	167000	16000	1448	536	364000	40000	135	0	0	0	0	0
100.028794	1	98	98	0	18895	5915	12980	14349
101.124717	2	99	5	1	0	0	98420	138	75	14480	167500	17000	1448	536	364000	40000	135	0	0	0	0	0
101.124817	1	99	99	0	18895	5915	12980	14349
102.064203	2	100	5	1	0	0	99356	139	75	14480	167000	18000	1448	536	364000	40000	135	0	0	0	0	0
102.064295	1	100	100	0	18895	5915	12980	14349
103.003417	2	101	5	1	0	0	100296	139	75	14480	167000	18000	1448	536	364000	40000	135	0	0	0	0	0
103.003509	1	101	101	0	18895	5915	12980	14349
104.099684	2	102	5	1	0	0	101392	140	75	14480	167000	17000	1448	536	364000	40000	135	0	0	0	0	0
104.099779	1	102	102	0	18895	5915	12980	14349
105.038983	2	103	5	1	0	0	102332	140	75	14480	167500	17000	1448	536	364000	40000	135	0	0	0	0	0
105.039072	1	103	103	0	18895	5915	12980	14349
106.135227	2	104	5	1	0	0	103428	141	75	14480	167500	17000	1448	536	364000	40000	135	0	0	0	0	0
106.135325	1	104	104	0	18895	5915	12980	14349
107.074603	2	105	5	1	0	0	104368	141	75	14480	167000	18000	1448	536	364000	40000	135	0	0	0	0	0
107.074694	1	105	105	0	18895	5915	12980	14349
108.014133	2	106	5	1	0	0	105308	142	75	14480	167500	17000	1448	536	364000	40000	135	0	0	0	0	0
108.014224	1	106	106	0	18895	5915	12980	14349
109.110175	2	107	5	1	0	0	106404	142	75	14480	167000	17000	1448	536	364000	40000	135	0	0	0	0	0
109.110269	1	107	107	0	18895	5915	12980	14349
110.049557	2	108	5	1	0	0	107344	143	75	14480	168000	17000	1448	536	368000	40000	135	0	0	0	0	0
110.049673	1	108	108	0	18895	5915	12980	14349
111.145676	2	109	5	1	0	0	108440	143	75	14480	167500	18000	1448	536	364000	40000	135	0	0	0	0	0
111.145762	1	109	109	0	18895	5915	12980	14349
112.085106	2	110	5	1	0	0	109380	144	75	14480	168000	16000	1448	536	368000	40000	135	0	0	0	0	0
112.085199	1	110	110	0	18895	5915	12980	14349
113.024450	2	111	5	1	0	0	110316	144	75	14480	167000	18000	1448	536	364000	40000	135	0	0	0	0	0
113.024538	1	111	111	0	18895	5915	12980	14349
114.120667	2	112	5	1	0	0	111416	145	75	14480	167000	16000	1448	536	364000	40000	135	0	0	0	0	0
114.120758	1	112	112	0	18895	5915	12980	14349
115.060124	2	113	5	1	0	0	112352	145	75	14480	167000	18000	1448	536	364000	40000	135	0	0	0	0	0
115.060203	1	113	113	0	18895	5915	12980	14349
116.004604	2	114	5	1	0	0	113300	146	75	14480	167000	18000	1448	536	364000	40000	146	0	0	0	0	0
116.004699	1	114	114	0	18895	5915	12980	14349
117.095460	2	115	5	1	0	0	114388	146	75	14480	167000	17000	1448	536	364000	40000	135	0	0	0	0	0
117.095550	1	115	115	0	18895	5915	12980	14349
118.034945	2	116	5	1	0	0	115328	147	75	14480	167000	17000	1448	536	364000	40000	135	0	0	0	0	0
118.035039	1	116	116	0	18895	5915	12980	14349
119.131120	2	117	5	1	0	0	116424	147	75	14480	167500	17000	1448	536	364000	40000	135	0	0	0	0	0
119.131214	1	117	117	0	18895	5915	12980	14349
120.070440	2	118	5	1	0	0	117364	148	75	14480	167000	18000	1448	536	364000	40000	135	0	0	0	0	0
120.070615	1	118	118	0	18895	5915	12980	14349
121.009929	2	119	5	1	0	0	118304	148	75	14480	167500	17000	1448	536	364000	40000	135	0	0	0	0	0
121.010004	1	119	119	0	18895	5915	12980	14349
122.106354	2	120	5	1	0	0	119400	149	75	14480	167500	17000	1448	536	364000	40000	135	0	0	0	0	0
122.106446	1	120	120	0	18895	5915	12980	14349
123.052573	2	121	5	1	0	4	120348	149	75	14480	168500	16000	1448	536	368000	40000	132	0	0	0	0	0
123.052663	1	121	121	0	18895	5915	12980	14349
124.141494	2	122	5	1	0	0	121436	150	75	14480	167500	18000	1448	536	364000	40000	135	0	0	0	0	0
124.141587	1	122	122	0	18895	5915	12980	14349
125.081066	2	123	5	1	0	0	122376	150	75	14480	168000	17000	1448	536	368000	40000	135	0	0	0	0	0
125.081155	1	123	123	0	18895	5915	12980	14349
125.555526	3	1	5	10.1.1.1	45214	htdocs/file.txt
