protocol: 5
domain: scalable_500Mbps_100ms
start-time: 1424580548
sender-id: 1
app-name: tinyhttpd
schema: 0 _experiment_metadata subject:string key:string value:string 
schema: 1 _client_instrumentation measurements_injected:uint32 measurements_dropped:uint32 bytes_allocated:uint64 bytes_freed:uint64 bytes_in_use:uint64 bytes_max:uint64 
schema: 2 tinyhttpd_tcp socket:int32 state:int32 ca_state:int32 last_data_sent:int32 last_data_recv:int32 snd_cwnd:int32 snd_ssthresh:int32 rcv_ssthresh:int32 rtt:int32 rttvar:int32 snd_mss:int32 rcv_mss:int32 rto:int32 ato:int32 unacked:int32 sacked:int32 lost:int32 retrans:int32 fackets:int32 total_retrans:int32 
schema: 3 tinyhttpd_peer socket:int32 ip:string port:int32 file:string 
content: text

8.050639	2	1	5	1	0	0	404	17	111	7240	129500	51000	1448	536	524000	40000	12	0	0	0	0	0
8.051245	1	1	1	0	18904	5921	12983	14352
9.058884	2	2	5	1	0	0	1412	40	111	7240	103500	4000	1448	536	320000	40000	40	0	0	0	0	0
9.058954	1	2	2	0	18904	5921	12983	14352
10.169446	2	3	5	1	0	0	2524	65	111	7240	103500	3000	1448	536	312000	40000	45	0	0	0	0	0
10.169537	1	3	3	0	18904	5921	12983	14352
11.082601	2	4	5	1	0	0	3436	94	111	7240	103500	3000	1448	536	312000	40000	94	0	0	0	0	0
11.082673	1	4	4	0	18904	5921	12983	14352
12.102898	2	5	5	1	0	0	4456	112	111	7240	103500	3000	1448	536	312000	40000	90	0	0	0	0	0
12.102984	1	5	5	0	18904	5921	12983	14352
13.141361	2	6	5	1	0	0	5496	113	111	7240	103500	3000	1448	536	312000	40000	90	0	0	0	0	0
13.141439	1	6	6	0	18904	5921	12983	14352
14.049857	2	7	5	1	0	0	6404	114	111	7240	103500	4000	1448	536	312000	40000	114	0	0	0	0	0
14.049939	1	7	7	0	18904	5921	12983	14352
15.012824	2	8	5	1	0	0	7368	114	111	7240	103500	3000	1448	536	312000	40000	114	0	0	0	0	0
15.012904	1	8	8	0	18904	5921	12983	14352
16.086910	2	9	5	1	0	0	8440	115	111	7240	103500	4000	1448	536	312000	40000	115	0	0	0	0	0
16.087002	1	9	9	0	18904	5921	12983	14352
17.031261	2	10	5	1	0	0	9384	116	111	7240	103500	3000	1448	536	312000	40000	116	0	0	0	0	0
17.031343	1	10	10	0	18904	5921	12983	14352
18.104934	2	11	5	1	0	0	10460	116	111	7240	103500	3000	1448	536	312000	40000	116	0	0	0	0	0
18.105020	1	11	11	0	18904	5921	12983	14352
19.049566	2	12	5	1	0	0	11404	117	111	7240	103500	3000	1448	536	312000	40000	117	0	0	0	0	0
19.049637	1	12	12	0	18904	5921	12983	14352
20.004535	2	13	5	1	0	0	12360	117	111	7240	103500	3000	1448	536	312000	40000	117	0	0	0	0	0
20.004624	1	13	13	0	18904	5921	12983	14352
21.067258	2	14	5	1	0	0	13420	118	111	7240	103500	3000	1448	536	312000	40000	118	0	0	0	0	0
21.067347	1	14	14	0	18904	5921	12983	14352
22.022581	2	15	5	1	0	0	14376	118	111	7240	103500	3000	1448	536	312000	40000	118	0	0	0	0	0
22.022670	1	15	15	0	18904	5921	12983	14352
23.085502	2	16	5	1	0	0	15440	119	111	7240	103500	3000	1448	536	312000	40000	119	0	0	0	0	0
23.085582	1	16	16	0	18904	5921	12983	14352
24.041243	2	17	5	1	0	0	16396	120	111	7240	103500	3000	1448	536	312000	40000	120	0	0	0	0	0
24.041320	1	17	17	0	18904	5921	12983	14352
25.104499	2	18	5	1	0	0	17460	120	111	7240	103500	3000	1448	536	312000	40000	120	0	0	0	0	0
25.104588	1	18	18	0	18904	5921	12983	14352
26.059806	2	19	5	1	0	0	18416	121	111	7240	104500	3000	1448	536	316000	40000	121	0	0	0	0	0
26.059896	1	19	19	0	18904	5921	12983	14352
27.129898	2	20	5	1	0	0	19484	121	111	7240	103500	3000	1448	536	312000	40000	121	0	0	0	0	0
27.129979	1	20	20	0	18904	5921	12983	14352
28.078618	2	21	5	1	0	0	20432	122	111	7240	103500	3000	1448	536	312000	40000	122	0	0	0	0	0
28.078707	1	21	21	0	18904	5921	12983	14352
29.003490	2	22	5	1	0	4	21360	123	111	7240	103500	3000	1448	536	312000	40000	123	0	0	0	0	0
29.003567	1	22	22	0	18904	5921	12983	14352
30.097456	2	23	5	1	0	0	22452	123	111	7240	103500	3000	1448	536	312000	40000	123	0	0	0	0	0
30.097546	1	23	23	0	18904	5921	12983	14352
31.021137	2	24	5	1	0	0	23376	124	111	7240	103500	3000	1448	536	312000	40000	124	0	0	0	0	0
31.021221	1	24	24	0	18904	5921	12983	14352
32.116246	2	25	5	1	0	0	24472	124	111	7240	104000	4000	1448	536	316000	40000	124	0	0	0	0	0
32.116337	1	25	25	0	18904	5921	12983	14352
33.042328	2	26	5	1	0	0	25396	125	111	7240	103500	3000	1448	536	312000	40000	125	0	0	0	0	0
33.042488	1	26	26	0	18904	5921	12983	14352
34.134613	2	27	5	1	0	0	26488	125	111	7240	103500	3000	1448	536	312000	40000	125	0	0	0	0	0
34.134690	1	27	27	0	18904	5921	12983	14352
35.060478	2	28	5	1	0	0	27416	126	111	7240	103500	3000	1448	536	312000	40000	126	0	0	0	0	0
35.060556	1	28	28	0	18904	5921	12983	14352
36.012161	2	29	5	1	0	0	28368	127	111	7240	104000	4000	1448	536	316000	40000	127	0	0	0	0	0
36.012245	1	29	29	0	18904	5921	12983	14352
37.079135	2	30	5	1	0	0	29432	127	111	7240	103500	3000	1448	536	312000	40000	127	0	0	0	0	0
37.079216	1	30	30	0	18904	5921	12983	14352
38.139420	2	31	5	1	0	0	30492	128	111	7240	103500	3000	1448	536	312000	40000	128	0	0	0	0	0
38.139506	1	31	31	0	18904	5921	12983	14352
39.012184	2	32	5	1	0	0	31368	128	111	7240	104000	4000	1448	536	316000	40000	97	0	0	0	0	0
39.012254	1	32	32	0	18904	5921	12983	14352
40.036226	2	33	5	1	0	0	32392	129	111	7240	104000	4000	1448	536	316000	40000	96	0	0	0	0	0
40.036316	1	33	33	0	18904	5921	12983	14352
41.060452	2	34	5	1	0	0	33416	130	111	7240	104000	4000	1448	536	316000	40000	95	0	0	0	0	0
41.060529	1	34	34	0	18904	5921	12983	14352
42.084131	2	35	5	1	0	0	34440	130	111	7240	104000	4000	1448	536	316000	40000	95	0	0	0	0	0
42.084220	1	35	35	0	18904	5921	12983	14352
43.007279	2	36	5	1	0	0	35360	131	111	7240	103500	3000	1448	536	312000	40000	131	0	0	0	0	0
43.007352	1	36	36	0	18904	5921	12983	14352
44.031362	2	37	5	1	0	0	36384	131	111	7240	103500	3000	1448	536	312000	40000	131	0	0	0	0	0
44.031440	1	37	37	0	18904	5921	12983	14352
45.088470	2	38	5	1	0	0	37444	132	111	7240	103500	3000	1448	536	312000	40000	96	0	0	0	0	0
45.088548	1	38	38	0	18904	5921	12983	14352
46.044446	2	39	5	1	0	0	38400	133	111	7240	103500	3000	1448	536	312000	40000	96	0	0	0	0	0
46.044529	1	39	39	0	18904	5921	12983	14352
47.003489	2	40	5	1	0	4	39360	134	111	7240	103500	3000	1448	536	312000	40000	93	0	0	0	0	0
47.003572	1	40	40	0	18904	5921	12983	14352
48.072429	2	41	5	1	0	0	40428	134	111	7240	103500	3000	1448	536	312000	40000	94	0	0	0	0	0
48.072511	1	41	41	0	18904	5921	12983	14352
49.044454	2	42	5	1	0	52	41400	135	111	7240	103500	3000	1448	536	312000	40000	96	0	0	0	0	0
49.044526	1	42	42	0	18904	5921	12983	14352
50.003622	2	43	5	1	0	0	42360	136	111	7240	109500	13000	1448	536	320000	40000	135	0	0	0	0	0
50.003708	1	43	43	0	18904	5921	12983	14352
51.012470	2	44	5	1	0	0	43368	137	111	7240	111500	18000	1448	536	320000	40000	135	0	0	0	0	0
51.012553	1	44	44	0	18904	5921	12983	14352
52.021119	2	45	5	1	0	0	44376	137	111	7240	103500	3000	1448	536	312000	40000	135	0	0	0	0	0
52.021210	1	45	45	0	18904	5921	12983	14352
53.030289	2	46	5	1	0	0	45384	138	111	7240	103500	3000	1448	536	312000	40000	135	0	0	0	0	0
53.030368	1	46	46	0	18904	5921	12983	14352
54.040360	2	47	5	1	0	0	46396	139	111	7240	104000	4000	1448	536	316000	40000	135	0	0	0	0	0
54.040444	1	47	47	0	18904	5921	12983	14352
55.049675	2	48	5	1	0	0	47404	140	111	7240	103500	3000	1448	536	312000	40000	135	0	0	0	0	0
55.049757	1	48	48	0	18904	5921	12983	14352
56.059878	2	49	5	1	0	0	48416	141	111	7240	104000	4000	1448	536	316000	40000	135	0	0	0	0	0
56.059966	1	49	49	0	18904	5921	12983	14352
57.159804	2	50	5	1	0	0	49516	142	111	7240	104000	4000	1448	536	316000	40000	135	0	0	0	0	0
57.159893	1	50	50	0	18904	5921	12983	14352
58.168741	2	51	5	1	0	0	50524	143	111	7240	103500	3000	1448	536	312000	40000	135	0	0	0	0	0
58.168827	1	51	51	0	18904	5921	12983	14352
59.084497	2	52	5	1	0	0	51440	144	111	7240	103500	4000	1448	536	312000	40000	135	0	0	0	0	0
59.084568	1	52	52	0	18904	5921	12983	14352
60.003491	2	53	5	1	0	4	52360	145	111	7240	104000	4000	1448	536	316000	40000	135	0	0	0	0	0
60.003579	1	53	53	0	18904	5921	12983	14352
61.047350	2	54	5	1	0	0	53400	146	111	7240	103500	4000	1448	536	312000	40000	135	0	0	0	0	0
61.047433	1	54	54	0	18904	5921	12983	14352
62.056817	2	55	5	1	0	0	54412	147	111	7240	103500	4000	1448	536	312000	40000	135	0	0	0	0	0
62.056906	1	55	55	0	18904	5921	12983	14352
63.079910	2	56	5	1	0	0	55436	148	111	7240	104000	4000	1448	536	316000	40000	135	0	0	0	0	0
63.080010	1	56	56	0	18904	5921	12983	14352
64.090385	2	57	5	1	0	0	56444	149	111	7240	103500	3000	1448	536	312000	40000	135	0	0	0	0	0
64.090569	1	57	57	0	18904	5921	12983	14352
65.004626	2	58	5	1	0	0	57360	150	111	7240	103500	3000	1448	536	312000	40000	135	0	0	0	0	0
65.004709	1	58	58	0	18904	5921	12983	14352
66.054814	2	59	5	1	0	0	58408	151	111	7240	103500	3000	1448	536	312000	40000	135	0	0	0	0	0
66.054899	1	59	59	0	18904	5921	12983	14352
67.142019	2	60	5	1	0	0	59496	152	111	7240	103500	3000	1448	536	312000	40000	152	0	0	0	0	0
67.142104	1	60	60	0	18904	5921	12983	14352
68.003483	2	61	5	1	0	4	60360	153	111	7240	103500	3000	1448	536	312000	40000	153	0	0	0	0	0
68.003569	1	61	61	0	18904	5921	12983	14352
69.101785	2	62	5	1	0	0	61456	154	111	7240	103500	3000	1448	536	312000	40000	154	0	0	0	0	0
69.101857	1	62	62	0	18904	5921	12983	14352
70.034610	2	63	5	1	0	4	62388	155	111	7240	103500	3000	1448	536	312000	40000	135	0	0	0	0	0
70.034694	1	63	63	0	18904	5921	12983	14352
71.009411	2	64	5	1	0	0	63364	156	111	7240	103500	3000	1448	536	312000	40000	135	0	0	0	0	0
71.009494	1	64	64	0	18904	5921	12983	14352
72.058166	2	65	5	1	0	0	64412	157	111	7240	103500	3000	1448	536	312000	40000	135	0	0	0	0	0
72.058257	1	65	65	0	18904	5921	12983	14352
73.003483	2	66	5	1	0	8	65360	158	111	7240	103500	3000	1448	536	312000	40000	135	0	0	0	0	0
73.003569	1	66	66	0	18904	5921	12983	14352
74.017308	2	67	5	1	0	4	66372	160	111	7240	103500	4000	1448	536	312000	40000	135	0	0	0	0	0
74.017395	1	67	67	0	18904	5921	12983	14352
75.052910	2	68	5	1	0	0	67408	161	111	7240	103500	3000	1448	536	312000	40000	135	0	0	0	0	0
75.052993	1	68	68	0	18904	5921	12983	14352
76.093138	2	69	5	1	0	0	68448	162	111	7240	103500	3000	1448	536	312000	40000	135	0	0	0	0	0
76.093228	1	69	69	0	18904	5921	12983	14352
77.025265	2	70	5	1	0	0	69380	162	111	7240	103500	3000	1448	536	312000	40000	135	0	0	0	0	0
77.025346	1	70	70	0	18904	5921	12983	14352
78.064981	2	71	5	1	0	0	70420	163	111	7240	103500	3000	1448	536	312000	40000	135	0	0	0	0	0
78.065073	1	71	71	0	18904	5921	12983	14352
79.020317	2	72	5	1	0	0	71376	164	111	7240	103500	3000	1448	536	312000	40000	164	0	0	0	0	0
79.020397	1	72	72	0	18904	5921	12983	14352
80.053284	2	73	5	1	0	0	72408	165	111	7240	103500	3000	1448	536	312000	40000	135	0	0	0	0	0
80.053372	1	73	73	0	18904	5921	12983	14352
81.003488	2	74	5	1	0	4	73360	166	111	7240	103500	3000	1448	536	312000	40000	135	0	0	0	0	0
81.003571	1	74	74	0	18904	5921	12983	14352
82.049208	2	75	5	1	0	0	74404	167	111	7240	103500	3000	1448	536	312000	40000	135	0	0	0	0	0
82.049298	1	75	75	0	18904	5921	12983	14352
83.003492	2	76	5	1	0	0	75360	168	111	7240	103500	3000	1448	536	312000	40000	155	0	0	0	0	0
83.003581	1	76	76	0	18904	5921	12983	14352
84.052988	2	77	5	1	0	0	76408	169	111	7240	103500	3000	1448	536	312000	40000	135	0	0	0	0	0
84.053112	1	77	77	0	18904	5921	12983	14352
85.003492	2	78	5	1	0	4	77360	170	111	7240	103500	3000	1448	536	312000	40000	135	0	0	0	0	0
85.003578	1	78	78	0	18904	5921	12983	14352
86.056941	2	79	5	1	0	0	78412	171	111	7240	103500	3000	1448	536	312000	40000	135	0	0	0	0	0
86.057043	1	79	79	0	18904	5921	12983	14352
87.004953	2	80	5	1	0	0	79360	172	111	7240	103500	3000	1448	536	312000	40000	135	0	0	0	0	0
87.005042	1	80	80	0	18904	5921	12983	14352
88.053302	2	81	5	1	0	0	80408	173	111	7240	103500	3000	1448	536	312000	40000	135	0	0	0	0	0
88.053431	1	81	81	0	18904	5921	12983	14352
89.003491	2	82	5	1	0	4	81360	174	111	7240	103500	3000	1448	536	312000	40000	135	0	0	0	0	0
89.003568	1	82	82	0	18904	5921	12983	14352
90.057119	2	83	5	1	0	0	82412	175	111	7240	103500	3000	1448	536	312000	40000	135	0	0	0	0	0
90.057251	1	83	83	0	18904	5921	12983	14352
91.012988	2	84	5	1	0	0	83368	176	111	7240	103500	3000	1448	536	312000	40000	135	0	0	0	0	0
91.013098	1	84	84	0	18904	5921	12983	14352
92.077024	2	85	5	1	0	0	84432	177	111	7240	103500	3000	1448	536	312000	40000	135	0	0	0	0	0
92.077117	1	85	85	0	18904	5921	12983	14352
93.024799	2	86	5	1	0	0	85380	178	111	7240	103500	3000	1448	536	312000	40000	135	0	0	0	0	0
93.024898	1	86	86	0	18904	5921	12983	14352
93.452255	3	1	5	10.1.1.1	36988	htdocs/file.txt
