protocol: 5
domain: scalable_10Mbps_2ms
start-time: 1424599685
sender-id: 1
app-name: tinyhttpd
schema: 0 _experiment_metadata subject:string key:string value:string 
schema: 1 _client_instrumentation measurements_injected:uint32 measurements_dropped:uint32 bytes_allocated:uint64 bytes_freed:uint64 bytes_in_use:uint64 bytes_max:uint64 
schema: 2 tinyhttpd_tcp socket:int32 state:int32 ca_state:int32 last_data_sent:int32 last_data_recv:int32 snd_cwnd:int32 snd_ssthresh:int32 rcv_ssthresh:int32 rtt:int32 rttvar:int32 snd_mss:int32 rcv_mss:int32 rto:int32 ato:int32 unacked:int32 sacked:int32 lost:int32 retrans:int32 fackets:int32 total_retrans:int32 
schema: 3 tinyhttpd_peer socket:int32 ip:string port:int32 file:string 
content: text

3.018725	2	1	5	1	0	0	88	30	75	14480	30500	11000	1448	536	228000	40000	28	0	0	0	0	0
3.019331	1	1	1	0	18895	5915	12980	14349
4.053691	2	2	5	1	0	0	1124	76	75	14480	78000	13000	1448	536	276000	40000	59	0	0	0	0	0
4.053783	1	2	2	0	18895	5915	12980	14349
5.004599	2	3	5	1	0	4	2076	76	75	14480	83500	10000	1448	536	280000	40000	76	0	0	0	0	0
5.004692	1	3	3	0	18895	5915	12980	14349
6.090624	2	4	5	1	0	0	3160	77	75	14480	82500	9000	1448	536	280000	40000	58	0	0	0	0	0
6.090714	1	4	4	0	18895	5915	12980	14349
7.030718	2	5	5	1	0	0	4100	78	75	14480	83000	9000	1448	536	280000	40000	57	0	0	0	0	0
7.030805	1	5	5	0	18895	5915	12980	14349
8.127517	2	6	5	1	0	0	5196	79	75	14480	83500	9000	1448	536	280000	40000	56	0	0	0	0	0
8.127608	1	6	6	0	18895	5915	12980	14349
9.067535	2	7	5	1	0	0	6136	79	75	14480	83500	10000	1448	536	280000	40000	56	0	0	0	0	0
9.067626	1	7	7	0	18895	5915	12980	14349
10.007706	2	8	5	1	0	0	7076	80	75	14480	83500	10000	1448	536	280000	40000	55	0	0	0	0	0
10.007793	1	8	8	0	18895	5915	12980	14349
11.104384	2	9	5	1	0	0	8172	81	75	14480	91500	12000	1448	536	288000	40000	63	0	0	0	0	0
11.104474	1	9	9	0	18895	5915	12980	14349
12.044567	2	10	5	1	0	4	9116	82	75	14480	92500	11000	1448	536	292000	40000	61	0	0	0	0	0
12.044659	1	10	10	0	18895	5915	12980	14349
13.141250	2	11	5	1	0	0	10212	82	75	14480	93000	13000	1448	536	292000	40000	61	0	0	0	0	0
13.141343	1	11	11	0	18895	5915	12980	14349
14.081481	2	12	5	1	0	0	11152	83	75	14480	93500	12000	1448	536	292000	40000	59	0	0	0	0	0
14.081573	1	12	12	0	18895	5915	12980	14349
15.007322	2	13	5	1	0	0	12076	84	75	14480	93000	10000	1448	536	292000	40000	84	0	0	0	0	0
15.007416	1	13	13	0	18895	5915	12980	14349
16.100931	2	14	5	1	0	0	13172	85	75	14480	95500	9000	1448	536	292000	40000	85	0	0	0	0	0
16.101024	1	14	14	0	18895	5915	12980	14349
17.040999	2	15	5	1	0	0	14112	85	75	14480	94500	8000	1448	536	292000	40000	85	0	0	0	0	0
17.041089	1	15	15	0	18895	5915	12980	14349
18.141479	2	16	5	1	0	40	15212	86	75	14480	93000	5000	1448	536	292000	40000	74	0	0	0	0	0
18.141571	1	16	16	0	18895	5915	12980	14349
19.148142	2	17	5	1	0	0	16216	87	75	14480	95500	6000	1448	536	292000	40000	87	0	0	0	0	0
19.148235	1	17	17	0	18895	5915	12980	14349
20.023196	2	18	5	1	0	40	17092	88	75	14480	100000	6000	1448	536	300000	40000	77	0	0	0	0	0
20.023288	1	18	18	0	18895	5915	12980	14349
21.028706	2	19	5	1	0	0	18100	89	75	14480	96500	7000	1448	536	296000	40000	89	0	0	0	0	0
21.028797	1	19	19	0	18895	5915	12980	14349
22.125531	2	20	5	1	0	0	19196	90	75	14480	102500	7000	1448	536	300000	40000	90	0	0	0	0	0
22.125623	1	20	20	0	18895	5915	12980	14349
23.065428	2	21	5	1	0	0	20136	90	75	14480	109000	9000	1448	536	308000	40000	90	0	0	0	0	0
23.065519	1	21	21	0	18895	5915	12980	14349
24.005663	2	22	5	1	0	0	21076	91	75	14480	107000	3000	1448	536	304000	40000	91	0	0	0	0	0
24.005756	1	22	22	0	18895	5915	12980	14349
25.103008	2	23	5	1	0	0	22172	91	75	14480	119000	22000	1448	536	316000	40000	90	0	0	0	0	0
25.103100	1	23	23	0	18895	5915	12980	14349
26.044095	2	24	5	1	0	0	23112	92	75	14480	114500	19000	1448	536	312000	40000	90	0	0	0	0	0
26.044189	1	24	24	0	18895	5915	12980	14349
27.142045	2	25	5	1	0	0	24212	93	75	14480	114000	16000	1448	536	312000	40000	90	0	0	0	0	0
27.142133	1	25	25	0	18895	5915	12980	14349
28.082735	2	26	5	1	0	0	25152	94	75	14480	114500	18000	1448	536	312000	40000	90	0	0	0	0	0
28.082826	1	26	26	0	18895	5915	12980	14349
29.023384	2	27	5	1	0	0	26092	94	75	14480	113500	16000	1448	536	312000	40000	90	0	0	0	0	0
29.023565	1	27	27	0	18895	5915	12980	14349
30.121073	2	28	5	1	0	0	27192	95	75	14480	113000	15000	1448	536	312000	40000	90	0	0	0	0	0
30.121167	1	28	28	0	18895	5915	12980	14349
31.062608	2	29	5	1	0	0	28132	96	75	14480	113000	16000	1448	536	312000	40000	90	0	0	0	0	0
31.062692	1	29	29	0	18895	5915	12980	14349
32.002752	2	30	5	1	0	0	29072	97	75	14480	113000	15000	1448	536	312000	40000	90	0	0	0	0	0
32.002844	1	30	30	0	18895	5915	12980	14349
33.100512	2	31	5	1	0	0	30168	97	75	14480	112500	16000	1448	536	312000	40000	90	0	0	0	0	0
33.100597	1	31	31	0	18895	5915	12980	14349
34.136745	2	32	5	1	0	0	31208	98	75	14480	111500	12000	1448	536	308000	40000	90	0	0	0	0	0
34.136837	1	32	32	0	18895	5915	12980	14349
35.180800	2	33	5	1	0	0	32252	99	75	14480	113000	16000	1448	536	312000	40000	90	0	0	0	0	0
35.180912	1	33	33	0	18895	5915	12980	14349
36.016130	2	34	5	1	0	0	33084	99	75	14480	112500	17000	1448	536	312000	40000	90	0	0	0	0	0
36.016221	1	34	34	0	18895	5915	12980	14349
37.059943	2	35	5	1	0	0	34128	100	75	14480	112500	17000	1448	536	312000	40000	90	0	0	0	0	0
37.060031	1	35	35	0	18895	5915	12980	14349
38.103922	2	36	5	1	0	0	35172	100	75	14480	113000	18000	1448	536	312000	40000	90	0	0	0	0	0
38.104014	1	36	36	0	18895	5915	12980	14349
39.148019	2	37	5	1	0	0	36216	101	75	14480	112000	17000	1448	536	312000	40000	90	0	0	0	0	0
39.148148	1	37	37	0	18895	5915	12980	14349
40.191862	2	38	5	1	0	0	37260	101	75	14480	112000	17000	1448	536	312000	40000	90	0	0	0	0	0
40.191951	1	38	38	0	18895	5915	12980	14349
41.027144	2	39	5	1	0	0	38096	102	75	14480	112000	17000	1448	536	312000	40000	90	0	0	0	0	0
41.027235	1	39	39	0	18895	5915	12980	14349
42.071164	2	40	5	1	0	0	39140	103	75	14480	112500	18000	1448	536	312000	40000	90	0	0	0	0	0
42.071252	1	40	40	0	18895	5915	12980	14349
43.114941	2	41	5	1	0	0	40184	103	75	14480	112500	17000	1448	536	312000	40000	90	0	0	0	0	0
43.115026	1	41	41	0	18895	5915	12980	14349
44.159141	2	42	5	1	0	0	41228	104	75	14480	111500	17000	1448	536	308000	40000	90	0	0	0	0	0
44.159234	1	42	42	0	18895	5915	12980	14349
45.004597	2	43	5	1	0	4	42076	104	75	14480	112000	17000	1448	536	312000	40000	104	0	0	0	0	0
45.004692	1	43	43	0	18895	5915	12980	14349
46.055850	2	44	5	1	0	0	43124	105	75	14480	118000	12000	1448	536	316000	40000	90	0	0	0	0	0
46.055941	1	44	44	0	18895	5915	12980	14349
47.004597	2	45	5	1	0	4	44076	105	75	14480	120000	10000	1448	536	320000	40000	105	0	0	0	0	0
47.004691	1	45	45	0	18895	5915	12980	14349
48.093119	2	46	5	1	0	0	45164	106	75	14480	119000	8000	1448	536	316000	40000	90	0	0	0	0	0
48.093212	1	46	46	0	18895	5915	12980	14349
49.034522	2	47	5	1	0	0	46104	107	75	14480	118000	9000	1448	536	316000	40000	90	0	0	0	0	0
49.034614	1	47	47	0	18895	5915	12980	14349
50.132396	2	48	5	1	0	0	47200	108	75	14480	119500	10000	1448	536	316000	40000	90	0	0	0	0	0
50.132488	1	48	48	0	18895	5915	12980	14349
51.072521	2	49	5	1	0	0	48140	108	75	14480	120500	11000	1448	536	320000	40000	90	0	0	0	0	0
51.072611	1	49	49	0	18895	5915	12980	14349
52.013935	2	50	5	1	0	0	49084	109	75	14480	119500	12000	1448	536	316000	40000	90	0	0	0	0	0
52.014023	1	50	50	0	18895	5915	12980	14349
53.111712	2	51	5	1	0	0	50180	110	75	14480	116500	11000	1448	536	316000	40000	90	0	0	0	0	0
53.111825	1	51	51	0	18895	5915	12980	14349
54.053084	2	52	5	1	0	0	51124	111	75	14480	118000	11000	1448	536	316000	40000	90	0	0	0	0	0
54.053177	1	52	52	0	18895	5915	12980	14349
55.004598	2	53	5	1	0	4	52076	111	75	14480	118000	12000	1448	536	316000	40000	111	0	0	0	0	0
55.004693	1	53	53	0	18895	5915	12980	14349
56.091544	2	54	5	1	0	0	53160	112	75	14480	121000	14000	1448	536	320000	40000	90	0	0	0	0	0
56.091637	1	54	54	0	18895	5915	12980	14349
57.030781	2	55	5	1	0	24	54100	113	75	14480	121500	14000	1448	536	320000	40000	90	0	0	0	0	0
57.030870	1	55	55	0	18895	5915	12980	14349
58.127919	2	56	5	1	0	0	55196	113	75	14480	121000	14000	1448	536	320000	40000	113	0	0	0	0	0
58.128014	1	56	56	0	18895	5915	12980	14349
59.067413	2	57	5	1	0	0	56136	114	75	14480	121500	15000	1448	536	320000	40000	114	0	0	0	0	0
59.067506	1	57	57	0	18895	5915	12980	14349
60.007819	2	58	5	1	0	0	57076	114	75	14480	121500	16000	1448	536	320000	40000	114	0	0	0	0	0
60.007912	1	58	58	0	18895	5915	12980	14349
61.105163	2	59	5	1	0	0	58176	115	75	14480	122000	17000	1448	536	320000	40000	115	0	0	0	0	0
61.105256	1	59	59	0	18895	5915	12980	14349
62.044619	2	60	5	1	0	0	59116	115	75	14480	122000	17000	1448	536	320000	40000	115	0	0	0	0	0
62.044712	1	60	60	0	18895	5915	12980	14349
63.141551	2	61	5	1	0	0	60212	116	75	14480	122000	17000	1448	536	320000	40000	116	0	0	0	0	0
63.141629	1	61	61	0	18895	5915	12980	14349
64.081056	2	62	5	1	0	0	61152	116	75	14480	122000	17000	1448	536	320000	40000	116	0	0	0	0	0
64.081149	1	62	62	0	18895	5915	12980	14349
65.020316	2	63	5	1	0	0	62088	117	75	14480	121500	16000	1448	536	320000	40000	117	0	0	0	0	0
65.020406	1	63	63	0	18895	5915	12980	14349
66.117603	2	64	5	1	0	0	63188	117	75	14480	121500	17000	1448	536	320000	40000	117	0	0	0	0	0
66.117696	1	64	64	0	18895	5915	12980	14349
67.057032	2	65	5	1	0	0	64128	118	75	14480	122000	17000	1448	536	320000	40000	118	0	0	0	0	0
67.057122	1	65	65	0	18895	5915	12980	14349
68.004597	2	66	5	1	0	8	65076	118	75	14480	122000	16000	1448	536	320000	40000	118	0	0	0	0	0
68.004689	1	66	66	0	18895	5915	12980	14349
69.094747	2	67	5	1	0	0	66164	119	75	14480	122000	16000	1448	536	320000	40000	119	0	0	0	0	0
69.094840	1	67	67	0	18895	5915	12980	14349
70.034150	2	68	5	1	0	0	67104	119	75	14480	121500	16000	1448	536	320000	40000	119	0	0	0	0	0
70.034234	1	68	68	0	18895	5915	12980	14349
71.131136	2	69	5	1	0	0	68200	120	75	14480	121500	16000	1448	536	320000	40000	120	0	0	0	0	0
71.131227	1	69	69	0	18895	5915	12980	14349
72.070801	2	70	5	1	0	0	69140	120	75	14480	121500	16000	1448	536	320000	40000	120	0	0	0	0	0
72.070895	1	70	70	0	18895	5915	12980	14349
73.010221	2	71	5	1	0	0	70080	121	75	14480	121500	16000	1448	536	320000	40000	121	0	0	0	0	0
73.010308	1	71	71	0	18895	5915	12980	14349
74.107132	2	72	5	1	0	0	71176	121	75	14480	121500	16000	1448	536	320000	40000	121	0	0	0	0	0
74.107225	1	72	72	0	18895	5915	12980	14349
75.046771	2	73	5	1	0	0	72116	122	75	14480	121500	16000	1448	536	320000	40000	122	0	0	0	0	0
75.046863	1	73	73	0	18895	5915	12980	14349
76.143770	2	74	5	1	0	0	73212	122	75	14480	121500	16000	1448	536	320000	40000	122	0	0	0	0	0
76.143863	1	74	74	0	18895	5915	12980	14349
77.084479	2	75	5	1	0	0	74152	123	75	14480	121500	16000	1448	536	320000	40000	123	0	0	0	0	0
77.084570	1	75	75	0	18895	5915	12980	14349
78.180832	2	76	5	1	0	0	75252	123	75	14480	133500	15000	1448	536	332000	40000	123	0	0	0	0	0
78.180924	1	76	76	0	18895	5915	12980	14349
79.109327	2	77	5	1	0	0	76180	124	75	14480	135500	12000	1448	536	332000	40000	124	0	0	0	0	0
79.109417	1	77	77	0	18895	5915	12980	14349
80.063394	2	78	5	1	0	0	77132	125	75	14480	133500	12000	1448	536	332000	40000	125	0	0	0	0	0
80.063486	1	78	78	0	18895	5915	12980	14349
81.004601	2	79	5	1	0	16	78076	125	75	14480	136000	11000	1448	536	336000	40000	125	0	0	0	0	0
81.004687	1	79	79	0	18895	5915	12980	14349
82.090920	2	80	5	1	0	0	79160	126	75	14480	137500	12000	1448	536	336000	40000	126	0	0	0	0	0
82.091012	1	80	80	0	18895	5915	12980	14349
83.004606	2	81	5	1	0	0	80076	127	75	14480	133000	14000	1448	536	332000	40000	127	0	0	0	0	0
83.004692	1	81	81	0	18895	5915	12980	14349
84.088349	2	82	5	1	0	0	81156	128	75	14480	135500	16000	1448	536	332000	40000	128	0	0	0	0	0
84.088441	1	82	82	0	18895	5915	12980	14349
85.020401	2	83	5	1	0	0	82088	128	75	14480	137000	13000	1448	536	336000	40000	128	0	0	0	0	0
85.020493	1	83	83	0	18895	5915	12980	14349
86.119496	2	84	5	1	0	0	83188	129	75	14480	138000	16000	1448	536	336000	40000	129	0	0	0	0	0
86.119588	1	84	84	0	18895	5915	12980	14349
87.061843	2	85	5	1	0	0	84132	130	75	14480	140000	17000	1448	536	340000	40000	130	0	0	0	0	0
87.061933	1	85	85	0	18895	5915	12980	14349
88.013715	2	86	5	1	0	0	85084	131	75	14480	135000	19000	1448	536	332000	40000	94	0	0	0	0	0
88.013805	1	86	86	0	18895	5915	12980	14349
89.048839	2	87	5	1	0	0	86120	131	75	14480	141000	16000	1448	536	340000	40000	131	0	0	0	0	0
89.048929	1	87	87	0	18895	5915	12980	14349
90.095671	2	88	5	1	0	0	87164	132	75	14480	140000	17000	1448	536	340000	40000	132	0	0	0	0	0
90.095837	1	88	88	0	18895	5915	12980	14349
91.042689	2	89	5	1	0	0	88112	133	75	14480	139000	17000	1448	536	336000	40000	94	0	0	0	0	0
91.042779	1	89	89	0	18895	5915	12980	14349
92.087459	2	90	5	1	0	0	89156	134	75	14480	142000	18000	1448	536	340000	40000	96	0	0	0	0	0
92.087552	1	90	90	0	18895	5915	12980	14349
93.079050	2	91	5	1	0	0	90148	134	75	14480	130500	23000	1448	536	328000	40000	94	0	0	0	0	0
93.079133	1	91	91	0	18895	5915	12980	14349
94.070658	2	92	5	1	0	0	91140	135	75	14480	138000	25000	1448	536	336000	40000	135	0	0	0	0	0
94.070753	1	92	92	0	18895	5915	12980	14349
95.009714	2	93	5	1	0	0	92080	135	75	14480	156000	4000	1448	536	356000	40000	135	0	0	0	0	0
95.009806	1	93	93	0	18895	5915	12980	14349
96.105112	2	94	5	1	0	0	93176	135	75	14480	157500	3000	1448	536	356000	40000	135	0	0	0	0	0
96.105205	1	94	94	0	18895	5915	12980	14349
97.044575	2	95	5	1	0	4	94116	136	75	14480	167500	18000	1448	536	364000	40000	135	0	0	0	0	0
97.044666	1	95	95	0	18895	5915	12980	14349
98.140505	2	96	5	1	0	0	95208	136	75	14480	171500	22000	1448	536	368000	40000	135	0	0	0	0	0
98.140595	1	96	96	0	18895	5915	12980	14349
99.079903	2	97	5	1	0	0	96148	137	75	14480	171500	21000	1448	536	368000	40000	135	0	0	0	0	0
99.080002	1	97	97	0	18895	5915	12980	14349
100.019288	2	98	5	1	0	0	97088	137	75	14480	167000	17000	1448	536	364000	40000	135	0	0	0	0	0
100.019375	1	98	98	0	18895	5915	12980	14349
101.115202	2	99	5	1	0	0	98184	138	75	14480	167500	17000	1448	536	364000	40000	135	0	0	0	0	0
101.115297	1	99	99	0	18895	5915	12980	14349
102.054765	2	100	5	1	0	0	99124	138	75	14480	167000	18000	1448	536	364000	40000	135	0	0	0	0	0
102.054857	1	100	100	0	18895	5915	12980	14349
103.004593	2	101	5	1	0	4	100076	138	75	14480	167000	17000	1448	536	364000	40000	138	0	0	0	0	0
103.004678	1	101	101	0	18895	5915	12980	14349
104.089774	2	102	5	1	0	0	101160	139	75	14480	167000	18000	1448	536	364000	40000	135	0	0	0	0	0
104.089866	1	102	102	0	18895	5915	12980	14349
105.029343	2	103	5	1	0	0	102100	139	75	14480	167500	17000	1448	536	364000	40000	135	0	0	0	0	0
105.029437	1	103	103	0	18895	5915	12980	14349
106.125476	2	104	5	1	0	0	103196	140	75	14480	167500	17000	1448	536	364000	40000	135	0	0	0	0	0
106.125570	1	104	104	0	18895	5915	12980	14349
107.064944	2	105	5	1	0	0	104136	141	75	14480	168000	16000	1448	536	368000	40000	135	0	0	0	0	0
107.065037	1	105	105	0	18895	5915	12980	14349
108.004178	2	106	5	1	0	0	105072	141	75	14480	167000	18000	1448	536	364000	40000	135	0	0	0	0	0
108.004267	1	106	106	0	18895	5915	12980	14349
109.100169	2	107	5	1	0	0	106168	142	75	14480	167000	18000	1448	536	364000	40000	135	0	0	0	0	0
109.100262	1	107	107	0	18895	5915	12980	14349
110.039714	2	108	5	1	0	0	107108	142	75	14480	167000	17000	1448	536	364000	40000	135	0	0	0	0	0
110.039808	1	108	108	0	18895	5915	12980	14349
111.135688	2	109	5	1	0	0	108204	143	75	14480	167000	17000	1448	536	364000	40000	135	0	0	0	0	0
111.135780	1	109	109	0	18895	5915	12980	14349
112.075110	2	110	5	1	0	0	109144	143	75	14480	167000	17000	1448	536	364000	40000	135	0	0	0	0	0
112.075205	1	110	110	0	18895	5915	12980	14349
113.014527	2	111	5	1	0	0	110084	143	75	14480	167000	18000	1448	536	364000	40000	135	0	0	0	0	0
113.014615	1	111	111	0	18895	5915	12980	14349
114.110365	2	112	5	1	0	0	111180	144	75	14480	167000	18000	1448	536	364000	40000	135	0	0	0	0	0
114.110492	1	112	112	0	18895	5915	12980	14349
115.050015	2	113	5	1	0	0	112120	145	75	14480	167000	18000	1448	536	364000	40000	135	0	0	0	0	0
115.050115	1	113	113	0	18895	5915	12980	14349
116.145988	2	114	5	1	0	0	113216	145	75	14480	167500	17000	1448	536	364000	40000	135	0	0	0	0	0
116.146081	1	114	114	0	18895	5915	12980	14349
117.085253	2	115	5	1	0	0	114156	146	75	14480	168000	18000	1448	536	368000	40000	135	0	0	0	0	0
117.085345	1	115	115	0	18895	5915	12980	14349
118.024670	2	116	5	1	0	0	115096	146	75	14480	168000	16000	1448	536	368000	40000	135	0	0	0	0	0
118.024763	1	116	116	0	18895	5915	12980	14349
119.120648	2	117	5	1	0	0	116192	147	75	14480	166500	14000	1448	536	364000	40000	135	0	0	0	0	0
119.120773	1	117	117	0	18895	5915	12980	14349
120.060203	2	118	5	1	0	0	117128	147	75	14480	167000	18000	1448	536	364000	40000	135	0	0	0	0	0
120.060386	1	118	118	0	18895	5915	12980	14349
121.004609	2	119	5	1	0	0	118076	147	75	14480	167000	18000	1448	536	364000	40000	147	0	0	0	0	0
121.004706	1	119	119	0	18895	5915	12980	14349
122.095533	2	120	5	1	0	0	119164	148	75	14480	167000	18000	1448	536	364000	40000	135	0	0	0	0	0
122.095628	1	120	120	0	18895	5915	12980	14349
123.035017	2	121	5	1	0	0	120104	149	75	14480	167000	18000	1448	536	364000	40000	135	0	0	0	0	0
123.035099	1	121	121	0	18895	5915	12980	14349
124.130936	2	122	5	1	0	0	121200	149	75	14480	167000	18000	1448	536	364000	40000	135	0	0	0	0	0
124.131027	1	122	122	0	18895	5915	12980	14349
125.070386	2	123	5	1	0	0	122140	150	75	14480	167000	18000	1448	536	364000	40000	135	0	0	0	0	0
125.070481	1	123	123	0	18895	5915	12980	14349
125.708350	3	1	5	10.1.1.1	45211	htdocs/file.txt
