protocol: 5
domain: scalable_500Mbps_300ms
start-time: 1424581915
sender-id: 1
app-name: tinyhttpd
schema: 0 _experiment_metadata subject:string key:string value:string 
schema: 1 _client_instrumentation measurements_injected:uint32 measurements_dropped:uint32 bytes_allocated:uint64 bytes_freed:uint64 bytes_in_use:uint64 bytes_max:uint64 
schema: 2 tinyhttpd_tcp socket:int32 state:int32 ca_state:int32 last_data_sent:int32 last_data_recv:int32 snd_cwnd:int32 snd_ssthresh:int32 rcv_ssthresh:int32 rtt:int32 rttvar:int32 snd_mss:int32 rcv_mss:int32 rto:int32 ato:int32 unacked:int32 sacked:int32 lost:int32 retrans:int32 fackets:int32 total_retrans:int32 
schema: 3 tinyhttpd_peer socket:int32 ip:string port:int32 file:string 
content: text

10.253558	2	1	5	1	0	0	300	11	111	7240	303500	50000	1448	536	908000	40000	6	0	0	0	0	0
10.253705	1	1	1	0	18904	5921	12983	14352
11.457354	2	2	5	1	0	0	1504	14	111	7240	303500	5000	1448	536	648000	40000	10	0	0	0	0	0
11.457438	1	2	2	0	18904	5921	12983	14352
12.058886	2	3	5	1	0	0	2104	16	111	7240	303500	3000	1448	536	584000	40000	14	0	0	0	0	0
12.058957	1	3	3	0	18904	5921	12983	14352
13.262321	2	4	5	1	0	0	3308	24	111	7240	303500	3000	1448	536	528000	40000	22	0	0	0	0	0
13.262403	1	4	4	0	18904	5921	12983	14352
14.465866	2	5	5	1	0	0	4512	34	111	7240	303500	3000	1448	536	512000	40000	24	0	0	0	0	0
14.465957	1	5	5	0	18904	5921	12983	14352
15.369020	2	6	5	1	0	0	5416	43	111	7240	303500	3000	1448	536	512000	40000	43	0	0	0	0	0
15.369114	1	6	6	0	18904	5921	12983	14352
16.581455	2	7	5	1	0	0	6628	55	111	7240	303500	4000	1448	536	512000	40000	51	0	0	0	0	0
16.581527	1	7	7	0	18904	5921	12983	14352
17.177958	2	8	5	1	0	0	7224	59	111	7240	303500	3000	1448	536	512000	40000	59	0	0	0	0	0
17.178039	1	8	8	0	18904	5921	12983	14352
18.090350	2	9	5	1	0	0	8136	69	111	7240	303500	3000	1448	536	512000	40000	69	0	0	0	0	0
18.090422	1	9	9	0	18904	5921	12983	14352
19.293967	2	10	5	1	0	0	9340	80	111	7240	303500	3000	1448	536	512000	40000	58	0	0	0	0	0
19.294047	1	10	10	0	18904	5921	12983	14352
20.204455	2	11	5	1	0	0	10252	93	111	7240	303500	3000	1448	536	512000	40000	93	0	0	0	0	0
20.204538	1	11	11	0	18904	5921	12983	14352
21.112355	2	12	5	1	0	0	11160	105	111	7240	303500	3000	1448	536	512000	40000	105	0	0	0	0	0
21.112437	1	12	12	0	18904	5921	12983	14352
22.310641	2	13	5	1	0	0	12356	112	111	7240	303500	3000	1448	536	512000	40000	90	0	0	0	0	0
22.310713	1	13	13	0	18904	5921	12983	14352
23.524648	2	14	5	1	0	0	13572	112	111	7240	303500	3000	1448	536	512000	40000	90	0	0	0	0	0
23.524724	1	14	14	0	18904	5921	12983	14352
24.131685	2	15	5	1	0	0	14180	112	111	7240	304000	4000	1448	536	516000	40000	90	0	0	0	0	0
24.131756	1	15	15	0	18904	5921	12983	14352
25.346689	2	16	5	1	0	0	15392	112	111	7240	303500	3000	1448	536	512000	40000	90	0	0	0	0	0
25.346779	1	16	16	0	18904	5921	12983	14352
26.561396	2	17	5	1	0	0	16608	113	111	7240	303500	3000	1448	536	512000	40000	90	0	0	0	0	0
26.561473	1	17	17	0	18904	5921	12983	14352
27.169291	2	18	5	1	0	0	17216	113	111	7240	303500	3000	1448	536	512000	40000	113	0	0	0	0	0
27.169369	1	18	18	0	18904	5921	12983	14352
28.366748	2	19	5	1	0	0	18412	113	111	7240	307500	12000	1448	536	516000	40000	90	0	0	0	0	0
28.366823	1	19	19	0	18904	5921	12983	14352
29.269360	2	20	5	1	0	0	19316	114	111	7240	303500	3000	1448	536	512000	40000	114	0	0	0	0	0
29.269441	1	20	20	0	18904	5921	12983	14352
30.171992	2	21	5	1	0	0	20220	114	111	7240	304000	4000	1448	536	516000	40000	114	0	0	0	0	0
30.172077	1	21	21	0	18904	5921	12983	14352
31.087314	2	22	5	1	0	0	21132	114	111	7240	303500	3000	1448	536	512000	40000	90	0	0	0	0	0
31.087403	1	22	22	0	18904	5921	12983	14352
32.003480	2	23	5	1	0	8	22052	114	111	7240	303500	3000	1448	536	512000	40000	114	0	0	0	0	0
32.003552	1	23	23	0	18904	5921	12983	14352
33.239928	2	24	5	1	0	0	23288	115	111	7240	304000	4000	1448	536	516000	40000	115	0	0	0	0	0
33.240016	1	24	24	0	18904	5921	12983	14352
34.397147	2	25	5	1	0	0	24444	115	111	7240	303500	3000	1448	536	512000	40000	90	0	0	0	0	0
34.397222	1	25	25	0	18904	5921	12983	14352
35.299649	2	26	5	1	0	0	25348	115	111	7240	304000	4000	1448	536	516000	40000	115	0	0	0	0	0
35.299763	1	26	26	0	18904	5921	12983	14352
36.202493	2	27	5	1	0	0	26248	115	111	7240	303500	3000	1448	536	512000	40000	115	0	0	0	0	0
36.202580	1	27	27	0	18904	5921	12983	14352
37.116509	2	28	5	1	0	0	27164	116	111	7240	303500	3000	1448	536	512000	40000	90	0	0	0	0	0
37.116601	1	28	28	0	18904	5921	12983	14352
38.019269	2	29	5	1	0	0	28064	116	111	7240	303500	3000	1448	536	512000	40000	116	0	0	0	0	0
38.019355	1	29	29	0	18904	5921	12983	14352
39.279703	2	30	5	1	0	0	29328	116	111	7240	304000	4000	1448	536	516000	40000	116	0	0	0	0	0
39.279780	1	30	30	0	18904	5921	12983	14352
40.182384	2	31	5	1	0	0	30228	117	111	7240	303500	3000	1448	536	512000	40000	117	0	0	0	0	0
40.182469	1	31	31	0	18904	5921	12983	14352
41.096680	2	32	5	1	0	0	31144	117	111	7240	303500	3000	1448	536	512000	40000	90	0	0	0	0	0
41.096765	1	32	32	0	18904	5921	12983	14352
42.003482	2	33	5	1	0	8	32052	117	111	7240	303500	3000	1448	536	512000	40000	117	0	0	0	0	0
42.003555	1	33	33	0	18904	5921	12983	14352
43.459586	2	34	5	1	0	0	33508	117	111	7240	304000	4000	1448	536	516000	40000	117	0	0	0	0	0
43.459670	1	34	34	0	18904	5921	12983	14352
44.362480	2	35	5	1	0	0	34408	118	111	7240	303500	3000	1448	536	512000	40000	118	0	0	0	0	0
44.362565	1	35	35	0	18904	5921	12983	14352
45.276890	2	36	5	1	0	0	35324	118	111	7240	303500	3000	1448	536	512000	40000	90	0	0	0	0	0
45.276990	1	36	36	0	18904	5921	12983	14352
46.179604	2	37	5	1	0	0	36228	118	111	7240	304000	4000	1448	536	516000	40000	90	0	0	0	0	0
46.179682	1	37	37	0	18904	5921	12983	14352
47.082140	2	38	5	1	0	0	37128	118	111	7240	303500	3000	1448	536	512000	40000	118	0	0	0	0	0
47.082218	1	38	38	0	18904	5921	12983	14352
48.003481	2	39	5	1	0	8	38052	119	111	7240	303500	3000	1448	536	512000	40000	106	0	0	0	0	0
48.003561	1	39	39	0	18904	5921	12983	14352
49.256880	2	40	5	1	0	0	39304	119	111	7240	303500	3000	1448	536	512000	40000	90	0	0	0	0	0
49.256959	1	40	40	0	18904	5921	12983	14352
50.159389	2	41	5	1	0	0	40204	119	111	7240	303500	3000	1448	536	512000	40000	90	0	0	0	0	0
50.159464	1	41	41	0	18904	5921	12983	14352
51.061988	2	42	5	1	0	0	41108	120	111	7240	303500	3000	1448	536	512000	40000	120	0	0	0	0	0
51.062073	1	42	42	0	18904	5921	12983	14352
52.516947	2	43	5	1	0	0	42564	120	111	7240	303500	3000	1448	536	512000	40000	120	0	0	0	0	0
52.517032	1	43	43	0	18904	5921	12983	14352
53.430141	2	44	5	1	0	0	43476	120	111	7240	303500	4000	1448	536	512000	40000	120	0	0	0	0	0
53.430222	1	44	44	0	18904	5921	12983	14352
54.322697	2	45	5	1	0	0	44368	121	111	7240	303500	3000	1448	536	512000	40000	121	0	0	0	0	0
54.322768	1	45	45	0	18904	5921	12983	14352
55.225725	2	46	5	1	0	0	45272	121	111	7240	303500	3000	1448	536	512000	40000	121	0	0	0	0	0
55.225808	1	46	46	0	18904	5921	12983	14352
56.149984	2	47	5	1	0	4	46196	121	111	7240	303500	3000	1448	536	512000	40000	90	0	0	0	0	0
56.150067	1	47	47	0	18904	5921	12983	14352
57.053743	2	48	5	1	0	4	47100	121	111	7240	303500	3000	1448	536	512000	40000	90	0	0	0	0	0
57.053821	1	48	48	0	18904	5921	12983	14352
58.234726	2	49	5	1	0	0	48280	122	111	7240	303500	3000	1448	536	512000	40000	122	0	0	0	0	0
58.234801	1	49	49	0	18904	5921	12983	14352
59.137385	2	50	5	1	0	0	49184	122	111	7240	303500	3000	1448	536	512000	40000	122	0	0	0	0	0
59.137459	1	50	50	0	18904	5921	12983	14352
60.061810	2	51	5	1	0	4	50108	122	111	7240	303500	3000	1448	536	512000	40000	90	0	0	0	0	0
60.061879	1	51	51	0	18904	5921	12983	14352
61.244107	2	52	5	1	0	0	51292	122	111	7240	304000	4000	1448	536	516000	40000	122	0	0	0	0	0
61.244198	1	52	52	0	18904	5921	12983	14352
62.146763	2	53	5	1	0	0	52192	123	111	7240	303500	3000	1448	536	512000	40000	123	0	0	0	0	0
62.146834	1	53	53	0	18904	5921	12983	14352
63.058672	2	54	5	1	0	0	53104	123	111	7240	303500	3000	1448	536	512000	40000	123	0	0	0	0	0
63.058785	1	54	54	0	18904	5921	12983	14352
64.288828	2	55	5	1	0	0	54336	123	111	7240	303500	3000	1448	536	512000	40000	123	0	0	0	0	0
64.288899	1	55	55	0	18904	5921	12983	14352
65.177798	2	56	5	1	0	0	55224	123	111	7240	303500	3000	1448	536	512000	40000	123	0	0	0	0	0
65.177874	1	56	56	0	18904	5921	12983	14352
66.068068	2	57	5	1	0	0	56116	124	111	7240	304000	4000	1448	536	516000	40000	124	0	0	0	0	0
66.068245	1	57	57	0	18904	5921	12983	14352
67.297772	2	58	5	1	0	0	57344	124	111	7240	303500	3000	1448	536	512000	40000	124	0	0	0	0	0
67.297854	1	58	58	0	18904	5921	12983	14352
68.200425	2	59	5	1	0	0	58248	124	111	7240	303500	3000	1448	536	512000	40000	124	0	0	0	0	0
68.200500	1	59	59	0	18904	5921	12983	14352
69.378114	2	60	5	1	0	0	59424	124	111	7240	303500	3000	1448	536	512000	40000	124	0	0	0	0	0
69.378191	1	60	60	0	18904	5921	12983	14352
70.280979	2	61	5	1	0	0	60328	125	111	7240	303500	3000	1448	536	512000	40000	125	0	0	0	0	0
70.281071	1	61	61	0	18904	5921	12983	14352
71.205814	2	62	5	1	0	4	61252	125	111	7240	303500	3000	1448	536	512000	40000	90	0	0	0	0	0
71.205901	1	62	62	0	18904	5921	12983	14352
72.110383	2	63	5	1	0	4	62156	125	111	7240	303500	3000	1448	536	512000	40000	90	0	0	0	0	0
72.110462	1	63	63	0	18904	5921	12983	14352
73.290888	2	64	5	1	0	0	63336	125	111	7240	303500	3000	1448	536	512000	40000	125	0	0	0	0	0
73.290971	1	64	64	0	18904	5921	12983	14352
74.193904	2	65	5	1	0	0	64240	126	111	7240	303500	3000	1448	536	512000	40000	126	0	0	0	0	0
74.193976	1	65	65	0	18904	5921	12983	14352
75.118380	2	66	5	1	0	4	65164	126	111	7240	303500	3000	1448	536	512000	40000	90	0	0	0	0	0
75.118459	1	66	66	0	18904	5921	12983	14352
76.022092	2	67	5	1	0	4	66068	126	111	7240	303500	3000	1448	536	512000	40000	90	0	0	0	0	0
76.022178	1	67	67	0	18904	5921	12983	14352
77.203857	2	68	5	1	0	0	67252	126	111	7240	304000	4000	1448	536	516000	40000	126	0	0	0	0	0
77.203934	1	68	68	0	18904	5921	12983	14352
78.106819	2	69	5	1	0	0	68152	127	111	7240	303500	3000	1448	536	512000	40000	127	0	0	0	0	0
78.106893	1	69	69	0	18904	5921	12983	14352
79.009776	2	70	5	1	0	0	69056	127	111	7240	303500	3000	1448	536	512000	40000	127	0	0	0	0	0
79.009855	1	70	70	0	18904	5921	12983	14352
80.514647	2	71	5	1	0	0	70560	127	111	7240	303500	3000	1448	536	512000	40000	127	0	0	0	0	0
80.514723	1	71	71	0	18904	5921	12983	14352
81.417633	2	72	5	1	0	0	71464	128	111	7240	303500	3000	1448	536	512000	40000	128	0	0	0	0	0
81.417719	1	72	72	0	18904	5921	12983	14352
82.019676	2	73	5	1	0	0	72068	128	111	7240	304000	4000	1448	536	516000	40000	128	0	0	0	0	0
82.019748	1	73	73	0	18904	5921	12983	14352
83.524706	2	74	5	1	0	0	73572	128	111	7240	303500	3000	1448	536	512000	40000	128	0	0	0	0	0
83.524793	1	74	74	0	18904	5921	12983	14352
84.427685	2	75	5	1	0	0	74476	128	111	7240	304000	4000	1448	536	516000	40000	128	0	0	0	0	0
84.427755	1	75	75	0	18904	5921	12983	14352
85.029667	2	76	5	1	0	0	75076	129	111	7240	303500	3000	1448	536	512000	40000	129	0	0	0	0	0
85.029741	1	76	76	0	18904	5921	12983	14352
86.241822	2	77	5	1	0	0	76288	129	111	7240	303500	3000	1448	536	512000	40000	129	0	0	0	0	0
86.241911	1	77	77	0	18904	5921	12983	14352
87.458577	2	78	5	1	0	0	77504	129	111	7240	303500	3000	1448	536	512000	40000	129	0	0	0	0	0
87.458657	1	78	78	0	18904	5921	12983	14352
88.084599	2	79	5	1	0	0	78132	129	111	7240	303500	3000	1448	536	512000	40000	96	0	0	0	0	0
88.084672	1	79	79	0	18904	5921	12983	14352
89.003485	2	80	5	1	0	4	79052	129	111	7240	303500	3000	1448	536	512000	40000	129	0	0	0	0	0
89.003569	1	80	80	0	18904	5921	12983	14352
90.210614	2	81	5	1	0	0	80256	130	111	7240	303500	3000	1448	536	512000	40000	90	0	0	0	0	0
90.210683	1	81	81	0	18904	5921	12983	14352
91.108289	2	82	5	1	0	0	81156	130	111	7240	304000	4000	1448	536	516000	40000	130	0	0	0	0	0
91.108377	1	82	82	0	18904	5921	12983	14352
92.028613	2	83	5	1	0	0	82076	130	111	7240	303500	3000	1448	536	512000	40000	95	0	0	0	0	0
92.028691	1	83	83	0	18904	5921	12983	14352
93.244301	2	84	5	1	0	0	83292	130	111	7240	303500	3000	1448	536	512000	40000	95	0	0	0	0	0
93.244381	1	84	84	0	18904	5921	12983	14352
94.152456	2	85	5	1	0	0	84200	131	111	7240	303500	3000	1448	536	512000	40000	94	0	0	0	0	0
94.152528	1	85	85	0	18904	5921	12983	14352
95.049621	2	86	5	1	0	0	85096	131	111	7240	303500	3000	1448	536	512000	40000	131	0	0	0	0	0
95.049695	1	86	86	0	18904	5921	12983	14352
96.265489	2	87	5	1	0	0	86312	131	111	7240	303500	3000	1448	536	512000	40000	131	0	0	0	0	0
96.265572	1	87	87	0	18904	5921	12983	14352
97.481848	2	88	5	1	0	0	87528	131	111	7240	303500	3000	1448	536	512000	40000	131	0	0	0	0	0
97.482020	1	88	88	0	18904	5921	12983	14352
98.108592	2	89	5	1	0	0	88156	132	111	7240	303500	3000	1448	536	512000	40000	93	0	0	0	0	0
98.108664	1	89	89	0	18904	5921	12983	14352
99.011380	2	90	5	1	0	0	89056	132	111	7240	303500	3000	1448	536	512000	40000	132	0	0	0	0	0
99.011461	1	90	90	0	18904	5921	12983	14352
100.235412	2	91	5	1	0	0	90280	132	111	7240	303500	3000	1448	536	512000	40000	132	0	0	0	0	0
100.235484	1	91	91	0	18904	5921	12983	14352
101.459360	2	92	5	1	0	0	91504	132	111	7240	303500	3000	1448	536	512000	40000	132	0	0	0	0	0
101.459450	1	92	92	0	18904	5921	12983	14352
102.088480	2	93	5	1	0	0	92136	133	111	7240	303500	3000	1448	536	512000	40000	94	0	0	0	0	0
102.088563	1	93	93	0	18904	5921	12983	14352
103.003489	2	94	5	1	0	0	93052	133	111	7240	303500	3000	1448	536	512000	40000	133	0	0	0	0	0
103.003566	1	94	94	0	18904	5921	12983	14352
104.523226	2	95	5	1	0	0	94568	133	111	7240	303500	3000	1448	536	512000	40000	133	0	0	0	0	0
104.523302	1	95	95	0	18904	5921	12983	14352
105.152461	2	96	5	1	0	0	95200	133	111	7240	303500	3000	1448	536	512000	40000	94	0	0	0	0	0
105.152534	1	96	96	0	18904	5921	12983	14352
106.362624	2	97	5	1	0	0	96408	134	111	7240	303500	3000	1448	536	512000	40000	134	0	0	0	0	0
106.362714	1	97	97	0	18904	5921	12983	14352
107.003483	2	98	5	1	0	4	97052	134	111	7240	305000	5000	1448	536	516000	40000	134	0	0	0	0	0
107.003561	1	98	98	0	18904	5921	12983	14352
108.224383	2	99	5	1	0	0	98272	134	111	7240	303500	3000	1448	536	512000	40000	96	0	0	0	0	0
108.224458	1	99	99	0	18904	5921	12983	14352
109.127004	2	100	5	1	0	0	99172	134	111	7240	303500	3000	1448	536	512000	40000	134	0	0	0	0	0
109.127087	1	100	100	0	18904	5921	12983	14352
110.064301	2	101	5	1	0	16	100112	135	111	7240	303500	4000	1448	536	512000	40000	92	0	0	0	0	0
110.064371	1	101	101	0	18904	5921	12983	14352
111.296323	2	102	5	1	0	44	101344	135	111	7240	303500	3000	1448	536	512000	40000	92	0	0	0	0	0
111.296417	1	102	102	0	18904	5921	12983	14352
112.220352	2	103	5	1	0	64	102268	135	111	7240	303500	3000	1448	536	512000	40000	92	0	0	0	0	0
112.220428	1	103	103	0	18904	5921	12983	14352
113.144498	2	104	5	1	0	84	103192	135	111	7240	303500	3000	1448	536	512000	40000	92	0	0	0	0	0
113.144579	1	104	104	0	18904	5921	12983	14352
114.061386	2	105	5	1	0	0	104108	136	111	7240	303500	4000	1448	536	512000	40000	136	0	0	0	0	0
114.061463	1	105	105	0	18904	5921	12983	14352
115.265153	2	106	5	1	0	0	105312	136	111	7240	309000	11000	1448	536	520000	40000	135	0	0	0	0	0
115.265233	1	106	106	0	18904	5921	12983	14352
116.167852	2	107	5	1	0	0	106216	136	111	7240	312000	18000	1448	536	524000	40000	135	0	0	0	0	0
116.167940	1	107	107	0	18904	5921	12983	14352
117.070761	2	108	5	1	0	0	107116	136	111	7240	312500	18000	1448	536	524000	40000	135	0	0	0	0	0
117.070847	1	108	108	0	18904	5921	12983	14352
118.274723	2	109	5	1	0	0	108320	137	111	7240	308500	13000	1448	536	520000	40000	135	0	0	0	0	0
118.274794	1	109	109	0	18904	5921	12983	14352
119.178844	2	110	5	1	0	0	109224	137	111	7240	303500	4000	1448	536	512000	40000	135	0	0	0	0	0
119.178928	1	110	110	0	18904	5921	12983	14352
120.082093	2	111	5	1	0	0	110128	137	111	7240	303500	3000	1448	536	512000	40000	135	0	0	0	0	0
120.082164	1	111	111	0	18904	5921	12983	14352
121.286272	2	112	5	1	0	0	111332	138	111	7240	303500	3000	1448	536	512000	40000	135	0	0	0	0	0
121.286360	1	112	112	0	18904	5921	12983	14352
122.189461	2	113	5	1	0	0	112236	138	111	7240	303500	4000	1448	536	512000	40000	135	0	0	0	0	0
122.189537	1	113	113	0	18904	5921	12983	14352
123.092473	2	114	5	1	0	0	113140	138	111	7240	303500	4000	1448	536	512000	40000	135	0	0	0	0	0
123.092553	1	114	114	0	18904	5921	12983	14352
124.003492	2	115	5	1	0	0	114052	138	111	7240	303500	4000	1448	536	512000	40000	138	0	0	0	0	0
124.003575	1	115	115	0	18904	5921	12983	14352
125.199957	2	116	5	1	0	0	115248	139	111	7240	304000	4000	1448	536	516000	40000	135	0	0	0	0	0
125.200035	1	116	116	0	18904	5921	12983	14352
126.102853	2	117	5	1	0	0	116148	139	111	7240	303500	3000	1448	536	512000	40000	135	0	0	0	0	0
126.102936	1	117	117	0	18904	5921	12983	14352
127.006288	2	118	5	1	0	0	117052	139	111	7240	303500	3000	1448	536	512000	40000	135	0	0	0	0	0
127.006460	1	118	118	0	18904	5921	12983	14352
128.210836	2	119	5	1	0	0	118256	139	111	7240	303500	3000	1448	536	512000	40000	135	0	0	0	0	0
128.210908	1	119	119	0	18904	5921	12983	14352
129.114167	2	120	5	1	0	0	119160	140	111	7240	303500	3000	1448	536	512000	40000	135	0	0	0	0	0
129.114255	1	120	120	0	18904	5921	12983	14352
130.017367	2	121	5	1	0	0	120064	140	111	7240	303500	4000	1448	536	512000	40000	135	0	0	0	0	0
130.017438	1	121	121	0	18904	5921	12983	14352
131.221502	2	122	5	1	0	0	121268	140	111	7240	303500	3000	1448	536	512000	40000	135	0	0	0	0	0
131.221591	1	122	122	0	18904	5921	12983	14352
132.124598	2	123	5	1	0	0	122172	141	111	7240	303500	4000	1448	536	512000	40000	135	0	0	0	0	0
132.124686	1	123	123	0	18904	5921	12983	14352
133.027808	2	124	5	1	0	0	123076	141	111	7240	304000	4000	1448	536	516000	40000	135	0	0	0	0	0
133.027881	1	124	124	0	18904	5921	12983	14352
134.131472	2	125	5	1	0	4	124180	141	111	7240	303500	3000	1448	536	512000	40000	135	0	0	0	0	0
134.131554	1	125	125	0	18904	5921	12983	14352
135.134600	2	126	5	1	0	0	125180	141	111	7240	303500	3000	1448	536	512000	40000	135	0	0	0	0	0
135.134675	1	126	126	0	18904	5921	12983	14352
136.238540	2	127	5	1	0	0	126284	142	111	7240	303500	3000	1448	536	512000	40000	135	0	0	0	0	0
136.238621	1	127	127	0	18904	5921	12983	14352
137.240664	2	128	5	1	0	0	127288	142	111	7240	303500	3000	1448	536	512000	40000	135	0	0	0	0	0
137.240768	1	128	128	0	18904	5921	12983	14352
138.162571	2	129	5	1	0	0	128208	143	111	7240	303500	3000	1448	536	512000	40000	135	0	0	0	0	0
138.162642	1	129	129	0	18904	5921	12983	14352
139.046377	2	130	5	1	0	0	129092	143	111	7240	303500	3000	1448	536	512000	40000	135	0	0	0	0	0
139.046463	1	130	130	0	18904	5921	12983	14352
140.276810	2	131	5	1	0	0	130324	143	111	7240	303500	3000	1448	536	512000	40000	135	0	0	0	0	0
140.276883	1	131	131	0	18904	5921	12983	14352
141.179343	2	132	5	1	0	0	131224	144	111	7240	303500	3000	1448	536	512000	40000	135	0	0	0	0	0
141.179429	1	132	132	0	18904	5921	12983	14352
142.056670	2	133	5	1	0	0	132104	144	111	7240	303500	3000	1448	536	512000	40000	135	0	0	0	0	0
142.056760	1	133	133	0	18904	5921	12983	14352
143.003489	2	134	5	1	0	0	133052	144	111	7240	303500	3000	1448	536	512000	40000	144	0	0	0	0	0
143.003566	1	134	134	0	18904	5921	12983	14352
144.483553	2	135	5	1	0	0	134532	145	111	7240	304000	4000	1448	536	516000	40000	145	0	0	0	0	0
144.483633	1	135	135	0	18904	5921	12983	14352
145.111121	2	136	5	1	0	0	135156	145	111	7240	303500	3000	1448	536	512000	40000	135	0	0	0	0	0
145.111199	1	136	136	0	18904	5921	12983	14352
146.003478	2	137	5	1	0	4	136052	145	111	7240	303500	3000	1448	536	512000	40000	145	0	0	0	0	0
146.003555	1	137	137	0	18904	5921	12983	14352
147.511989	2	138	5	1	0	0	137560	146	111	7240	304000	4000	1448	536	516000	40000	135	0	0	0	0	0
147.512083	1	138	138	0	18904	5921	12983	14352
148.141249	2	139	5	1	0	0	138188	146	111	7240	303500	3000	1448	536	512000	40000	135	0	0	0	0	0
148.141320	1	139	139	0	18904	5921	12983	14352
149.324469	2	140	5	1	0	0	139372	146	111	7240	303500	3000	1448	536	512000	40000	135	0	0	0	0	0
149.324559	1	140	140	0	18904	5921	12983	14352
150.259696	2	141	5	1	0	0	140308	147	111	7240	304000	4000	1448	536	516000	40000	135	0	0	0	0	0
150.259767	1	141	141	0	18904	5921	12983	14352
151.136773	2	142	5	1	0	0	141184	147	111	7240	303500	3000	1448	536	512000	40000	147	0	0	0	0	0
151.136849	1	142	142	0	18904	5921	12983	14352
152.069181	2	143	5	1	0	0	142116	147	111	7240	303500	3000	1448	536	512000	40000	135	0	0	0	0	0
152.069274	1	143	143	0	18904	5921	12983	14352
153.243219	2	144	5	1	0	0	143288	148	111	7240	303500	3000	1448	536	512000	40000	148	0	0	0	0	0
153.243296	1	144	144	0	18904	5921	12983	14352
154.175461	2	145	5	1	0	4	144224	148	111	7240	303500	3000	1448	536	512000	40000	135	0	0	0	0	0
154.175546	1	145	145	0	18904	5921	12983	14352
155.049088	2	146	5	1	0	0	145096	148	111	7240	303500	3000	1448	536	512000	40000	135	0	0	0	0	0
155.049166	1	146	146	0	18904	5921	12983	14352
156.281198	2	147	5	1	0	0	146328	149	111	7240	303500	3000	1448	536	512000	40000	135	0	0	0	0	0
156.281271	1	147	147	0	18904	5921	12983	14352
157.161118	2	148	5	1	0	0	147208	149	111	7240	303500	3000	1448	536	512000	40000	135	0	0	0	0	0
157.161212	1	148	148	0	18904	5921	12983	14352
158.365066	2	149	5	1	0	0	148412	149	111	7240	303500	3000	1448	536	512000	40000	135	0	0	0	0	0
158.365138	1	149	149	0	18904	5921	12983	14352
159.003492	2	150	5	1	0	0	149052	150	111	7240	304000	4000	1448	536	516000	40000	150	0	0	0	0	0
159.003583	1	150	150	0	18904	5921	12983	14352
160.184011	2	151	5	1	0	0	150232	150	111	7240	304000	4000	1448	536	516000	40000	135	0	0	0	0	0
160.184088	1	151	151	0	18904	5921	12983	14352
161.387751	2	152	5	1	0	264	151436	150	111	7240	304000	4000	1448	536	516000	40000	135	0	0	0	0	0
161.387837	1	152	152	0	18904	5921	12983	14352
162.019498	2	153	5	1	0	4	152068	151	111	7240	303500	3000	1448	536	512000	40000	151	0	0	0	0	0
162.019586	1	153	153	0	18904	5921	12983	14352
163.208341	2	154	5	1	0	0	153256	151	111	7240	304000	4000	1448	536	516000	40000	135	0	0	0	0	0
163.208420	1	154	154	0	18904	5921	12983	14352
164.103256	2	155	5	1	0	0	154148	151	111	7240	303500	3000	1448	536	512000	40000	151	0	0	0	0	0
164.103333	1	155	155	0	18904	5921	12983	14352
165.027799	2	156	5	1	0	0	155076	152	111	7240	304000	4000	1448	536	516000	40000	135	0	0	0	0	0
165.027880	1	156	156	0	18904	5921	12983	14352
166.216829	2	157	5	1	0	0	156264	152	111	7240	303500	3000	1448	536	512000	40000	135	0	0	0	0	0
166.216899	1	157	157	0	18904	5921	12983	14352
167.413732	2	158	5	1	0	0	157460	152	111	7240	303500	3000	1448	536	512000	40000	152	0	0	0	0	0
167.413824	1	158	158	0	18904	5921	12983	14352
168.338078	2	159	5	1	0	0	158384	153	111	7240	303500	3000	1448	536	512000	40000	153	0	0	0	0	0
168.338149	1	159	159	0	18904	5921	12983	14352
169.541935	2	160	5	1	0	0	159588	153	111	7240	303500	3000	1448	536	512000	40000	153	0	0	0	0	0
169.542022	1	160	160	0	18904	5921	12983	14352
170.162085	2	161	5	1	0	0	160208	153	111	7240	303500	3000	1448	536	512000	40000	135	0	0	0	0	0
170.162156	1	161	161	0	18904	5921	12983	14352
171.046596	2	162	5	1	0	0	161092	154	111	7240	303500	3000	1448	536	512000	40000	154	0	0	0	0	0
171.046670	1	162	162	0	18904	5921	12983	14352
172.292911	2	163	5	1	0	4	162340	154	111	7240	303500	3000	1448	536	512000	40000	135	0	0	0	0	0
172.293003	1	163	163	0	18904	5921	12983	14352
173.165930	2	164	5	1	0	0	163212	155	111	7240	303500	3000	1448	536	512000	40000	155	0	0	0	0	0
173.166005	1	164	164	0	18904	5921	12983	14352
174.107583	2	165	5	1	0	0	164156	155	111	7240	304000	4000	1448	536	516000	40000	135	0	0	0	0	0
174.107657	1	165	165	0	18904	5921	12983	14352
175.003483	2	166	5	1	0	8	165052	155	111	7240	303500	3000	1448	536	512000	40000	120	0	0	0	0	0
175.003567	1	166	166	0	18904	5921	12983	14352
176.229368	2	167	5	1	0	0	166276	156	111	7240	303500	3000	1448	536	512000	40000	135	0	0	0	0	0
176.229439	1	167	167	0	18904	5921	12983	14352
177.110070	2	168	5	1	0	0	167156	156	111	7240	303500	3000	1448	536	512000	40000	135	0	0	0	0	0
177.110164	1	168	168	0	18904	5921	12983	14352
178.048363	2	169	5	1	0	0	168096	156	111	7240	303500	3000	1448	536	512000	40000	139	0	0	0	0	0
178.048433	1	169	169	0	18904	5921	12983	14352
179.249370	2	170	5	1	0	0	169296	157	111	7240	303500	4000	1448	536	512000	40000	138	0	0	0	0	0
179.249460	1	170	170	0	18904	5921	12983	14352
180.157513	2	171	5	1	0	0	170204	157	111	7240	303500	6000	1448	536	512000	40000	138	0	0	0	0	0
180.157585	1	171	171	0	18904	5921	12983	14352
181.065307	2	172	5	1	0	0	171112	158	111	7240	303500	3000	1448	536	512000	40000	138	0	0	0	0	0
181.065383	1	172	172	0	18904	5921	12983	14352
182.273949	2	173	5	1	0	0	172320	158	111	7240	303500	3000	1448	536	512000	40000	135	0	0	0	0	0
182.274039	1	173	173	0	18904	5921	12983	14352
183.182279	2	174	5	1	0	0	173228	158	111	7240	303500	3000	1448	536	512000	40000	135	0	0	0	0	0
183.182354	1	174	174	0	18904	5921	12983	14352
184.090206	2	175	5	1	0	4	174136	159	111	7240	303500	3000	1448	536	512000	40000	135	0	0	0	0	0
184.090282	1	175	175	0	18904	5921	12983	14352
185.005815	2	176	5	1	0	0	175052	159	111	7240	303500	3000	1448	536	512000	40000	135	0	0	0	0	0
185.005898	1	176	176	0	18904	5921	12983	14352
186.221022	2	177	5	1	0	4	176268	159	111	7240	303500	3000	1448	536	512000	40000	135	0	0	0	0	0
186.221164	1	177	177	0	18904	5921	12983	14352
187.125218	2	178	5	1	0	0	177172	160	111	7240	303500	3000	1448	536	512000	40000	135	0	0	0	0	0
187.125311	1	178	178	0	18904	5921	12983	14352
188.040995	2	179	5	1	0	0	178088	160	111	7240	303500	3000	1448	536	512000	40000	135	0	0	0	0	0
188.041067	1	179	179	0	18904	5921	12983	14352
189.257051	2	180	5	1	0	0	179304	160	111	7240	303500	3000	1448	536	512000	40000	135	0	0	0	0	0
189.257138	1	180	180	0	18904	5921	12983	14352
190.165162	2	181	5	1	0	0	180212	161	111	7240	303500	3000	1448	536	512000	40000	135	0	0	0	0	0
190.165236	1	181	181	0	18904	5921	12983	14352
191.100871	2	182	5	1	0	0	181148	161	111	7240	306500	8000	1448	536	516000	40000	135	0	0	0	0	0
191.100964	1	182	182	0	18904	5921	12983	14352
192.012555	2	183	5	1	0	0	182060	161	111	7240	303500	3000	1448	536	512000	40000	135	0	0	0	0	0
192.012645	1	183	183	0	18904	5921	12983	14352
193.229167	2	184	5	1	0	0	183276	161	111	7240	303500	3000	1448	536	512000	40000	135	0	0	0	0	0
193.229255	1	184	184	0	18904	5921	12983	14352
194.137088	2	185	5	1	0	0	184184	162	111	7240	303500	3000	1448	536	512000	40000	135	0	0	0	0	0
194.137162	1	185	185	0	18904	5921	12983	14352
195.052956	2	186	5	1	0	0	185100	162	111	7240	303500	3000	1448	536	512000	40000	135	0	0	0	0	0
195.053041	1	186	186	0	18904	5921	12983	14352
196.269136	2	187	5	1	0	0	186316	162	111	7240	303500	3000	1448	536	512000	40000	135	0	0	0	0	0
196.269227	1	187	187	0	18904	5921	12983	14352
197.177024	2	188	5	1	0	0	187224	163	111	7240	303500	3000	1448	536	512000	40000	135	0	0	0	0	0
197.177116	1	188	188	0	18904	5921	12983	14352
198.093058	2	189	5	1	0	0	188140	163	111	7240	303500	3000	1448	536	512000	40000	135	0	0	0	0	0
198.093135	1	189	189	0	18904	5921	12983	14352
199.007485	2	190	5	1	0	8	189056	163	111	7240	303500	3000	1448	536	512000	40000	135	0	0	0	0	0
199.007568	1	190	190	0	18904	5921	12983	14352
200.217264	2	191	5	1	0	0	190264	164	111	7240	303500	4000	1448	536	512000	40000	135	0	0	0	0	0
200.217342	1	191	191	0	18904	5921	12983	14352
201.133089	2	192	5	1	0	0	191180	164	111	7240	303500	3000	1448	536	512000	40000	135	0	0	0	0	0
201.133166	1	192	192	0	18904	5921	12983	14352
202.048912	2	193	5	1	0	0	192096	164	111	7240	303500	3000	1448	536	512000	40000	135	0	0	0	0	0
202.049001	1	193	193	0	18904	5921	12983	14352
203.265382	2	194	5	1	0	0	193312	165	111	7240	303500	3000	1448	536	512000	40000	135	0	0	0	0	0
203.265470	1	194	194	0	18904	5921	12983	14352
204.173377	2	195	5	1	0	0	194220	165	111	7240	303500	3000	1448	536	512000	40000	135	0	0	0	0	0
204.173452	1	195	195	0	18904	5921	12983	14352
205.089284	2	196	5	1	0	0	195136	165	111	7240	303500	3000	1448	536	512000	40000	135	0	0	0	0	0
205.089369	1	196	196	0	18904	5921	12983	14352
206.007488	2	197	5	1	0	4	196056	166	111	7240	303500	3000	1448	536	512000	40000	135	0	0	0	0	0
206.007559	1	197	197	0	18904	5921	12983	14352
207.220979	2	198	5	1	0	0	197268	166	111	7240	303500	3000	1448	536	512000	40000	135	0	0	0	0	0
207.221070	1	198	198	0	18904	5921	12983	14352
208.129279	2	199	5	1	0	0	198176	167	111	7240	303500	3000	1448	536	512000	40000	135	0	0	0	0	0
208.129353	1	199	199	0	18904	5921	12983	14352
209.045269	2	200	5	1	0	0	199092	167	111	7240	304500	7000	1448	536	516000	40000	135	0	0	0	0	0
209.045356	1	200	200	0	18904	5921	12983	14352
210.269175	2	201	5	1	0	0	200316	167	111	7240	303500	3000	1448	536	512000	40000	135	0	0	0	0	0
210.269251	1	201	201	0	18904	5921	12983	14352
211.185098	2	202	5	1	0	0	201232	168	111	7240	303500	3000	1448	536	512000	40000	135	0	0	0	0	0
211.185175	1	202	202	0	18904	5921	12983	14352
212.100950	2	203	5	1	0	0	202148	168	111	7240	304000	6000	1448	536	516000	40000	135	0	0	0	0	0
212.101034	1	203	203	0	18904	5921	12983	14352
213.017119	2	204	5	1	0	0	203064	168	111	7240	303500	3000	1448	536	512000	40000	135	0	0	0	0	0
213.017204	1	204	204	0	18904	5921	12983	14352
214.240903	2	205	5	1	0	0	204288	169	111	7240	303500	3000	1448	536	512000	40000	135	0	0	0	0	0
214.240977	1	205	205	0	18904	5921	12983	14352
215.157025	2	206	5	1	0	0	205204	169	111	7240	303500	3000	1448	536	512000	40000	135	0	0	0	0	0
215.157184	1	206	206	0	18904	5921	12983	14352
216.073023	2	207	5	1	0	0	206120	169	111	7240	303500	3000	1448	536	512000	40000	135	0	0	0	0	0
216.073093	1	207	207	0	18904	5921	12983	14352
217.289118	2	208	5	1	0	0	207336	170	111	7240	303500	4000	1448	536	512000	40000	135	0	0	0	0	0
217.289206	1	208	208	0	18904	5921	12983	14352
218.205488	2	209	5	1	0	0	208252	170	111	7240	303500	3000	1448	536	512000	40000	135	0	0	0	0	0
218.205571	1	209	209	0	18904	5921	12983	14352
219.121406	2	210	5	1	0	0	209168	170	111	7240	303500	3000	1448	536	512000	40000	135	0	0	0	0	0
219.121491	1	210	210	0	18904	5921	12983	14352
220.037182	2	211	5	1	0	0	210084	170	111	7240	303500	3000	1448	536	512000	40000	135	0	0	0	0	0
220.037253	1	211	211	0	18904	5921	12983	14352
221.261240	2	212	5	1	0	0	211308	171	111	7240	303500	3000	1448	536	512000	40000	135	0	0	0	0	0
221.261318	1	212	212	0	18904	5921	12983	14352
222.177074	2	213	5	1	0	0	212224	171	111	7240	303500	3000	1448	536	512000	40000	135	0	0	0	0	0
222.177162	1	213	213	0	18904	5921	12983	14352
223.093107	2	214	5	1	0	0	213140	172	111	7240	303500	3000	1448	536	512000	40000	135	0	0	0	0	0
223.093199	1	214	214	0	18904	5921	12983	14352
224.009239	2	215	5	1	0	0	214056	172	111	7240	303500	3000	1448	536	512000	40000	135	0	0	0	0	0
224.009310	1	215	215	0	18904	5921	12983	14352
225.232923	2	216	5	1	0	0	215280	172	111	7240	303500	3000	1448	536	512000	40000	135	0	0	0	0	0
225.233012	1	216	216	0	18904	5921	12983	14352
226.149051	2	217	5	1	0	0	216196	173	111	7240	303500	3000	1448	536	512000	40000	135	0	0	0	0	0
226.149122	1	217	217	0	18904	5921	12983	14352
227.065006	2	218	5	1	0	0	217112	173	111	7240	303500	3000	1448	536	512000	40000	135	0	0	0	0	0
227.065087	1	218	218	0	18904	5921	12983	14352
228.281509	2	219	5	1	0	0	218328	173	111	7240	303500	3000	1448	536	512000	40000	135	0	0	0	0	0
228.281599	1	219	219	0	18904	5921	12983	14352
229.197217	2	220	5	1	0	0	219244	174	111	7240	303500	3000	1448	536	512000	40000	135	0	0	0	0	0
229.197294	1	220	220	0	18904	5921	12983	14352
230.113485	2	221	5	1	0	0	220160	174	111	7240	303500	3000	1448	536	512000	40000	135	0	0	0	0	0
230.113562	1	221	221	0	18904	5921	12983	14352
231.029485	2	222	5	1	0	0	221076	174	111	7240	303500	3000	1448	536	512000	40000	135	0	0	0	0	0
231.029560	1	222	222	0	18904	5921	12983	14352
232.256868	2	223	5	1	0	0	222304	175	111	7240	304000	3000	1448	536	516000	40000	135	0	0	0	0	0
232.256962	1	223	223	0	18904	5921	12983	14352
233.169473	2	224	5	1	0	0	223216	175	111	7240	303500	3000	1448	536	512000	40000	135	0	0	0	0	0
233.169568	1	224	224	0	18904	5921	12983	14352
234.092987	2	225	5	1	0	0	224140	175	111	7240	303500	3000	1448	536	512000	40000	135	0	0	0	0	0
234.093058	1	225	225	0	18904	5921	12983	14352
235.008953	2	226	5	1	0	0	225056	176	111	7240	303500	3000	1448	536	512000	40000	135	0	0	0	0	0
235.009042	1	226	226	0	18904	5921	12983	14352
236.233075	2	227	5	1	0	0	226280	176	111	7240	303500	3000	1448	536	512000	40000	135	0	0	0	0	0
236.233145	1	227	227	0	18904	5921	12983	14352
237.149025	2	228	5	1	0	0	227196	176	111	7240	303500	3000	1448	536	512000	40000	135	0	0	0	0	0
237.149101	1	228	228	0	18904	5921	12983	14352
238.065221	2	229	5	1	0	0	228112	177	111	7240	303500	3000	1448	536	512000	40000	135	0	0	0	0	0
238.065313	1	229	229	0	18904	5921	12983	14352
239.289048	2	230	5	1	0	0	229336	177	111	7240	303500	3000	1448	536	512000	40000	135	0	0	0	0	0
239.289133	1	230	230	0	18904	5921	12983	14352
240.205491	2	231	5	1	0	0	230252	178	111	7240	303500	3000	1448	536	512000	40000	135	0	0	0	0	0
240.205566	1	231	231	0	18904	5921	12983	14352
241.129036	2	232	5	1	0	0	231176	178	111	7240	303500	3000	1448	536	512000	40000	135	0	0	0	0	0
241.129115	1	232	232	0	18904	5921	12983	14352
242.044853	2	233	5	1	0	0	232092	178	111	7240	303500	3000	1448	536	512000	40000	135	0	0	0	0	0
242.044928	1	233	233	0	18904	5921	12983	14352
243.269021	2	234	5	1	0	0	233316	179	111	7240	303500	3000	1448	536	512000	40000	135	0	0	0	0	0
243.269114	1	234	234	0	18904	5921	12983	14352
244.185178	2	235	5	1	0	0	234232	179	111	7240	303500	3000	1448	536	512000	40000	135	0	0	0	0	0
244.185249	1	235	235	0	18904	5921	12983	14352
245.101486	2	236	5	1	0	0	235148	179	111	7240	303500	3000	1448	536	512000	40000	135	0	0	0	0	0
245.101662	1	236	236	0	18904	5921	12983	14352
246.025106	2	237	5	1	0	0	236072	180	111	7240	303500	3000	1448	536	512000	40000	135	0	0	0	0	0
246.025177	1	237	237	0	18904	5921	12983	14352
247.249098	2	238	5	1	0	0	237296	180	111	7240	303500	3000	1448	536	512000	40000	135	0	0	0	0	0
247.249180	1	238	238	0	18904	5921	12983	14352
248.164989	2	239	5	1	0	0	238212	180	111	7240	303500	3000	1448	536	512000	40000	135	0	0	0	0	0
248.165081	1	239	239	0	18904	5921	12983	14352
249.081174	2	240	5	1	0	0	239128	181	111	7240	303500	3000	1448	536	512000	40000	135	0	0	0	0	0
249.081251	1	240	240	0	18904	5921	12983	14352
250.003457	2	241	5	1	0	0	240052	181	111	7240	303500	3000	1448	536	512000	40000	155	0	0	0	0	0
250.003533	1	241	241	0	18904	5921	12983	14352
251.221280	2	242	5	1	0	0	241268	181	111	7240	303500	3000	1448	536	512000	40000	135	0	0	0	0	0
251.221359	1	242	242	0	18904	5921	12983	14352
252.145102	2	243	5	1	0	0	242192	181	111	7240	303500	3000	1448	536	512000	40000	135	0	0	0	0	0
252.145176	1	243	243	0	18904	5921	12983	14352
253.060997	2	244	5	1	0	0	243108	181	111	7240	303500	3000	1448	536	512000	40000	135	0	0	0	0	0
253.061089	1	244	244	0	18904	5921	12983	14352
253.071500	3	1	5	10.1.1.1	36994	htdocs/file.txt
