protocol: 5
domain: scalable_500Mbps_200ms
start-time: 1424581179
sender-id: 1
app-name: tinyhttpd
schema: 0 _experiment_metadata subject:string key:string value:string 
schema: 1 _client_instrumentation measurements_injected:uint32 measurements_dropped:uint32 bytes_allocated:uint64 bytes_freed:uint64 bytes_in_use:uint64 bytes_max:uint64 
schema: 2 tinyhttpd_tcp socket:int32 state:int32 ca_state:int32 last_data_sent:int32 last_data_recv:int32 snd_cwnd:int32 snd_ssthresh:int32 rcv_ssthresh:int32 rtt:int32 rttvar:int32 snd_mss:int32 rcv_mss:int32 rto:int32 ato:int32 unacked:int32 sacked:int32 lost:int32 retrans:int32 fackets:int32 total_retrans:int32 
schema: 3 tinyhttpd_peer socket:int32 ip:string port:int32 file:string 
content: text

13.020414	2	1	5	1	0	0	1004	14	111	7240	207500	12000	1448	536	608000	40000	10	0	0	0	0	0
13.021014	1	1	1	0	18904	5921	12983	14352
14.225011	2	2	5	1	0	0	2208	24	111	7240	203500	4000	1448	536	444000	40000	22	0	0	0	0	0
14.225099	1	2	2	0	18904	5921	12983	14352
15.028446	2	3	5	1	0	0	3012	33	111	7240	203500	3000	1448	536	420000	40000	33	0	0	0	0	0
15.028524	1	3	3	0	18904	5921	12983	14352
16.033124	2	4	5	1	0	0	4016	49	111	7240	203500	3000	1448	536	412000	40000	49	0	0	0	0	0
16.033197	1	4	4	0	18904	5921	12983	14352
17.238524	2	5	5	1	0	0	5220	65	111	7240	203500	3000	1448	536	412000	40000	45	0	0	0	0	0
17.238613	1	5	5	0	18904	5921	12983	14352
18.047650	2	6	5	1	0	0	6032	78	111	7240	204000	4000	1448	536	416000	40000	78	0	0	0	0	0
18.047731	1	6	6	0	18904	5921	12983	14352
19.253690	2	7	5	1	0	0	7236	99	111	7240	203500	3000	1448	536	412000	40000	93	0	0	0	0	0
19.253795	1	7	7	0	18904	5921	12983	14352
20.057994	2	8	5	1	0	0	8040	112	111	7240	203500	3000	1448	536	412000	40000	90	0	0	0	0	0
20.058065	1	8	8	0	18904	5921	12983	14352
21.273047	2	9	5	1	0	0	9256	112	111	7240	203500	3000	1448	536	412000	40000	90	0	0	0	0	0
21.273134	1	9	9	0	18904	5921	12983	14352
22.087159	2	10	5	1	0	0	10068	112	111	7240	203500	3000	1448	536	412000	40000	90	0	0	0	0	0
22.087247	1	10	10	0	18904	5921	12983	14352
23.310844	2	11	5	1	0	0	11292	113	111	7240	203500	3000	1448	536	412000	40000	90	0	0	0	0	0
23.310936	1	11	11	0	18904	5921	12983	14352
24.125469	2	12	5	1	0	0	12108	113	111	7240	203500	3000	1448	536	412000	40000	90	0	0	0	0	0
24.125543	1	12	12	0	18904	5921	12983	14352
25.349389	2	13	5	1	0	0	13332	114	111	7240	203500	3000	1448	536	412000	40000	114	0	0	0	0	0
25.349478	1	13	13	0	18904	5921	12983	14352
26.354066	2	14	5	1	0	0	14336	114	111	7240	203500	3000	1448	536	412000	40000	114	0	0	0	0	0
26.354153	1	14	14	0	18904	5921	12983	14352
27.358853	2	15	5	1	0	0	15340	114	111	7240	203500	3000	1448	536	412000	40000	90	0	0	0	0	0
27.358941	1	15	15	0	18904	5921	12983	14352
28.177320	2	16	5	1	0	0	16160	115	111	7240	203500	3000	1448	536	412000	40000	115	0	0	0	0	0
28.177398	1	16	16	0	18904	5921	12983	14352
29.181566	2	17	5	1	0	0	17164	115	111	7240	203500	3000	1448	536	412000	40000	90	0	0	0	0	0
29.181653	1	17	17	0	18904	5921	12983	14352
30.003479	2	18	5	1	0	8	17988	115	111	7240	203500	3000	1448	536	412000	40000	110	0	0	0	0	0
30.003551	1	18	18	0	18904	5921	12983	14352
31.003485	2	19	5	1	0	4	18988	116	111	7240	203500	3000	1448	536	412000	40000	90	0	0	0	0	0
31.003574	1	19	19	0	18904	5921	12983	14352
32.196027	2	20	5	1	0	0	20180	116	111	7240	204000	4000	1448	536	416000	40000	116	0	0	0	0	0
32.196115	1	20	20	0	18904	5921	12983	14352
33.223156	2	21	5	1	0	0	21204	117	111	7240	203500	3000	1448	536	412000	40000	90	0	0	0	0	0
33.223249	1	21	21	0	18904	5921	12983	14352
34.031597	2	22	5	1	0	0	22016	117	111	7240	204000	4000	1448	536	416000	40000	90	0	0	0	0	0
34.031670	1	22	22	0	18904	5921	12983	14352
35.237457	2	23	5	1	0	0	23220	117	111	7240	203500	3000	1448	536	412000	40000	117	0	0	0	0	0
35.237541	1	23	23	0	18904	5921	12983	14352
36.060964	2	24	5	1	0	0	24044	118	111	7240	203500	3000	1448	536	412000	40000	90	0	0	0	0	0
36.061040	1	24	24	0	18904	5921	12983	14352
37.057807	2	25	5	1	0	0	25040	118	111	7240	203500	3000	1448	536	412000	40000	90	0	0	0	0	0
37.057894	1	25	25	0	18904	5921	12983	14352
38.263496	2	26	5	1	0	4	26248	119	111	7240	203500	3000	1448	536	412000	40000	119	0	0	0	0	0
38.263682	1	26	26	0	18904	5921	12983	14352
39.084078	2	27	5	1	0	0	27068	119	111	7240	204000	4000	1448	536	416000	40000	119	0	0	0	0	0
39.084164	1	27	27	0	18904	5921	12983	14352
40.071630	2	28	5	1	0	0	28056	119	111	7240	204000	4000	1448	536	416000	40000	90	0	0	0	0	0
40.071704	1	28	28	0	18904	5921	12983	14352
41.276884	2	29	5	1	0	0	29260	120	111	7240	203500	3000	1448	536	412000	40000	120	0	0	0	0	0
41.276971	1	29	29	0	18904	5921	12983	14352
42.285945	2	30	5	1	0	0	30268	120	111	7240	203500	3000	1448	536	412000	40000	120	0	0	0	0	0
42.286025	1	30	30	0	18904	5921	12983	14352
43.290700	2	31	5	1	0	0	31272	120	111	7240	203500	3000	1448	536	412000	40000	120	0	0	0	0	0
43.290789	1	31	31	0	18904	5921	12983	14352
44.295197	2	32	5	1	0	0	32276	121	111	7240	203500	3000	1448	536	412000	40000	121	0	0	0	0	0
44.295283	1	32	32	0	18904	5921	12983	14352
45.129899	2	33	5	1	0	4	33112	121	111	7240	203500	3000	1448	536	412000	40000	90	0	0	0	0	0
45.129982	1	33	33	0	18904	5921	12983	14352
46.133988	2	34	5	1	0	4	34116	122	111	7240	203500	3000	1448	536	412000	40000	90	0	0	0	0	0
46.134070	1	34	34	0	18904	5921	12983	14352
47.120586	2	35	5	1	0	0	35104	122	111	7240	203500	3000	1448	536	412000	40000	122	0	0	0	0	0
47.120675	1	35	35	0	18904	5921	12983	14352
48.326441	2	36	5	1	0	0	36308	122	111	7240	203500	3000	1448	536	412000	40000	122	0	0	0	0	0
48.326527	1	36	36	0	18904	5921	12983	14352
49.154208	2	37	5	1	0	0	37136	123	111	7240	203500	3000	1448	536	412000	40000	90	0	0	0	0	0
49.154302	1	37	37	0	18904	5921	12983	14352
50.134485	2	38	5	1	0	0	38116	123	111	7240	203500	3000	1448	536	412000	40000	123	0	0	0	0	0
50.134555	1	38	38	0	18904	5921	12983	14352
51.139013	2	39	5	1	0	0	39120	123	111	7240	203500	3000	1448	536	412000	40000	123	0	0	0	0	0
51.139101	1	39	39	0	18904	5921	12983	14352
52.344916	2	40	5	1	0	0	40328	124	111	7240	203500	3000	1448	536	412000	40000	124	0	0	0	0	0
52.345006	1	40	40	0	18904	5921	12983	14352
53.167422	2	41	5	1	0	0	41148	124	111	7240	203500	3000	1448	536	412000	40000	124	0	0	0	0	0
53.167515	1	41	41	0	18904	5921	12983	14352
54.153555	2	42	5	1	0	0	42136	124	111	7240	203500	3000	1448	536	412000	40000	90	0	0	0	0	0
54.153646	1	42	42	0	18904	5921	12983	14352
55.359138	2	43	5	1	0	0	43340	125	111	7240	203500	3000	1448	536	412000	40000	125	0	0	0	0	0
55.359224	1	43	43	0	18904	5921	12983	14352
56.191656	2	44	5	1	0	0	44176	125	111	7240	204000	4000	1448	536	416000	40000	125	0	0	0	0	0
56.191737	1	44	44	0	18904	5921	12983	14352
57.167831	2	45	5	1	0	0	45152	125	111	7240	204000	4000	1448	536	416000	40000	125	0	0	0	0	0
57.167910	1	45	45	0	18904	5921	12983	14352
58.003490	2	46	5	1	0	4	45988	126	111	7240	204000	4000	1448	536	416000	40000	126	0	0	0	0	0
58.003574	1	46	46	0	18904	5921	12983	14352
59.205895	2	47	5	1	0	0	47188	126	111	7240	203500	3000	1448	536	412000	40000	126	0	0	0	0	0
59.205989	1	47	47	0	18904	5921	12983	14352
60.210379	2	48	5	1	0	0	48192	127	111	7240	203500	3000	1448	536	412000	40000	127	0	0	0	0	0
60.210449	1	48	48	0	18904	5921	12983	14352
61.214941	2	49	5	1	0	0	49196	127	111	7240	203500	3000	1448	536	412000	40000	127	0	0	0	0	0
61.215031	1	49	49	0	18904	5921	12983	14352
62.219494	2	50	5	1	0	4	50204	127	111	7240	203500	3000	1448	536	412000	40000	127	0	0	0	0	0
62.219576	1	50	50	0	18904	5921	12983	14352
63.223928	2	51	5	1	0	0	51208	128	111	7240	204000	4000	1448	536	416000	40000	128	0	0	0	0	0
63.224016	1	51	51	0	18904	5921	12983	14352
64.228609	2	52	5	1	0	0	52212	128	111	7240	203500	3000	1448	536	412000	40000	128	0	0	0	0	0
64.228689	1	52	52	0	18904	5921	12983	14352
65.041408	2	53	5	1	0	0	53024	129	111	7240	203500	3000	1448	536	412000	40000	129	0	0	0	0	0
65.041486	1	53	53	0	18904	5921	12983	14352
66.050951	2	54	5	1	0	0	54032	129	111	7240	203500	3000	1448	536	412000	40000	129	0	0	0	0	0
66.051034	1	54	54	0	18904	5921	12983	14352
67.063135	2	55	5	1	0	0	55044	129	111	7240	203500	3000	1448	536	412000	40000	129	0	0	0	0	0
67.063218	1	55	55	0	18904	5921	12983	14352
68.096446	2	56	5	1	0	0	56080	130	111	7240	203500	3000	1448	536	412000	40000	95	0	0	0	0	0
68.096538	1	56	56	0	18904	5921	12983	14352
69.301627	2	57	5	1	0	0	57284	130	111	7240	203500	3000	1448	536	412000	40000	130	0	0	0	0	0
69.301801	1	57	57	0	18904	5921	12983	14352
70.310837	2	58	5	1	0	0	58292	130	111	7240	203500	3000	1448	536	412000	40000	130	0	0	0	0	0
70.310907	1	58	58	0	18904	5921	12983	14352
71.318847	2	59	5	1	0	0	59300	131	111	7240	203500	3000	1448	536	412000	40000	131	0	0	0	0	0
71.318952	1	59	59	0	18904	5921	12983	14352
72.331345	2	60	5	1	0	0	60312	131	111	7240	203500	3000	1448	536	412000	40000	131	0	0	0	0	0
72.331431	1	60	60	0	18904	5921	12983	14352
73.342611	2	61	5	1	0	0	61324	131	111	7240	203500	3000	1448	536	412000	40000	131	0	0	0	0	0
73.342704	1	61	61	0	18904	5921	12983	14352
74.180470	2	62	5	1	0	0	62164	132	111	7240	203500	3000	1448	536	412000	40000	97	0	0	0	0	0
74.180549	1	62	62	0	18904	5921	12983	14352
75.004454	2	63	5	1	0	0	62988	132	111	7240	203500	3000	1448	536	412000	40000	96	0	0	0	0	0
75.004537	1	63	63	0	18904	5921	12983	14352
76.222751	2	64	5	1	0	0	64204	132	111	7240	203500	3000	1448	536	412000	40000	132	0	0	0	0	0
76.222833	1	64	64	0	18904	5921	12983	14352
77.047096	2	65	5	1	0	0	65028	133	111	7240	203500	3000	1448	536	412000	40000	133	0	0	0	0	0
77.047175	1	65	65	0	18904	5921	12983	14352
78.078607	2	66	5	1	0	0	66060	133	111	7240	203500	3000	1448	536	412000	40000	133	0	0	0	0	0
78.078696	1	66	66	0	18904	5921	12983	14352
79.110897	2	67	5	1	0	0	67092	133	111	7240	203500	3000	1448	536	412000	40000	133	0	0	0	0	0
79.110991	1	67	67	0	18904	5921	12983	14352
80.164463	2	68	5	1	0	0	68148	134	111	7240	203500	3000	1448	536	412000	40000	96	0	0	0	0	0
80.164543	1	68	68	0	18904	5921	12983	14352
81.196470	2	69	5	1	0	0	69180	134	111	7240	204500	5000	1448	536	416000	40000	92	0	0	0	0	0
81.196560	1	69	69	0	18904	5921	12983	14352
82.028396	2	70	5	1	0	8	70012	135	111	7240	203500	3000	1448	536	412000	40000	96	0	0	0	0	0
82.028474	1	70	70	0	18904	5921	12983	14352
83.068357	2	71	5	1	0	44	71052	135	111	7240	203500	3000	1448	536	412000	40000	96	0	0	0	0	0
83.068450	1	71	71	0	18904	5921	12983	14352
84.108462	2	72	5	1	0	80	72092	135	111	7240	203500	3000	1448	536	412000	40000	96	0	0	0	0	0
84.108551	1	72	72	0	18904	5921	12983	14352
85.134612	2	73	5	1	0	0	73116	136	111	7240	203500	3000	1448	536	412000	40000	136	0	0	0	0	0
85.134694	1	73	73	0	18904	5921	12983	14352
86.139572	2	74	5	1	0	0	74124	136	111	7240	204000	4000	1448	536	416000	40000	135	0	0	0	0	0
86.139657	1	74	74	0	18904	5921	12983	14352
87.144639	2	75	5	1	0	0	75128	136	111	7240	215000	22000	1448	536	424000	40000	135	0	0	0	0	0
87.144721	1	75	75	0	18904	5921	12983	14352
88.149574	2	76	5	1	0	0	76132	137	111	7240	205000	7000	1448	536	416000	40000	135	0	0	0	0	0
88.149666	1	76	76	0	18904	5921	12983	14352
89.154422	2	77	5	1	0	0	77136	137	111	7240	203500	3000	1448	536	412000	40000	135	0	0	0	0	0
89.154514	1	77	77	0	18904	5921	12983	14352
90.159137	2	78	5	1	0	0	78140	138	111	7240	203500	3000	1448	536	412000	40000	135	0	0	0	0	0
90.159211	1	78	78	0	18904	5921	12983	14352
91.163890	2	79	5	1	0	0	79148	138	111	7240	204000	4000	1448	536	416000	40000	135	0	0	0	0	0
91.163980	1	79	79	0	18904	5921	12983	14352
92.168563	2	80	5	1	0	0	80152	139	111	7240	203500	3000	1448	536	412000	40000	135	0	0	0	0	0
92.168642	1	80	80	0	18904	5921	12983	14352
93.173427	2	81	5	1	0	0	81156	139	111	7240	203500	4000	1448	536	412000	40000	135	0	0	0	0	0
93.173518	1	81	81	0	18904	5921	12983	14352
94.178313	2	82	5	1	0	0	82160	140	111	7240	203500	3000	1448	536	412000	40000	135	0	0	0	0	0
94.178400	1	82	82	0	18904	5921	12983	14352
95.183252	2	83	5	1	0	0	83164	140	111	7240	203500	3000	1448	536	412000	40000	135	0	0	0	0	0
95.183339	1	83	83	0	18904	5921	12983	14352
96.188158	2	84	5	1	0	0	84172	140	111	7240	204000	4000	1448	536	416000	40000	135	0	0	0	0	0
96.188229	1	84	84	0	18904	5921	12983	14352
97.003485	2	85	5	1	0	4	84988	141	111	7240	203500	4000	1448	536	412000	40000	141	0	0	0	0	0
97.003569	1	85	85	0	18904	5921	12983	14352
98.097152	2	86	5	1	0	4	86080	141	111	7240	204000	4000	1448	536	416000	40000	90	0	0	0	0	0
98.097232	1	86	86	0	18904	5921	12983	14352
99.003495	2	87	5	1	0	4	86988	142	111	7240	203500	3000	1448	536	412000	40000	135	0	0	0	0	0
99.003588	1	87	87	0	18904	5921	12983	14352
100.108743	2	88	5	1	0	0	88092	142	111	7240	203500	4000	1448	536	412000	40000	135	0	0	0	0	0
100.108908	1	88	88	0	18904	5921	12983	14352
101.011517	2	89	5	1	0	0	88996	143	111	7240	204000	4000	1448	536	416000	40000	135	0	0	0	0	0
101.011605	1	89	89	0	18904	5921	12983	14352
102.016460	2	90	5	1	0	0	90000	143	111	7240	204000	4000	1448	536	416000	40000	135	0	0	0	0	0
102.016539	1	90	90	0	18904	5921	12983	14352
103.122969	2	91	5	1	0	0	91104	144	111	7240	203500	3000	1448	536	412000	40000	135	0	0	0	0	0
103.123054	1	91	91	0	18904	5921	12983	14352
104.045946	2	92	5	1	0	0	92028	144	111	7240	203500	3000	1448	536	412000	40000	135	0	0	0	0	0
104.046033	1	92	92	0	18904	5921	12983	14352
105.150790	2	93	5	1	0	0	93132	145	111	7240	203500	3000	1448	536	412000	40000	135	0	0	0	0	0
105.150880	1	93	93	0	18904	5921	12983	14352
106.163216	2	94	5	1	0	0	94144	145	111	7240	203500	3000	1448	536	412000	40000	135	0	0	0	0	0
106.163288	1	94	94	0	18904	5921	12983	14352
107.174392	2	95	5	1	0	0	95156	146	111	7240	203500	3000	1448	536	412000	40000	135	0	0	0	0	0
107.174482	1	95	95	0	18904	5921	12983	14352
108.365015	2	96	5	1	0	0	96348	146	111	7240	203500	3000	1448	536	412000	40000	135	0	0	0	0	0
108.365102	1	96	96	0	18904	5921	12983	14352
109.194628	2	97	5	1	0	0	97176	147	111	7240	203500	3000	1448	536	412000	40000	135	0	0	0	0	0
109.194720	1	97	97	0	18904	5921	12983	14352
110.003485	2	98	5	1	0	0	97988	147	111	7240	203500	3000	1448	536	412000	40000	147	0	0	0	0	0
110.003560	1	98	98	0	18904	5921	12983	14352
111.196543	2	99	5	1	0	0	99180	148	111	7240	204000	4000	1448	536	416000	40000	135	0	0	0	0	0
111.196630	1	99	99	0	18904	5921	12983	14352
112.003491	2	100	5	1	0	4	99988	148	111	7240	204000	4000	1448	536	416000	40000	135	0	0	0	0	0
112.003567	1	100	100	0	18904	5921	12983	14352
113.019403	2	101	5	1	0	0	101000	149	111	7240	203500	3000	1448	536	412000	40000	135	0	0	0	0	0
113.019492	1	101	101	0	18904	5921	12983	14352
114.034641	2	102	5	1	0	0	102016	149	111	7240	203500	3000	1448	536	412000	40000	135	0	0	0	0	0
114.034733	1	102	102	0	18904	5921	12983	14352
115.051717	2	103	5	1	0	0	103036	150	111	7240	204000	4000	1448	536	416000	40000	135	0	0	0	0	0
115.051809	1	103	103	0	18904	5921	12983	14352
116.264663	2	104	5	1	0	168	104248	151	111	7240	203500	3000	1448	536	412000	40000	135	0	0	0	0	0
116.264745	1	104	104	0	18904	5921	12983	14352
117.100859	2	105	5	1	0	0	105084	151	111	7240	203500	3000	1448	536	412000	40000	135	0	0	0	0	0
117.100942	1	105	105	0	18904	5921	12983	14352
118.098009	2	106	5	1	0	0	106080	151	111	7240	203500	3000	1448	536	412000	40000	135	0	0	0	0	0
118.098097	1	106	106	0	18904	5921	12983	14352
119.140634	2	107	5	1	0	0	107124	152	111	7240	203500	3000	1448	536	412000	40000	152	0	0	0	0	0
119.140725	1	107	107	0	18904	5921	12983	14352
120.157734	2	108	5	1	0	0	108140	152	111	7240	203500	3000	1448	536	412000	40000	135	0	0	0	0	0
120.157819	1	108	108	0	18904	5921	12983	14352
121.166596	2	109	5	1	0	0	109148	153	111	7240	203500	3000	1448	536	412000	40000	135	0	0	0	0	0
121.166683	1	109	109	0	18904	5921	12983	14352
122.184156	2	110	5	1	0	0	110168	153	111	7240	204000	4000	1448	536	416000	40000	153	0	0	0	0	0
122.184230	1	110	110	0	18904	5921	12983	14352
123.169822	2	111	5	1	0	0	111152	154	111	7240	203500	3000	1448	536	412000	40000	135	0	0	0	0	0
123.169911	1	111	111	0	18904	5921	12983	14352
124.209616	2	112	5	1	0	0	112192	154	111	7240	203500	3000	1448	536	412000	40000	154	0	0	0	0	0
124.209700	1	112	112	0	18904	5921	12983	14352
125.003485	2	113	5	1	0	4	112988	155	111	7240	203500	4000	1448	536	412000	40000	155	0	0	0	0	0
125.003576	1	113	113	0	18904	5921	12983	14352
126.009165	2	114	5	1	0	0	113992	155	111	7240	203500	4000	1448	536	412000	40000	140	0	0	0	0	0
126.009236	1	114	114	0	18904	5921	12983	14352
127.033954	2	115	5	1	0	0	115016	156	111	7240	203500	3000	1448	536	412000	40000	135	0	0	0	0	0
127.034042	1	115	115	0	18904	5921	12983	14352
128.033960	2	116	5	1	0	0	116016	156	111	7240	203500	3000	1448	536	412000	40000	135	0	0	0	0	0
128.034032	1	116	116	0	18904	5921	12983	14352
129.049305	2	117	5	1	0	0	117032	157	111	7240	203500	4000	1448	536	412000	40000	138	0	0	0	0	0
129.049398	1	117	117	0	18904	5921	12983	14352
130.072351	2	118	5	1	0	0	118056	157	111	7240	203500	3000	1448	536	412000	40000	140	0	0	0	0	0
130.072512	1	118	118	0	18904	5921	12983	14352
131.074194	2	119	5	1	0	0	119056	158	111	7240	203500	3000	1448	536	412000	40000	135	0	0	0	0	0
131.074281	1	119	119	0	18904	5921	12983	14352
132.089291	2	120	5	1	0	0	120072	158	111	7240	203500	4000	1448	536	412000	40000	137	0	0	0	0	0
132.089372	1	120	120	0	18904	5921	12983	14352
133.101432	2	121	5	1	0	0	121084	159	111	7240	206000	7000	1448	536	416000	40000	136	0	0	0	0	0
133.101509	1	121	121	0	18904	5921	12983	14352
134.124722	2	122	5	1	0	0	122108	160	111	7240	203500	3000	1448	536	412000	40000	135	0	0	0	0	0
134.124812	1	122	122	0	18904	5921	12983	14352
135.141185	2	123	5	1	0	0	123124	160	111	7240	203500	3000	1448	536	412000	40000	135	0	0	0	0	0
135.141273	1	123	123	0	18904	5921	12983	14352
136.165196	2	124	5	1	0	0	124148	161	111	7240	203500	3000	1448	536	412000	40000	135	0	0	0	0	0
136.165272	1	124	124	0	18904	5921	12983	14352
137.181326	2	125	5	1	0	0	125164	161	111	7240	203500	3000	1448	536	412000	40000	135	0	0	0	0	0
137.181413	1	125	125	0	18904	5921	12983	14352
138.003494	2	126	5	1	0	0	125988	162	111	7240	203500	3000	1448	536	412000	40000	155	0	0	0	0	0
138.003569	1	126	126	0	18904	5921	12983	14352
139.020917	2	127	5	1	0	0	127004	162	111	7240	203500	3000	1448	536	412000	40000	135	0	0	0	0	0
139.021009	1	127	127	0	18904	5921	12983	14352
140.037294	2	128	5	1	0	0	128020	163	111	7240	203500	3000	1448	536	412000	40000	135	0	0	0	0	0
140.037376	1	128	128	0	18904	5921	12983	14352
141.061026	2	129	5	1	0	0	129044	163	111	7240	203500	3000	1448	536	412000	40000	135	0	0	0	0	0
141.061103	1	129	129	0	18904	5921	12983	14352
142.077213	2	130	5	1	0	0	130060	164	111	7240	203500	3000	1448	536	412000	40000	135	0	0	0	0	0
142.077294	1	130	130	0	18904	5921	12983	14352
143.101267	2	131	5	1	0	0	131084	164	111	7240	203500	3000	1448	536	412000	40000	135	0	0	0	0	0
143.101352	1	131	131	0	18904	5921	12983	14352
144.125213	2	132	5	1	0	0	132108	165	111	7240	203500	3000	1448	536	412000	40000	135	0	0	0	0	0
144.125305	1	132	132	0	18904	5921	12983	14352
145.149332	2	133	5	1	0	0	133132	165	111	7240	203500	3000	1448	536	412000	40000	135	0	0	0	0	0
145.149424	1	133	133	0	18904	5921	12983	14352
146.173302	2	134	5	1	0	0	134156	166	111	7240	203500	3000	1448	536	412000	40000	135	0	0	0	0	0
146.173372	1	134	134	0	18904	5921	12983	14352
147.003501	2	135	5	1	0	0	134988	166	111	7240	203500	3000	1448	536	412000	40000	165	0	0	0	0	0
147.003594	1	135	135	0	18904	5921	12983	14352
148.013466	2	136	5	1	0	0	135996	167	111	7240	203500	3000	1448	536	412000	40000	135	0	0	0	0	0
148.013537	1	136	136	0	18904	5921	12983	14352
149.044894	2	137	5	1	0	0	137028	167	111	7240	203500	3000	1448	536	412000	40000	135	0	0	0	0	0
149.044986	1	137	137	0	18904	5921	12983	14352
150.069311	2	138	5	1	0	0	138052	168	111	7240	203500	3000	1448	536	412000	40000	135	0	0	0	0	0
150.069396	1	138	138	0	18904	5921	12983	14352
151.093024	2	139	5	1	0	0	139076	168	111	7240	203500	3000	1448	536	412000	40000	135	0	0	0	0	0
151.093106	1	139	139	0	18904	5921	12983	14352
152.117131	2	140	5	1	0	0	140100	169	111	7240	203500	3000	1448	536	412000	40000	135	0	0	0	0	0
152.117214	1	140	140	0	18904	5921	12983	14352
153.141253	2	141	5	1	0	0	141124	169	111	7240	203500	3000	1448	536	412000	40000	135	0	0	0	0	0
153.141335	1	141	141	0	18904	5921	12983	14352
154.179061	2	142	5	1	0	0	142160	170	111	7240	204000	3000	1448	536	416000	40000	135	0	0	0	0	0
154.179176	1	142	142	0	18904	5921	12983	14352
155.007494	2	143	5	1	0	0	142992	170	111	7240	203500	3000	1448	536	412000	40000	162	0	0	0	0	0
155.007586	1	143	143	0	18904	5921	12983	14352
156.024977	2	144	5	1	0	0	144008	171	111	7240	203500	3000	1448	536	412000	40000	135	0	0	0	0	0
156.025048	1	144	144	0	18904	5921	12983	14352
157.049206	2	145	5	1	0	0	145032	171	111	7240	203500	3000	1448	536	412000	40000	135	0	0	0	0	0
157.049291	1	145	145	0	18904	5921	12983	14352
158.073253	2	146	5	1	0	0	146056	172	111	7240	203500	3000	1448	536	412000	40000	135	0	0	0	0	0
158.073327	1	146	146	0	18904	5921	12983	14352
159.104855	2	147	5	1	0	0	147088	172	111	7240	203500	3000	1448	536	412000	40000	135	0	0	0	0	0
159.105024	1	147	147	0	18904	5921	12983	14352
160.129108	2	148	5	1	0	0	148112	173	111	7240	203500	3000	1448	536	412000	40000	135	0	0	0	0	0
160.129190	1	148	148	0	18904	5921	12983	14352
161.153264	2	149	5	1	0	0	149136	173	111	7240	203500	3000	1448	536	412000	40000	135	0	0	0	0	0
161.153352	1	149	149	0	18904	5921	12983	14352
162.184932	2	150	5	1	0	0	150168	174	111	7240	203500	3000	1448	536	412000	40000	135	0	0	0	0	0
162.185011	1	150	150	0	18904	5921	12983	14352
163.007492	2	151	5	1	0	0	150992	174	111	7240	203500	3000	1448	536	412000	40000	155	0	0	0	0	0
163.007571	1	151	151	0	18904	5921	12983	14352
164.032954	2	152	5	1	0	0	152016	175	111	7240	203500	3000	1448	536	412000	40000	135	0	0	0	0	0
164.033040	1	152	152	0	18904	5921	12983	14352
165.057105	2	153	5	1	0	0	153040	175	111	7240	203500	3000	1448	536	412000	40000	135	0	0	0	0	0
165.057198	1	153	153	0	18904	5921	12983	14352
166.089098	2	154	5	1	0	0	154072	176	111	7240	203500	3000	1448	536	412000	40000	135	0	0	0	0	0
166.089169	1	154	154	0	18904	5921	12983	14352
167.120987	2	155	5	1	0	0	155104	176	111	7240	203500	3000	1448	536	412000	40000	135	0	0	0	0	0
167.121075	1	155	155	0	18904	5921	12983	14352
168.153075	2	156	5	1	0	0	156136	177	111	7240	203500	3000	1448	536	412000	40000	135	0	0	0	0	0
168.153154	1	156	156	0	18904	5921	12983	14352
169.177126	2	157	5	1	0	0	157160	177	111	7240	203500	3000	1448	536	412000	40000	135	0	0	0	0	0
169.177215	1	157	157	0	18904	5921	12983	14352
170.001171	2	158	5	1	0	0	157984	178	111	7240	203500	3000	1448	536	412000	40000	135	0	0	0	0	0
170.001253	1	158	158	0	18904	5921	12983	14352
171.033208	2	159	5	1	0	0	159016	178	111	7240	203500	3000	1448	536	412000	40000	135	0	0	0	0	0
171.033287	1	159	159	0	18904	5921	12983	14352
172.064771	2	160	5	1	0	0	160048	179	111	7240	203500	3000	1448	536	412000	40000	135	0	0	0	0	0
172.064847	1	160	160	0	18904	5921	12983	14352
173.097106	2	161	5	1	0	0	161080	180	111	7240	203500	3000	1448	536	412000	40000	135	0	0	0	0	0
173.097219	1	161	161	0	18904	5921	12983	14352
174.121244	2	162	5	1	0	0	162104	180	111	7240	203500	3000	1448	536	412000	40000	135	0	0	0	0	0
174.121330	1	162	162	0	18904	5921	12983	14352
175.124452	2	163	5	1	0	0	163108	180	111	7240	203500	3000	1448	536	412000	40000	141	0	0	0	0	0
175.124543	1	163	163	0	18904	5921	12983	14352
176.149383	2	164	5	1	0	0	164132	181	111	7240	203500	3000	1448	536	412000	40000	135	0	0	0	0	0
176.149455	1	164	164	0	18904	5921	12983	14352
176.373719	3	1	5	10.1.1.1	36991	htdocs/file.txt
