protocol: 5
domain: yeah_500Mbps_300ms
start-time: 1424587829
sender-id: 1
app-name: tinyhttpd
schema: 0 _experiment_metadata subject:string key:string value:string 
schema: 1 _client_instrumentation measurements_injected:uint32 measurements_dropped:uint32 bytes_allocated:uint64 bytes_freed:uint64 bytes_in_use:uint64 bytes_max:uint64 
schema: 2 tinyhttpd_tcp socket:int32 state:int32 ca_state:int32 last_data_sent:int32 last_data_recv:int32 snd_cwnd:int32 snd_ssthresh:int32 rcv_ssthresh:int32 rtt:int32 rttvar:int32 snd_mss:int32 rcv_mss:int32 rto:int32 ato:int32 unacked:int32 sacked:int32 lost:int32 retrans:int32 fackets:int32 total_retrans:int32 
schema: 3 tinyhttpd_peer socket:int32 ip:string port:int32 file:string 
content: text

7.225021	2	1	5	1	0	0	904	14	111	7240	302500	11000	1448	536	756000	40000	8	0	0	0	0	0
7.225695	1	1	1	0	18892	5913	12979	14348
8.127321	2	2	5	1	0	0	1808	19	111	7240	303000	4000	1448	536	608000	40000	13	0	0	0	0	0
8.127399	1	2	2	0	18892	5913	12979	14348
9.336732	2	3	5	1	0	0	3016	29	111	7240	304500	5000	1448	536	540000	40000	20	0	0	0	0	0
9.336816	1	3	3	0	18892	5913	12979	14348
10.539981	2	4	5	1	0	0	4220	36	111	7240	306500	10000	1448	536	520000	40000	36	0	0	0	0	0
10.540071	1	4	4	0	18892	5913	12979	14348
11.442378	2	5	5	1	0	0	5120	45	111	7240	303500	4000	1448	536	512000	40000	45	0	0	0	0	0
11.442462	1	5	5	0	18892	5913	12979	14348
12.344838	2	6	5	1	0	0	6024	53	111	7240	303500	3000	1448	536	512000	40000	53	0	0	0	0	0
12.344921	1	6	6	0	18892	5913	12979	14348
13.248779	2	7	5	1	0	0	6928	65	111	7240	303500	3000	1448	536	512000	40000	45	0	0	0	0	0
13.248851	1	7	7	0	18892	5913	12979	14348
14.451305	2	8	5	1	0	0	8132	74	111	7240	304000	4000	1448	536	516000	40000	64	0	0	0	0	0
14.451396	1	8	8	0	18892	5913	12979	14348
15.360284	2	9	5	1	0	8	9040	86	111	7240	303500	3000	1448	536	512000	40000	76	0	0	0	0	0
15.360374	1	9	9	0	18892	5913	12979	14348
16.558746	2	10	5	1	0	0	10236	101	111	7240	303500	3000	1448	536	512000	40000	95	0	0	0	0	0
16.558821	1	10	10	0	18892	5913	12979	14348
17.166911	2	11	5	1	0	0	10844	108	111	7240	303500	4000	1448	536	512000	40000	90	0	0	0	0	0
17.167003	1	11	11	0	18892	5913	12979	14348
18.378739	2	12	5	1	0	0	12056	114	111	7240	303500	3000	1448	536	512000	40000	90	0	0	0	0	0
18.378824	1	12	12	0	18892	5913	12979	14348
19.003071	2	13	5	1	0	4	12684	117	111	7240	303500	3000	1448	536	512000	40000	100	0	0	0	0	0
19.003147	1	13	13	0	18892	5913	12979	14348
20.188535	2	14	5	1	0	0	13868	120	111	7240	303500	3000	1448	536	512000	40000	120	0	0	0	0	0
20.188620	1	14	14	0	18892	5913	12979	14348
21.392191	2	15	5	1	0	0	15072	124	111	7240	303500	3000	1448	536	512000	40000	90	0	0	0	0	0
21.392279	1	15	15	0	18892	5913	12979	14348
22.003073	2	16	5	1	0	4	15684	125	111	7240	303500	3000	1448	536	512000	40000	125	0	0	0	0	0
22.003145	1	16	16	0	18892	5913	12979	14348
23.198061	2	17	5	1	0	0	16876	128	111	7240	303500	3000	1448	536	512000	40000	90	0	0	0	0	0
23.198142	1	17	17	0	18892	5913	12979	14348
24.105751	2	18	5	1	0	0	17784	131	111	7240	303500	3000	1448	536	512000	40000	131	0	0	0	0	0
24.105840	1	18	18	0	18892	5913	12979	14348
25.040097	2	19	5	1	0	0	18720	134	111	7240	303500	3000	1448	536	512000	40000	95	0	0	0	0	0
25.040173	1	19	19	0	18892	5913	12979	14348
26.257825	2	20	5	1	0	0	19936	138	111	7240	303500	4000	1448	536	512000	40000	138	0	0	0	0	0
26.257915	1	20	20	0	18892	5913	12979	14348
27.160746	2	21	5	1	0	0	20840	141	111	7240	303500	3000	1448	536	512000	40000	135	0	0	0	0	0
27.160826	1	21	21	0	18892	5913	12979	14348
28.063738	2	22	5	1	0	0	21744	145	111	7240	304000	4000	1448	536	516000	40000	135	0	0	0	0	0
28.063819	1	22	22	0	18892	5913	12979	14348
29.253408	2	23	5	1	0	0	22932	149	111	7240	303500	3000	1448	536	512000	40000	135	0	0	0	0	0
29.253556	1	23	23	0	18892	5913	12979	14348
30.462270	2	24	5	1	0	0	24140	154	111	7240	304000	3000	1448	536	516000	40000	154	0	0	0	0	0
30.462370	1	24	24	0	18892	5913	12979	14348
31.086102	2	25	5	1	0	0	24764	157	111	7240	303500	3000	1448	536	512000	40000	157	0	0	0	0	0
31.086180	1	25	25	0	18892	5913	12979	14348
32.003089	2	26	5	1	0	0	25684	161	111	7240	303500	3000	1448	536	512000	40000	161	0	0	0	0	0
32.003170	1	26	26	0	18892	5913	12979	14348
33.212767	2	27	5	1	0	0	26892	166	111	7240	303500	3000	1448	536	512000	40000	135	0	0	0	0	0
33.212847	1	27	27	0	18892	5913	12979	14348
34.129644	2	28	5	1	0	0	27808	170	111	7240	303500	3000	1448	536	512000	40000	135	0	0	0	0	0
34.129730	1	28	28	0	18892	5913	12979	14348
35.044715	2	29	5	1	0	0	28724	174	111	7240	303500	3000	1448	536	512000	40000	135	0	0	0	0	0
35.044790	1	29	29	0	18892	5913	12979	14348
36.268586	2	30	5	1	0	0	29948	180	111	7240	303500	3000	1448	536	512000	40000	135	0	0	0	0	0
36.268675	1	30	30	0	18892	5913	12979	14348
37.184781	2	31	5	1	0	0	30864	182	111	7240	303500	3000	1448	536	512000	40000	135	0	0	0	0	0
37.184868	1	31	31	0	18892	5913	12979	14348
38.100823	2	32	5	1	0	0	31780	184	111	7240	303500	3000	1448	536	512000	40000	135	0	0	0	0	0
38.100905	1	32	32	0	18892	5913	12979	14348
39.024487	2	33	5	1	0	0	32704	186	111	7240	303500	3000	1448	536	512000	40000	135	0	0	0	0	0
39.024568	1	33	33	0	18892	5913	12979	14348
40.248617	2	34	5	1	0	0	33928	189	111	7240	303500	3000	1448	536	512000	40000	135	0	0	0	0	0
40.248706	1	34	34	0	18892	5913	12979	14348
41.164497	2	35	5	1	0	0	34844	191	111	7240	303500	3000	1448	536	512000	40000	135	0	0	0	0	0
41.164572	1	35	35	0	18892	5913	12979	14348
42.080687	2	36	5	1	0	0	35760	193	111	7240	303500	3000	1448	536	512000	40000	135	0	0	0	0	0
42.080767	1	36	36	0	18892	5913	12979	14348
43.003080	2	37	5	1	0	0	36684	195	111	7240	303500	3000	1448	536	512000	40000	155	0	0	0	0	0
43.003161	1	37	37	0	18892	5913	12979	14348
44.220858	2	38	5	1	0	0	37900	197	111	7240	303500	3000	1448	536	512000	40000	135	0	0	0	0	0
44.220950	1	38	38	0	18892	5913	12979	14348
45.144510	2	39	5	1	0	0	38824	199	111	7240	303500	3000	1448	536	512000	40000	135	0	0	0	0	0
45.144594	1	39	39	0	18892	5913	12979	14348
46.060324	2	40	5	1	0	0	39740	201	111	7240	303500	3000	1448	536	512000	40000	135	0	0	0	0	0
46.060411	1	40	40	0	18892	5913	12979	14348
47.284535	2	41	5	1	0	0	40964	202	111	7240	303500	3000	1448	536	512000	40000	135	0	0	0	0	0
47.284621	1	41	41	0	18892	5913	12979	14348
48.200971	2	42	5	1	0	0	41880	204	111	7240	303500	3000	1448	536	512000	40000	135	0	0	0	0	0
48.201045	1	42	42	0	18892	5913	12979	14348
49.116994	2	43	5	1	0	0	42796	205	111	7240	303500	3000	1448	536	512000	40000	135	0	0	0	0	0
49.117069	1	43	43	0	18892	5913	12979	14348
50.040435	2	44	5	1	0	0	43720	206	111	7240	303500	3000	1448	536	512000	40000	135	0	0	0	0	0
50.040516	1	44	44	0	18892	5913	12979	14348
51.264835	2	45	5	1	0	0	44944	207	111	7240	303500	3000	1448	536	512000	40000	135	0	0	0	0	0
51.264924	1	45	45	0	18892	5913	12979	14348
52.180577	2	46	5	1	0	0	45860	208	111	7240	303500	3000	1448	536	512000	40000	135	0	0	0	0	0
52.180659	1	46	46	0	18892	5913	12979	14348
53.096465	2	47	5	1	0	0	46776	209	111	7240	303500	3000	1448	536	512000	40000	135	0	0	0	0	0
53.096538	1	47	47	0	18892	5913	12979	14348
54.012902	2	48	5	1	0	0	47692	210	111	7240	303500	3000	1448	536	512000	40000	135	0	0	0	0	0
54.012989	1	48	48	0	18892	5913	12979	14348
55.237217	2	49	5	1	0	0	48916	211	111	7240	303500	3000	1448	536	512000	40000	135	0	0	0	0	0
55.237293	1	49	49	0	18892	5913	12979	14348
56.160500	2	50	5	1	0	0	49840	212	111	7240	303500	3000	1448	536	512000	40000	135	0	0	0	0	0
56.160621	1	50	50	0	18892	5913	12979	14348
57.076568	2	51	5	1	0	0	50756	212	111	7240	303500	3000	1448	536	512000	40000	135	0	0	0	0	0
57.076640	1	51	51	0	18892	5913	12979	14348
58.003080	2	52	5	1	0	4	51684	213	111	7240	303500	3000	1448	536	512000	40000	164	0	0	0	0	0
58.003174	1	52	52	0	18892	5913	12979	14348
59.216411	2	53	5	1	0	0	52896	214	111	7240	303500	3000	1448	536	512000	40000	135	0	0	0	0	0
59.216495	1	53	53	0	18892	5913	12979	14348
60.132458	2	54	5	1	0	0	53812	215	111	7240	303500	3000	1448	536	512000	40000	135	0	0	0	0	0
60.132543	1	54	54	0	18892	5913	12979	14348
61.049053	2	55	5	1	0	0	54728	216	111	7240	303500	3000	1448	536	512000	40000	135	0	0	0	0	0
61.049132	1	55	55	0	18892	5913	12979	14348
62.272938	2	56	5	1	0	0	55952	216	111	7240	303500	3000	1448	536	512000	40000	135	0	0	0	0	0
62.273028	1	56	56	0	18892	5913	12979	14348
63.196716	2	57	5	1	0	0	56876	217	111	7240	303500	3000	1448	536	512000	40000	135	0	0	0	0	0
63.196881	1	57	57	0	18892	5913	12979	14348
64.112751	2	58	5	1	0	0	57792	217	111	7240	303500	3000	1448	536	512000	40000	135	0	0	0	0	0
64.112841	1	58	58	0	18892	5913	12979	14348
65.028672	2	59	5	1	0	0	58708	218	111	7240	303500	3000	1448	536	512000	40000	135	0	0	0	0	0
65.028751	1	59	59	0	18892	5913	12979	14348
66.252550	2	60	5	1	0	0	59932	219	111	7240	303500	3000	1448	536	512000	40000	135	0	0	0	0	0
66.252643	1	60	60	0	18892	5913	12979	14348
67.168988	2	61	5	1	0	0	60848	219	111	7240	303500	3000	1448	536	512000	40000	135	0	0	0	0	0
67.169070	1	61	61	0	18892	5913	12979	14348
68.092550	2	62	5	1	0	0	61772	219	111	7240	303500	3000	1448	536	512000	40000	135	0	0	0	0	0
68.092638	1	62	62	0	18892	5913	12979	14348
69.008593	2	63	5	1	0	0	62688	219	111	7240	303500	3000	1448	536	512000	40000	135	0	0	0	0	0
69.008663	1	63	63	0	18892	5913	12979	14348
70.232474	2	64	5	1	0	0	63912	220	111	7240	303500	3000	1448	536	512000	40000	135	0	0	0	0	0
70.232565	1	64	64	0	18892	5913	12979	14348
71.148600	2	65	5	1	0	0	64828	220	111	7240	303500	3000	1448	536	512000	40000	135	0	0	0	0	0
71.148686	1	65	65	0	18892	5913	12979	14348
72.064939	2	66	5	1	0	0	65744	220	111	7240	303500	3000	1448	536	512000	40000	135	0	0	0	0	0
72.065031	1	66	66	0	18892	5913	12979	14348
73.288909	2	67	5	1	0	0	66968	221	111	7240	303500	3000	1448	536	512000	40000	135	0	0	0	0	0
73.288997	1	67	67	0	18892	5913	12979	14348
74.212510	2	68	5	1	0	0	67892	221	111	7240	303500	3000	1448	536	512000	40000	135	0	0	0	0	0
74.212593	1	68	68	0	18892	5913	12979	14348
75.128544	2	69	5	1	0	0	68808	221	111	7240	303500	3000	1448	536	512000	40000	135	0	0	0	0	0
75.128618	1	69	69	0	18892	5913	12979	14348
76.044518	2	70	5	1	0	0	69724	221	111	7240	303500	3000	1448	536	512000	40000	135	0	0	0	0	0
76.044606	1	70	70	0	18892	5913	12979	14348
77.268669	2	71	5	1	0	0	70948	221	111	7240	303500	3000	1448	536	512000	40000	135	0	0	0	0	0
77.268756	1	71	71	0	18892	5913	12979	14348
78.184895	2	72	5	1	0	0	71864	221	111	7240	303500	3000	1448	536	512000	40000	135	0	0	0	0	0
78.184983	1	72	72	0	18892	5913	12979	14348
79.108668	2	73	5	1	0	0	72788	221	111	7240	303500	3000	1448	536	512000	40000	135	0	0	0	0	0
79.108747	1	73	73	0	18892	5913	12979	14348
80.024534	2	74	5	1	0	0	73704	221	111	7240	303500	3000	1448	536	512000	40000	135	0	0	0	0	0
80.024618	1	74	74	0	18892	5913	12979	14348
81.248484	2	75	5	1	0	0	74928	221	111	7240	303500	3000	1448	536	512000	40000	135	0	0	0	0	0
81.248564	1	75	75	0	18892	5913	12979	14348
82.164706	2	76	5	1	0	0	75844	221	111	7240	303500	3000	1448	536	512000	40000	135	0	0	0	0	0
82.164792	1	76	76	0	18892	5913	12979	14348
83.080982	2	77	5	1	0	0	76760	221	111	7240	303500	3000	1448	536	512000	40000	135	0	0	0	0	0
83.081057	1	77	77	0	18892	5913	12979	14348
84.004647	2	78	5	1	0	0	77684	221	111	7240	303500	3000	1448	536	512000	40000	135	0	0	0	0	0
84.004730	1	78	78	0	18892	5913	12979	14348
85.228654	2	79	5	1	0	0	78908	221	111	7240	303500	3000	1448	536	512000	40000	135	0	0	0	0	0
85.228734	1	79	79	0	18892	5913	12979	14348
86.144433	2	80	5	1	0	0	79824	221	111	7240	303500	3000	1448	536	512000	40000	135	0	0	0	0	0
86.144555	1	80	80	0	18892	5913	12979	14348
87.060753	2	81	5	1	0	0	80740	221	111	7240	303500	3000	1448	536	512000	40000	135	0	0	0	0	0
87.060840	1	81	81	0	18892	5913	12979	14348
88.284722	2	82	5	1	0	0	81964	221	111	7240	303500	3000	1448	536	512000	40000	135	0	0	0	0	0
88.284810	1	82	82	0	18892	5913	12979	14348
89.200667	2	83	5	1	0	0	82880	221	111	7240	303500	3000	1448	536	512000	40000	135	0	0	0	0	0
89.200738	1	83	83	0	18892	5913	12979	14348
90.124596	2	84	5	1	0	0	83804	221	111	7240	303500	3000	1448	536	512000	40000	135	0	0	0	0	0
90.124684	1	84	84	0	18892	5913	12979	14348
91.040688	2	85	5	1	0	0	84720	221	111	7240	303500	3000	1448	536	512000	40000	135	0	0	0	0	0
91.040768	1	85	85	0	18892	5913	12979	14348
92.264586	2	86	5	1	0	0	85944	221	111	7240	303500	3000	1448	536	512000	40000	135	0	0	0	0	0
92.264679	1	86	86	0	18892	5913	12979	14348
93.180685	2	87	5	1	0	0	86860	221	111	7240	303500	3000	1448	536	512000	40000	135	0	0	0	0	0
93.180771	1	87	87	0	18892	5913	12979	14348
94.096987	2	88	5	1	0	0	87776	221	111	7240	303500	3000	1448	536	512000	40000	135	0	0	0	0	0
94.097161	1	88	88	0	18892	5913	12979	14348
95.020689	2	89	5	1	0	0	88700	221	111	7240	303500	3000	1448	536	512000	40000	135	0	0	0	0	0
95.020771	1	89	89	0	18892	5913	12979	14348
96.244452	2	90	5	1	0	0	89924	221	111	7240	303500	3000	1448	536	512000	40000	135	0	0	0	0	0
96.244541	1	90	90	0	18892	5913	12979	14348
97.160665	2	91	5	1	0	0	90840	221	111	7240	303500	3000	1448	536	512000	40000	135	0	0	0	0	0
97.160752	1	91	91	0	18892	5913	12979	14348
98.076518	2	92	5	1	0	0	91756	221	111	7240	303500	3000	1448	536	512000	40000	135	0	0	0	0	0
98.076606	1	92	92	0	18892	5913	12979	14348
99.003076	2	93	5	1	0	4	92684	221	111	7240	303500	3000	1448	536	512000	40000	135	0	0	0	0	0
99.003150	1	93	93	0	18892	5913	12979	14348
100.218033	2	94	5	1	0	0	93896	221	111	7240	303500	3000	1448	536	512000	40000	135	0	0	0	0	0
100.218125	1	94	94	0	18892	5913	12979	14348
101.140630	2	95	5	1	0	0	94820	221	111	7240	303500	3000	1448	536	512000	40000	135	0	0	0	0	0
101.140715	1	95	95	0	18892	5913	12979	14348
102.056529	2	96	5	1	0	0	95736	221	111	7240	303500	3000	1448	536	512000	40000	135	0	0	0	0	0
102.056621	1	96	96	0	18892	5913	12979	14348
103.280537	2	97	5	1	0	0	96960	221	111	7240	303500	3000	1448	536	512000	40000	135	0	0	0	0	0
103.280626	1	97	97	0	18892	5913	12979	14348
104.196502	2	98	5	1	0	0	97876	221	111	7240	303500	3000	1448	536	512000	40000	135	0	0	0	0	0
104.196585	1	98	98	0	18892	5913	12979	14348
105.113090	2	99	5	1	0	0	98792	221	111	7240	303500	3000	1448	536	512000	40000	135	0	0	0	0	0
105.113167	1	99	99	0	18892	5913	12979	14348
106.036478	2	100	5	1	0	0	99716	221	111	7240	303500	3000	1448	536	512000	40000	135	0	0	0	0	0
106.036589	1	100	100	0	18892	5913	12979	14348
107.252629	2	101	5	1	0	0	100932	221	111	7240	303500	3000	1448	536	512000	40000	135	0	0	0	0	0
107.252724	1	101	101	0	18892	5913	12979	14348
108.168620	2	102	5	1	0	0	101848	221	111	7240	303500	3000	1448	536	512000	40000	135	0	0	0	0	0
108.168702	1	102	102	0	18892	5913	12979	14348
109.084566	2	103	5	1	0	0	102764	221	111	7240	303500	3000	1448	536	512000	40000	135	0	0	0	0	0
109.084639	1	103	103	0	18892	5913	12979	14348
110.003082	2	104	5	1	0	4	103684	221	111	7240	303500	3000	1448	536	512000	40000	135	0	0	0	0	0
110.003171	1	104	104	0	18892	5913	12979	14348
111.224989	2	105	5	1	0	0	104904	221	111	7240	303500	3000	1448	536	512000	40000	135	0	0	0	0	0
111.225073	1	105	105	0	18892	5913	12979	14348
112.148777	2	106	5	1	0	0	105828	221	111	7240	303500	3000	1448	536	512000	40000	135	0	0	0	0	0
112.148868	1	106	106	0	18892	5913	12979	14348
113.064615	2	107	5	1	0	0	106744	221	111	7240	303500	3000	1448	536	512000	40000	135	0	0	0	0	0
113.064688	1	107	107	0	18892	5913	12979	14348
114.288388	2	108	5	1	0	0	107968	221	111	7240	303500	3000	1448	536	512000	40000	135	0	0	0	0	0
114.288479	1	108	108	0	18892	5913	12979	14348
115.204648	2	109	5	1	0	0	108884	221	111	7240	303500	3000	1448	536	512000	40000	135	0	0	0	0	0
115.204726	1	109	109	0	18892	5913	12979	14348
116.120572	2	110	5	1	0	0	109800	221	111	7240	303500	3000	1448	536	512000	40000	135	0	0	0	0	0
116.120660	1	110	110	0	18892	5913	12979	14348
117.044656	2	111	5	1	0	0	110724	221	111	7240	303500	3000	1448	536	512000	40000	135	0	0	0	0	0
117.044746	1	111	111	0	18892	5913	12979	14348
118.268396	2	112	5	1	0	0	111948	221	111	7240	303500	3000	1448	536	512000	40000	135	0	0	0	0	0
118.268484	1	112	112	0	18892	5913	12979	14348
119.184482	2	113	5	1	0	0	112864	221	111	7240	303500	3000	1448	536	512000	40000	135	0	0	0	0	0
119.184562	1	113	113	0	18892	5913	12979	14348
120.100735	2	114	5	1	0	0	113780	221	111	7240	303500	3000	1448	536	512000	40000	135	0	0	0	0	0
120.100828	1	114	114	0	18892	5913	12979	14348
121.016640	2	115	5	1	0	0	114696	221	111	7240	303500	3000	1448	536	512000	40000	135	0	0	0	0	0
121.016718	1	115	115	0	18892	5913	12979	14348
122.240884	2	116	5	1	0	0	115920	221	111	7240	303500	3000	1448	536	512000	40000	135	0	0	0	0	0
122.240977	1	116	116	0	18892	5913	12979	14348
123.164641	2	117	5	1	0	0	116844	221	111	7240	303500	3000	1448	536	512000	40000	135	0	0	0	0	0
123.164712	1	117	117	0	18892	5913	12979	14348
124.080545	2	118	5	1	0	0	117760	221	111	7240	303500	3000	1448	536	512000	40000	135	0	0	0	0	0
124.080717	1	118	118	0	18892	5913	12979	14348
125.003080	2	119	5	1	0	0	118684	221	111	7240	303500	3000	1448	536	512000	40000	165	0	0	0	0	0
125.003159	1	119	119	0	18892	5913	12979	14348
126.220933	2	120	5	1	0	0	119900	221	111	7240	303500	3000	1448	536	512000	40000	135	0	0	0	0	0
126.221022	1	120	120	0	18892	5913	12979	14348
127.136937	2	121	5	1	0	0	120816	221	111	7240	303500	3000	1448	536	512000	40000	135	0	0	0	0	0
127.137027	1	121	121	0	18892	5913	12979	14348
128.060689	2	122	5	1	0	0	121740	221	111	7240	303500	3000	1448	536	512000	40000	135	0	0	0	0	0
128.060767	1	122	122	0	18892	5913	12979	14348
129.284760	2	123	5	1	0	0	122964	221	111	7240	303500	3000	1448	536	512000	40000	135	0	0	0	0	0
129.284839	1	123	123	0	18892	5913	12979	14348
130.200564	2	124	5	1	0	0	123880	221	111	7240	303500	3000	1448	536	512000	40000	135	0	0	0	0	0
130.200638	1	124	124	0	18892	5913	12979	14348
131.116607	2	125	5	1	0	0	124796	221	111	7240	303500	3000	1448	536	512000	40000	135	0	0	0	0	0
131.116703	1	125	125	0	18892	5913	12979	14348
132.032615	2	126	5	1	0	0	125712	221	111	7240	303500	3000	1448	536	512000	40000	135	0	0	0	0	0
132.032705	1	126	126	0	18892	5913	12979	14348
133.256934	2	127	5	1	0	0	126936	221	111	7240	303500	3000	1448	536	512000	40000	135	0	0	0	0	0
133.257011	1	127	127	0	18892	5913	12979	14348
134.180653	2	128	5	1	0	0	127860	221	111	7240	303500	3000	1448	536	512000	40000	135	0	0	0	0	0
134.180737	1	128	128	0	18892	5913	12979	14348
135.096454	2	129	5	1	0	0	128776	221	111	7240	303500	3000	1448	536	512000	40000	135	0	0	0	0	0
135.096534	1	129	129	0	18892	5913	12979	14348
136.012541	2	130	5	1	0	0	129692	221	111	7240	303500	3000	1448	536	512000	40000	135	0	0	0	0	0
136.012626	1	130	130	0	18892	5913	12979	14348
137.236775	2	131	5	1	0	0	130916	221	111	7240	303500	3000	1448	536	512000	40000	135	0	0	0	0	0
137.236865	1	131	131	0	18892	5913	12979	14348
138.153130	2	132	5	1	0	0	131832	221	111	7240	303500	3000	1448	536	512000	40000	135	0	0	0	0	0
138.153206	1	132	132	0	18892	5913	12979	14348
139.076729	2	133	5	1	0	0	132756	221	111	7240	303500	3000	1448	536	512000	40000	135	0	0	0	0	0
139.076806	1	133	133	0	18892	5913	12979	14348
140.003085	2	134	5	1	0	4	133684	221	111	7240	303500	3000	1448	536	512000	40000	164	0	0	0	0	0
140.003175	1	134	134	0	18892	5913	12979	14348
141.216460	2	135	5	1	0	0	134896	221	111	7240	303500	3000	1448	536	512000	40000	135	0	0	0	0	0
141.216540	1	135	135	0	18892	5913	12979	14348
142.132637	2	136	5	1	0	0	135812	221	111	7240	303500	3000	1448	536	512000	40000	135	0	0	0	0	0
142.132729	1	136	136	0	18892	5913	12979	14348
143.048958	2	137	5	1	0	0	136728	221	111	7240	303500	3000	1448	536	512000	40000	135	0	0	0	0	0
143.049031	1	137	137	0	18892	5913	12979	14348
144.272852	2	138	5	1	0	0	137952	221	111	7240	303500	3000	1448	536	512000	40000	135	0	0	0	0	0
144.272938	1	138	138	0	18892	5913	12979	14348
145.196593	2	139	5	1	0	0	138876	221	111	7240	303500	3000	1448	536	512000	40000	135	0	0	0	0	0
145.196674	1	139	139	0	18892	5913	12979	14348
146.112780	2	140	5	1	0	0	139792	221	111	7240	303500	3000	1448	536	512000	40000	135	0	0	0	0	0
146.112870	1	140	140	0	18892	5913	12979	14348
147.028452	2	141	5	1	0	0	140708	221	111	7240	303500	3000	1448	536	512000	40000	135	0	0	0	0	0
147.028539	1	141	141	0	18892	5913	12979	14348
148.252713	2	142	5	1	0	0	141932	221	111	7240	303500	3000	1448	536	512000	40000	135	0	0	0	0	0
148.252798	1	142	142	0	18892	5913	12979	14348
149.169083	2	143	5	1	0	0	142848	221	111	7240	303500	3000	1448	536	512000	40000	135	0	0	0	0	0
149.169157	1	143	143	0	18892	5913	12979	14348
150.092736	2	144	5	1	0	0	143772	221	111	7240	303500	3000	1448	536	512000	40000	135	0	0	0	0	0
150.092821	1	144	144	0	18892	5913	12979	14348
151.008514	2	145	5	1	0	0	144688	221	111	7240	303500	3000	1448	536	512000	40000	135	0	0	0	0	0
151.008585	1	145	145	0	18892	5913	12979	14348
152.233047	2	146	5	1	0	0	145912	221	111	7240	303500	3000	1448	536	512000	40000	135	0	0	0	0	0
152.233142	1	146	146	0	18892	5913	12979	14348
153.148777	2	147	5	1	0	0	146828	221	111	7240	303500	3000	1448	536	512000	40000	135	0	0	0	0	0
153.148859	1	147	147	0	18892	5913	12979	14348
154.065039	2	148	5	1	0	0	147744	221	111	7240	303500	3000	1448	536	512000	40000	135	0	0	0	0	0
154.065127	1	148	148	0	18892	5913	12979	14348
155.289099	2	149	5	1	0	0	148968	221	111	7240	303500	3000	1448	536	512000	40000	135	0	0	0	0	0
155.289188	1	149	149	0	18892	5913	12979	14348
156.212696	2	150	5	1	0	0	149892	221	111	7240	303500	3000	1448	536	512000	40000	135	0	0	0	0	0
156.212767	1	150	150	0	18892	5913	12979	14348
157.128709	2	151	5	1	0	0	150808	221	111	7240	303500	3000	1448	536	512000	40000	135	0	0	0	0	0
157.128799	1	151	151	0	18892	5913	12979	14348
158.044767	2	152	5	1	0	0	151724	221	111	7240	303500	3000	1448	536	512000	40000	135	0	0	0	0	0
158.044851	1	152	152	0	18892	5913	12979	14348
159.268652	2	153	5	1	0	0	152948	221	111	7240	303500	3000	1448	536	512000	40000	135	0	0	0	0	0
159.268732	1	153	153	0	18892	5913	12979	14348
160.184948	2	154	5	1	0	0	153864	221	111	7240	303500	3000	1448	536	512000	40000	135	0	0	0	0	0
160.185039	1	154	154	0	18892	5913	12979	14348
161.108577	2	155	5	1	0	0	154788	221	111	7240	303500	3000	1448	536	512000	40000	135	0	0	0	0	0
161.108648	1	155	155	0	18892	5913	12979	14348
162.024297	2	156	5	1	0	0	155704	221	111	7240	303500	3000	1448	536	512000	40000	135	0	0	0	0	0
162.024388	1	156	156	0	18892	5913	12979	14348
163.248576	2	157	5	1	0	0	156928	221	111	7240	303500	3000	1448	536	512000	40000	135	0	0	0	0	0
163.248655	1	157	157	0	18892	5913	12979	14348
164.164870	2	158	5	1	0	0	157844	221	111	7240	303500	3000	1448	536	512000	40000	135	0	0	0	0	0
164.164953	1	158	158	0	18892	5913	12979	14348
165.081098	2	159	5	1	0	0	158760	221	111	7240	303500	3000	1448	536	512000	40000	135	0	0	0	0	0
165.081175	1	159	159	0	18892	5913	12979	14348
166.004767	2	160	5	1	0	0	159684	221	111	7240	303500	3000	1448	536	512000	40000	135	0	0	0	0	0
166.004859	1	160	160	0	18892	5913	12979	14348
167.228728	2	161	5	1	0	0	160908	221	111	7240	303500	3000	1448	536	512000	40000	135	0	0	0	0	0
167.228821	1	161	161	0	18892	5913	12979	14348
168.144435	2	162	5	1	0	0	161824	221	111	7240	303500	3000	1448	536	512000	40000	135	0	0	0	0	0
168.144525	1	162	162	0	18892	5913	12979	14348
169.060749	2	163	5	1	0	0	162740	221	111	7240	303500	3000	1448	536	512000	40000	135	0	0	0	0	0
169.060826	1	163	163	0	18892	5913	12979	14348
170.284691	2	164	5	1	0	0	163964	221	111	7240	303500	3000	1448	536	512000	40000	135	0	0	0	0	0
170.284779	1	164	164	0	18892	5913	12979	14348
171.201090	2	165	5	1	0	0	164880	221	111	7240	303500	3000	1448	536	512000	40000	135	0	0	0	0	0
171.201161	1	165	165	0	18892	5913	12979	14348
172.124520	2	166	5	1	0	0	165804	221	111	7240	303500	3000	1448	536	512000	40000	135	0	0	0	0	0
172.124610	1	166	166	0	18892	5913	12979	14348
173.040567	2	167	5	1	0	0	166720	221	111	7240	303500	3000	1448	536	512000	40000	135	0	0	0	0	0
173.040652	1	167	167	0	18892	5913	12979	14348
174.264680	2	168	5	1	0	0	167944	221	111	7240	303500	3000	1448	536	512000	40000	135	0	0	0	0	0
174.264769	1	168	168	0	18892	5913	12979	14348
175.180803	2	169	5	1	0	0	168860	221	111	7240	303500	3000	1448	536	512000	40000	135	0	0	0	0	0
175.180875	1	169	169	0	18892	5913	12979	14348
176.096550	2	170	5	1	0	0	169776	221	111	7240	303500	3000	1448	536	512000	40000	135	0	0	0	0	0
176.096639	1	170	170	0	18892	5913	12979	14348
177.020724	2	171	5	1	0	0	170700	221	111	7240	303500	3000	1448	536	512000	40000	135	0	0	0	0	0
177.020809	1	171	171	0	18892	5913	12979	14348
178.244611	2	172	5	1	0	0	171924	221	111	7240	303500	3000	1448	536	512000	40000	135	0	0	0	0	0
178.244699	1	172	172	0	18892	5913	12979	14348
179.160493	2	173	5	1	0	0	172840	221	111	7240	303500	3000	1448	536	512000	40000	135	0	0	0	0	0
179.160578	1	173	173	0	18892	5913	12979	14348
180.076702	2	174	5	1	0	0	173756	221	111	7240	303500	3000	1448	536	512000	40000	135	0	0	0	0	0
180.076784	1	174	174	0	18892	5913	12979	14348
181.003080	2	175	5	1	0	4	174684	221	111	7240	303500	3000	1448	536	512000	40000	135	0	0	0	0	0
181.003156	1	175	175	0	18892	5913	12979	14348
182.216768	2	176	5	1	0	0	175896	221	111	7240	303500	3000	1448	536	512000	40000	135	0	0	0	0	0
182.216860	1	176	176	0	18892	5913	12979	14348
183.140667	2	177	5	1	0	0	176820	221	111	7240	303500	3000	1448	536	512000	40000	135	0	0	0	0	0
183.140837	1	177	177	0	18892	5913	12979	14348
184.056309	2	178	5	1	0	0	177736	221	111	7240	303500	3000	1448	536	512000	40000	135	0	0	0	0	0
184.056400	1	178	178	0	18892	5913	12979	14348
185.280537	2	179	5	1	0	0	178960	221	111	7240	303500	3000	1448	536	512000	40000	135	0	0	0	0	0
185.280628	1	179	179	0	18892	5913	12979	14348
186.196815	2	180	5	1	0	0	179876	221	111	7240	303500	3000	1448	536	512000	40000	135	0	0	0	0	0
186.196904	1	180	180	0	18892	5913	12979	14348
187.113239	2	181	5	1	0	0	180792	221	111	7240	303500	3000	1448	536	512000	40000	135	0	0	0	0	0
187.113323	1	181	181	0	18892	5913	12979	14348
188.036679	2	182	5	1	0	0	181716	221	111	7240	303500	3000	1448	536	512000	40000	135	0	0	0	0	0
188.036770	1	182	182	0	18892	5913	12979	14348
189.260563	2	183	5	1	0	0	182940	221	111	7240	303500	3000	1448	536	512000	40000	135	0	0	0	0	0
189.260641	1	183	183	0	18892	5913	12979	14348
190.176597	2	184	5	1	0	0	183856	221	111	7240	303500	3000	1448	536	512000	40000	135	0	0	0	0	0
190.176683	1	184	184	0	18892	5913	12979	14348
191.092686	2	185	5	1	0	0	184772	221	111	7240	303500	3000	1448	536	512000	40000	135	0	0	0	0	0
191.092775	1	185	185	0	18892	5913	12979	14348
192.008787	2	186	5	1	0	0	185688	221	111	7240	303500	3000	1448	536	512000	40000	135	0	0	0	0	0
192.008876	1	186	186	0	18892	5913	12979	14348
193.232927	2	187	5	1	0	0	186912	221	111	7240	303500	3000	1448	536	512000	40000	135	0	0	0	0	0
193.233011	1	187	187	0	18892	5913	12979	14348
194.156460	2	188	5	1	0	0	187836	221	111	7240	303500	3000	1448	536	512000	40000	135	0	0	0	0	0
194.156547	1	188	188	0	18892	5913	12979	14348
195.072584	2	189	5	1	0	0	188752	221	111	7240	303500	3000	1448	536	512000	40000	135	0	0	0	0	0
195.072654	1	189	189	0	18892	5913	12979	14348
196.003082	2	190	5	1	0	0	189684	221	111	7240	303500	3000	1448	536	512000	40000	158	0	0	0	0	0
196.003197	1	190	190	0	18892	5913	12979	14348
197.212716	2	191	5	1	0	0	190892	221	111	7240	303500	3000	1448	536	512000	40000	135	0	0	0	0	0
197.212802	1	191	191	0	18892	5913	12979	14348
198.128747	2	192	5	1	0	0	191808	221	111	7240	303500	3000	1448	536	512000	40000	135	0	0	0	0	0
198.128840	1	192	192	0	18892	5913	12979	14348
199.052662	2	193	5	1	0	0	192732	221	111	7240	303500	3000	1448	536	512000	40000	135	0	0	0	0	0
199.052731	1	193	193	0	18892	5913	12979	14348
200.276601	2	194	5	1	0	0	193956	221	111	7240	303500	3000	1448	536	512000	40000	135	0	0	0	0	0
200.276691	1	194	194	0	18892	5913	12979	14348
201.192553	2	195	5	1	0	0	194872	221	111	7240	303500	3000	1448	536	512000	40000	135	0	0	0	0	0
201.192629	1	195	195	0	18892	5913	12979	14348
202.108741	2	196	5	1	0	0	195788	221	111	7240	303500	3000	1448	536	512000	40000	135	0	0	0	0	0
202.108826	1	196	196	0	18892	5913	12979	14348
203.024991	2	197	5	1	0	0	196704	221	111	7240	303500	3000	1448	536	512000	40000	135	0	0	0	0	0
203.025071	1	197	197	0	18892	5913	12979	14348
204.249604	2	198	5	1	0	0	197928	221	111	7240	303500	3000	1448	536	512000	40000	135	0	0	0	0	0
204.249695	1	198	198	0	18892	5913	12979	14348
205.172623	2	199	5	1	0	0	198852	221	111	7240	303500	3000	1448	536	512000	40000	135	0	0	0	0	0
205.172695	1	199	199	0	18892	5913	12979	14348
206.088595	2	200	5	1	0	0	199768	221	111	7240	303500	3000	1448	536	512000	40000	135	0	0	0	0	0
206.088681	1	200	200	0	18892	5913	12979	14348
207.004756	2	201	5	1	0	0	200684	221	111	7240	303500	3000	1448	536	512000	40000	135	0	0	0	0	0
207.004843	1	201	201	0	18892	5913	12979	14348
208.228820	2	202	5	1	0	0	201908	221	111	7240	303500	3000	1448	536	512000	40000	135	0	0	0	0	0
208.228912	1	202	202	0	18892	5913	12979	14348
209.145043	2	203	5	1	0	0	202824	221	111	7240	303500	3000	1448	536	512000	40000	135	0	0	0	0	0
209.145114	1	203	203	0	18892	5913	12979	14348
210.068656	2	204	5	1	0	0	203748	221	111	7240	303500	3000	1448	536	512000	40000	135	0	0	0	0	0
210.068737	1	204	204	0	18892	5913	12979	14348
210.073220	3	1	5	10.1.1.1	37014	htdocs/file.txt
