protocol: 5
domain: yeah_500Mbps_200ms
start-time: 1424587007
sender-id: 1
app-name: tinyhttpd
schema: 0 _experiment_metadata subject:string key:string value:string 
schema: 1 _client_instrumentation measurements_injected:uint32 measurements_dropped:uint32 bytes_allocated:uint64 bytes_freed:uint64 bytes_in_use:uint64 bytes_max:uint64 
schema: 2 tinyhttpd_tcp socket:int32 state:int32 ca_state:int32 last_data_sent:int32 last_data_recv:int32 snd_cwnd:int32 snd_ssthresh:int32 rcv_ssthresh:int32 rtt:int32 rttvar:int32 snd_mss:int32 rcv_mss:int32 rto:int32 ato:int32 unacked:int32 sacked:int32 lost:int32 retrans:int32 fackets:int32 total_retrans:int32 
schema: 3 tinyhttpd_peer socket:int32 ip:string port:int32 file:string 
content: text

5.254108	2	1	5	1	0	0	1004	14	111	7240	208000	15000	1448	536	624000	40000	10	0	0	0	0	0
5.254734	1	1	1	0	18892	5913	12979	14348
6.057360	2	2	5	1	0	0	1808	20	111	7240	205000	7000	1448	536	476000	40000	16	0	0	0	0	0
6.057429	1	2	2	0	18892	5913	12979	14348
7.061627	2	3	5	1	0	0	2812	33	111	7240	203500	3000	1448	536	424000	40000	23	0	0	0	0	0
7.061703	1	3	3	0	18892	5913	12979	14348
8.066745	2	4	5	1	0	0	3816	49	111	7240	203500	3000	1448	536	412000	40000	39	0	0	0	0	0
8.066833	1	4	4	0	18892	5913	12979	14348
9.272749	2	5	5	1	0	0	5024	63	111	7240	203500	3000	1448	536	412000	40000	45	0	0	0	0	0
9.272840	1	5	5	0	18892	5913	12979	14348
10.081037	2	6	5	1	0	0	5832	74	111	7240	203500	3000	1448	536	412000	40000	74	0	0	0	0	0
10.081111	1	6	6	0	18892	5913	12979	14348
11.086812	2	7	5	1	0	0	6836	91	111	7240	204500	6000	1448	536	416000	40000	90	0	0	0	0	0
11.086886	1	7	7	0	18892	5913	12979	14348
12.100625	2	8	5	1	0	0	7852	107	111	7240	203500	3000	1448	536	412000	40000	90	0	0	0	0	0
12.100725	1	8	8	0	18892	5913	12979	14348
13.317183	2	9	5	1	0	0	9068	116	111	7240	203500	3000	1448	536	412000	40000	90	0	0	0	0	0
13.317279	1	9	9	0	18892	5913	12979	14348
14.126998	2	10	5	1	0	0	9876	120	111	7240	203500	3000	1448	536	412000	40000	90	0	0	0	0	0
14.127069	1	10	10	0	18892	5913	12979	14348
15.332801	2	11	5	1	0	0	11084	126	111	7240	203500	3000	1448	536	412000	40000	90	0	0	0	0	0
15.332889	1	11	11	0	18892	5913	12979	14348
16.349895	2	12	5	1	0	0	12100	130	111	7240	203500	3000	1448	536	412000	40000	130	0	0	0	0	0
16.349974	1	12	12	0	18892	5913	12979	14348
17.174735	2	13	5	1	0	0	12924	134	111	7240	203500	3000	1448	536	412000	40000	134	0	0	0	0	0
17.174806	1	13	13	0	18892	5913	12979	14348
18.006126	2	14	5	1	0	0	13756	138	111	7240	203500	4000	1448	536	412000	40000	135	0	0	0	0	0
18.006216	1	14	14	0	18892	5913	12979	14348
19.010995	2	15	5	1	0	0	14760	143	111	7240	203500	3000	1448	536	412000	40000	135	0	0	0	0	0
19.011082	1	15	15	0	18892	5913	12979	14348
20.007075	2	16	5	1	0	8	15760	148	111	7240	203500	3000	1448	536	412000	40000	135	0	0	0	0	0
20.007166	1	16	16	0	18892	5913	12979	14348
21.011701	2	17	5	1	0	0	16764	154	111	7240	204000	4000	1448	536	416000	40000	154	0	0	0	0	0
21.011773	1	17	17	0	18892	5913	12979	14348
22.057111	2	18	5	1	0	0	17808	161	111	7240	203500	3000	1448	536	412000	40000	135	0	0	0	0	0
22.057199	1	18	18	0	18892	5913	12979	14348
23.080837	2	19	5	1	0	0	18832	168	111	7240	203500	3000	1448	536	412000	40000	135	0	0	0	0	0
23.080926	1	19	19	0	18892	5913	12979	14348
24.104966	2	20	5	1	0	0	19856	174	111	7240	203500	3000	1448	536	412000	40000	135	0	0	0	0	0
24.105056	1	20	20	0	18892	5913	12979	14348
25.136540	2	21	5	1	0	0	20888	181	111	7240	203500	3000	1448	536	412000	40000	135	0	0	0	0	0
25.136613	1	21	21	0	18892	5913	12979	14348
26.160698	2	22	5	1	0	0	21912	185	111	7240	203500	3000	1448	536	412000	40000	135	0	0	0	0	0
26.160782	1	22	22	0	18892	5913	12979	14348
27.192641	2	23	5	1	0	0	22944	189	111	7240	203500	3000	1448	536	412000	40000	135	0	0	0	0	0
27.192718	1	23	23	0	18892	5913	12979	14348
28.016744	2	24	5	1	0	0	23768	191	111	7240	203500	3000	1448	536	412000	40000	135	0	0	0	0	0
28.016836	1	24	24	0	18892	5913	12979	14348
29.048532	2	25	5	1	0	0	24800	195	111	7240	203500	3000	1448	536	412000	40000	135	0	0	0	0	0
29.048618	1	25	25	0	18892	5913	12979	14348
30.080570	2	26	5	1	0	0	25832	197	111	7240	203500	3000	1448	536	412000	40000	135	0	0	0	0	0
30.080661	1	26	26	0	18892	5913	12979	14348
31.104843	2	27	5	1	0	0	26856	200	111	7240	203500	3000	1448	536	412000	40000	135	0	0	0	0	0
31.104913	1	27	27	0	18892	5913	12979	14348
32.136675	2	28	5	1	0	0	27888	202	111	7240	203500	3000	1448	536	412000	40000	135	0	0	0	0	0
32.136764	1	28	28	0	18892	5913	12979	14348
33.168457	2	29	5	1	0	0	28920	204	111	7240	203500	3000	1448	536	412000	40000	135	0	0	0	0	0
33.168539	1	29	29	0	18892	5913	12979	14348
34.007082	2	30	5	1	0	0	29760	206	111	7240	203500	3000	1448	536	412000	40000	169	0	0	0	0	0
34.007176	1	30	30	0	18892	5913	12979	14348
35.045996	2	31	5	1	0	0	30796	208	111	7240	208000	11000	1448	536	420000	40000	85	0	0	0	0	0
35.046067	1	31	31	0	18892	5913	12979	14348
36.060484	2	32	5	1	0	0	31812	208	111	7240	203500	3000	1448	536	412000	40000	135	0	0	0	0	0
36.060566	1	32	32	0	18892	5913	12979	14348
37.084792	2	33	5	1	0	0	32836	210	111	7240	203500	3000	1448	536	412000	40000	135	0	0	0	0	0
37.084875	1	33	33	0	18892	5913	12979	14348
38.116695	2	34	5	1	0	0	33868	212	111	7240	203500	3000	1448	536	412000	40000	135	0	0	0	0	0
38.116785	1	34	34	0	18892	5913	12979	14348
39.148560	2	35	5	1	0	0	34900	213	111	7240	203500	3000	1448	536	412000	40000	135	0	0	0	0	0
39.148648	1	35	35	0	18892	5913	12979	14348
40.180513	2	36	5	1	0	0	35932	214	111	7240	203500	3000	1448	536	412000	40000	135	0	0	0	0	0
40.180598	1	36	36	0	18892	5913	12979	14348
41.007077	2	37	5	1	0	4	36760	215	111	7240	203500	3000	1448	536	412000	40000	135	0	0	0	0	0
41.007150	1	37	37	0	18892	5913	12979	14348
42.028998	2	38	5	1	0	0	37780	216	111	7240	203500	3000	1448	536	412000	40000	135	0	0	0	0	0
42.029085	1	38	38	0	18892	5913	12979	14348
43.060607	2	39	5	1	0	0	38812	217	111	7240	203500	3000	1448	536	412000	40000	135	0	0	0	0	0
43.060694	1	39	39	0	18892	5913	12979	14348
44.092572	2	40	5	1	0	0	39844	218	111	7240	203500	3000	1448	536	412000	40000	135	0	0	0	0	0
44.092663	1	40	40	0	18892	5913	12979	14348
45.124711	2	41	5	1	0	0	40876	218	111	7240	203500	3000	1448	536	412000	40000	135	0	0	0	0	0
45.124782	1	41	41	0	18892	5913	12979	14348
46.148998	2	42	5	1	0	0	41900	219	111	7240	203500	3000	1448	536	412000	40000	135	0	0	0	0	0
46.149084	1	42	42	0	18892	5913	12979	14348
47.180770	2	43	5	1	0	0	42932	219	111	7240	203500	3000	1448	536	412000	40000	135	0	0	0	0	0
47.180853	1	43	43	0	18892	5913	12979	14348
48.007088	2	44	5	1	0	4	43760	220	111	7240	203500	3000	1448	536	412000	40000	135	0	0	0	0	0
48.007177	1	44	44	0	18892	5913	12979	14348
49.036546	2	45	5	1	0	0	44788	220	111	7240	203500	3000	1448	536	412000	40000	135	0	0	0	0	0
49.036635	1	45	45	0	18892	5913	12979	14348
50.068596	2	46	5	1	0	0	45820	220	111	7240	203500	3000	1448	536	412000	40000	135	0	0	0	0	0
50.068681	1	46	46	0	18892	5913	12979	14348
51.093089	2	47	5	1	0	0	46844	221	111	7240	203500	3000	1448	536	412000	40000	135	0	0	0	0	0
51.093175	1	47	47	0	18892	5913	12979	14348
52.124845	2	48	5	1	0	0	47876	221	111	7240	203500	3000	1448	536	412000	40000	135	0	0	0	0	0
52.124931	1	48	48	0	18892	5913	12979	14348
53.156365	2	49	5	1	0	0	48908	221	111	7240	203500	3000	1448	536	412000	40000	135	0	0	0	0	0
53.156454	1	49	49	0	18892	5913	12979	14348
54.188818	2	50	5	1	0	0	49940	221	111	7240	203500	3000	1448	536	412000	40000	135	0	0	0	0	0
54.188906	1	50	50	0	18892	5913	12979	14348
55.012781	2	51	5	1	0	0	50764	221	111	7240	203500	3000	1448	536	412000	40000	135	0	0	0	0	0
55.012852	1	51	51	0	18892	5913	12979	14348
56.037048	2	52	5	1	0	0	51788	221	111	7240	203500	3000	1448	536	412000	40000	135	0	0	0	0	0
56.037131	1	52	52	0	18892	5913	12979	14348
57.068840	2	53	5	1	0	0	52820	221	111	7240	203500	3000	1448	536	412000	40000	135	0	0	0	0	0
57.068913	1	53	53	0	18892	5913	12979	14348
58.100581	2	54	5	1	0	0	53852	221	111	7240	203500	3000	1448	536	412000	40000	135	0	0	0	0	0
58.100665	1	54	54	0	18892	5913	12979	14348
59.132536	2	55	5	1	0	0	54884	221	111	7240	203500	3000	1448	536	412000	40000	135	0	0	0	0	0
59.132625	1	55	55	0	18892	5913	12979	14348
60.156899	2	56	5	1	0	0	55908	221	111	7240	203500	3000	1448	536	412000	40000	135	0	0	0	0	0
60.156975	1	56	56	0	18892	5913	12979	14348
61.188689	2	57	5	1	0	0	56940	221	111	7240	203500	3000	1448	536	412000	40000	135	0	0	0	0	0
61.188844	1	57	57	0	18892	5913	12979	14348
62.012738	2	58	5	1	0	0	57764	221	111	7240	203500	3000	1448	536	412000	40000	135	0	0	0	0	0
62.012826	1	58	58	0	18892	5913	12979	14348
63.044536	2	59	5	1	0	0	58796	221	111	7240	203500	3000	1448	536	412000	40000	135	0	0	0	0	0
63.044613	1	59	59	0	18892	5913	12979	14348
64.076809	2	60	5	1	0	0	59828	221	111	7240	203500	3000	1448	536	412000	40000	135	0	0	0	0	0
64.076901	1	60	60	0	18892	5913	12979	14348
65.100953	2	61	5	1	0	0	60852	221	111	7240	203500	3000	1448	536	412000	40000	135	0	0	0	0	0
65.101023	1	61	61	0	18892	5913	12979	14348
66.350314	2	62	5	1	0	0	62100	221	111	7240	205500	7000	1448	536	416000	40000	135	0	0	0	0	0
66.350409	1	62	62	0	18892	5913	12979	14348
67.172790	2	63	5	1	0	4	62924	221	111	7240	203500	3000	1448	536	412000	40000	135	0	0	0	0	0
67.172870	1	63	63	0	18892	5913	12979	14348
68.192412	2	64	5	1	0	0	63944	221	111	7240	203500	3000	1448	536	412000	40000	135	0	0	0	0	0
68.192499	1	64	64	0	18892	5913	12979	14348
69.016622	2	65	5	1	0	0	64768	221	111	7240	203500	3000	1448	536	412000	40000	135	0	0	0	0	0
69.016708	1	65	65	0	18892	5913	12979	14348
70.048596	2	66	5	1	0	0	65800	221	111	7240	203500	3000	1448	536	412000	40000	135	0	0	0	0	0
70.048679	1	66	66	0	18892	5913	12979	14348
71.102718	2	67	5	1	0	0	66852	221	111	7240	208000	11000	1448	536	420000	40000	85	0	0	0	0	0
71.102797	1	67	67	0	18892	5913	12979	14348
72.116566	2	68	5	1	0	0	67868	221	111	7240	203500	3000	1448	536	412000	40000	135	0	0	0	0	0
72.116652	1	68	68	0	18892	5913	12979	14348
73.140819	2	69	5	1	0	0	68892	221	111	7240	203500	3000	1448	536	412000	40000	135	0	0	0	0	0
73.140892	1	69	69	0	18892	5913	12979	14348
74.172418	2	70	5	1	0	0	69924	221	111	7240	203500	3000	1448	536	412000	40000	135	0	0	0	0	0
74.172509	1	70	70	0	18892	5913	12979	14348
75.007073	2	71	5	1	0	4	70760	221	111	7240	203500	3000	1448	536	412000	40000	142	0	0	0	0	0
75.007147	1	71	71	0	18892	5913	12979	14348
76.028613	2	72	5	1	0	0	71780	221	111	7240	203500	3000	1448	536	412000	40000	135	0	0	0	0	0
76.028699	1	72	72	0	18892	5913	12979	14348
77.060919	2	73	5	1	0	0	72812	221	111	7240	203500	3000	1448	536	412000	40000	135	0	0	0	0	0
77.061002	1	73	73	0	18892	5913	12979	14348
78.084492	2	74	5	1	0	0	73836	221	111	7240	203500	3000	1448	536	412000	40000	135	0	0	0	0	0
78.084582	1	74	74	0	18892	5913	12979	14348
79.116624	2	75	5	1	0	0	74868	221	111	7240	203500	3000	1448	536	412000	40000	135	0	0	0	0	0
79.116707	1	75	75	0	18892	5913	12979	14348
80.148405	2	76	5	1	0	0	75900	221	111	7240	203500	3000	1448	536	412000	40000	135	0	0	0	0	0
80.148485	1	76	76	0	18892	5913	12979	14348
81.180669	2	77	5	1	0	0	76932	221	111	7240	203500	3000	1448	536	412000	40000	135	0	0	0	0	0
81.180746	1	77	77	0	18892	5913	12979	14348
82.007082	2	78	5	1	0	4	77760	221	111	7240	203500	3000	1448	536	412000	40000	135	0	0	0	0	0
82.007167	1	78	78	0	18892	5913	12979	14348
83.028959	2	79	5	1	0	0	78780	221	111	7240	203500	3000	1448	536	412000	40000	135	0	0	0	0	0
83.029037	1	79	79	0	18892	5913	12979	14348
84.060554	2	80	5	1	0	0	79812	221	111	7240	203500	3000	1448	536	412000	40000	135	0	0	0	0	0
84.060662	1	80	80	0	18892	5913	12979	14348
85.092388	2	81	5	1	0	0	80844	221	111	7240	203500	3000	1448	536	412000	40000	135	0	0	0	0	0
85.092461	1	81	81	0	18892	5913	12979	14348
86.124722	2	82	5	1	0	0	81876	221	111	7240	203500	3000	1448	536	412000	40000	135	0	0	0	0	0
86.124806	1	82	82	0	18892	5913	12979	14348
87.148856	2	83	5	1	0	0	82900	221	111	7240	203500	3000	1448	536	412000	40000	135	0	0	0	0	0
87.148930	1	83	83	0	18892	5913	12979	14348
88.180264	2	84	5	1	0	0	83932	221	111	7240	203500	3000	1448	536	412000	40000	135	0	0	0	0	0
88.180345	1	84	84	0	18892	5913	12979	14348
89.004643	2	85	5	1	0	0	84756	221	111	7240	203500	3000	1448	536	412000	40000	135	0	0	0	0	0
89.004718	1	85	85	0	18892	5913	12979	14348
90.036552	2	86	5	1	0	0	85788	221	111	7240	203500	3000	1448	536	412000	40000	135	0	0	0	0	0
90.036638	1	86	86	0	18892	5913	12979	14348
91.068557	2	87	5	1	0	0	86820	221	111	7240	203500	3000	1448	536	412000	40000	135	0	0	0	0	0
91.068632	1	87	87	0	18892	5913	12979	14348
92.093036	2	88	5	1	0	0	87844	221	111	7240	203500	3000	1448	536	412000	40000	135	0	0	0	0	0
92.093212	1	88	88	0	18892	5913	12979	14348
93.124564	2	89	5	1	0	0	88876	221	111	7240	203500	3000	1448	536	412000	40000	135	0	0	0	0	0
93.124636	1	89	89	0	18892	5913	12979	14348
94.156364	2	90	5	1	0	0	89908	221	111	7240	203500	3000	1448	536	412000	40000	135	0	0	0	0	0
94.156451	1	90	90	0	18892	5913	12979	14348
95.188807	2	91	5	1	0	0	90940	221	111	7240	203500	3000	1448	536	412000	40000	135	0	0	0	0	0
95.188880	1	91	91	0	18892	5913	12979	14348
96.012799	2	92	5	1	0	0	91764	221	111	7240	203500	3000	1448	536	412000	40000	135	0	0	0	0	0
96.012881	1	92	92	0	18892	5913	12979	14348
97.036534	2	93	5	1	0	0	92788	221	111	7240	203500	3000	1448	536	412000	40000	135	0	0	0	0	0
97.036609	1	93	93	0	18892	5913	12979	14348
98.068720	2	94	5	1	0	0	93820	221	111	7240	203500	3000	1448	536	412000	40000	135	0	0	0	0	0
98.068799	1	94	94	0	18892	5913	12979	14348
99.100515	2	95	5	1	0	0	94852	221	111	7240	203500	3000	1448	536	412000	40000	135	0	0	0	0	0
99.100601	1	95	95	0	18892	5913	12979	14348
100.132572	2	96	5	1	0	0	95884	221	111	7240	203500	3000	1448	536	412000	40000	135	0	0	0	0	0
100.132657	1	96	96	0	18892	5913	12979	14348
101.156835	2	97	5	1	0	0	96908	221	111	7240	203500	3000	1448	536	412000	40000	135	0	0	0	0	0
101.156919	1	97	97	0	18892	5913	12979	14348
102.003079	2	98	5	1	0	4	97756	221	111	7240	207000	10000	1448	536	416000	40000	88	0	0	0	0	0
102.003158	1	98	98	0	18892	5913	12979	14348
103.016325	2	99	5	1	0	0	98768	221	111	7240	203500	3000	1448	536	412000	40000	135	0	0	0	0	0
103.016410	1	99	99	0	18892	5913	12979	14348
104.040799	2	100	5	1	0	0	99792	221	111	7240	203500	3000	1448	536	412000	40000	135	0	0	0	0	0
104.040889	1	100	100	0	18892	5913	12979	14348
105.072614	2	101	5	1	0	0	100824	221	111	7240	203500	3000	1448	536	412000	40000	135	0	0	0	0	0
105.072690	1	101	101	0	18892	5913	12979	14348
106.104525	2	102	5	1	0	0	101856	221	111	7240	203500	3000	1448	536	412000	40000	135	0	0	0	0	0
106.104611	1	102	102	0	18892	5913	12979	14348
107.136543	2	103	5	1	0	0	102888	221	111	7240	203500	3000	1448	536	412000	40000	135	0	0	0	0	0
107.136618	1	103	103	0	18892	5913	12979	14348
108.160839	2	104	5	1	0	0	103912	221	111	7240	203500	3000	1448	536	412000	40000	135	0	0	0	0	0
108.160924	1	104	104	0	18892	5913	12979	14348
109.003077	2	105	5	1	0	4	104756	221	111	7240	203500	3000	1448	536	412000	40000	173	0	0	0	0	0
109.003165	1	105	105	0	18892	5913	12979	14348
110.016489	2	106	5	1	0	0	105768	221	111	7240	203500	3000	1448	536	412000	40000	135	0	0	0	0	0
110.016580	1	106	106	0	18892	5913	12979	14348
111.048539	2	107	5	1	0	0	106800	221	111	7240	203500	3000	1448	536	412000	40000	135	0	0	0	0	0
111.048618	1	107	107	0	18892	5913	12979	14348
112.080660	2	108	5	1	0	0	107832	221	111	7240	203500	3000	1448	536	412000	40000	135	0	0	0	0	0
112.080743	1	108	108	0	18892	5913	12979	14348
113.105075	2	109	5	1	0	0	108856	221	111	7240	203500	3000	1448	536	412000	40000	135	0	0	0	0	0
113.105161	1	109	109	0	18892	5913	12979	14348
114.136598	2	110	5	1	0	0	109888	221	111	7240	203500	3000	1448	536	412000	40000	135	0	0	0	0	0
114.136689	1	110	110	0	18892	5913	12979	14348
115.168513	2	111	5	1	0	0	110920	221	111	7240	203500	3000	1448	536	412000	40000	135	0	0	0	0	0
115.168587	1	111	111	0	18892	5913	12979	14348
116.003077	2	112	5	1	0	4	111756	221	111	7240	203500	3000	1448	536	412000	40000	164	0	0	0	0	0
116.003166	1	112	112	0	18892	5913	12979	14348
117.024724	2	113	5	1	0	0	112776	221	111	7240	203500	3000	1448	536	412000	40000	135	0	0	0	0	0
117.024795	1	113	113	0	18892	5913	12979	14348
118.048988	2	114	5	1	0	0	113800	221	111	7240	203500	3000	1448	536	412000	40000	135	0	0	0	0	0
118.049075	1	114	114	0	18892	5913	12979	14348
119.080736	2	115	5	1	0	0	114832	221	111	7240	203500	3000	1448	536	412000	40000	135	0	0	0	0	0
119.080825	1	115	115	0	18892	5913	12979	14348
120.112613	2	116	5	1	0	0	115864	221	111	7240	203500	3000	1448	536	412000	40000	135	0	0	0	0	0
120.112702	1	116	116	0	18892	5913	12979	14348
121.144651	2	117	5	1	0	0	116896	221	111	7240	203500	3000	1448	536	412000	40000	135	0	0	0	0	0
121.144730	1	117	117	0	18892	5913	12979	14348
122.168887	2	118	5	1	0	0	117920	221	111	7240	203500	3000	1448	536	412000	40000	135	0	0	0	0	0
122.169054	1	118	118	0	18892	5913	12979	14348
123.003076	2	119	5	1	0	4	118756	221	111	7240	203500	3000	1448	536	412000	40000	135	0	0	0	0	0
123.003161	1	119	119	0	18892	5913	12979	14348
124.024676	2	120	5	1	0	0	119776	221	111	7240	203500	3000	1448	536	412000	40000	135	0	0	0	0	0
124.024770	1	120	120	0	18892	5913	12979	14348
125.056563	2	121	5	1	0	0	120808	221	111	7240	203500	3000	1448	536	412000	40000	135	0	0	0	0	0
125.056644	1	121	121	0	18892	5913	12979	14348
126.088513	2	122	5	1	0	0	121840	221	111	7240	203500	3000	1448	536	412000	40000	135	0	0	0	0	0
126.088600	1	122	122	0	18892	5913	12979	14348
127.112884	2	123	5	1	0	0	122864	221	111	7240	203500	3000	1448	536	412000	40000	135	0	0	0	0	0
127.112957	1	123	123	0	18892	5913	12979	14348
128.144962	2	124	5	1	0	0	123896	221	111	7240	203500	3000	1448	536	412000	40000	135	0	0	0	0	0
128.145053	1	124	124	0	18892	5913	12979	14348
129.176793	2	125	5	1	0	0	124928	221	111	7240	203500	3000	1448	536	412000	40000	135	0	0	0	0	0
129.176903	1	125	125	0	18892	5913	12979	14348
130.003091	2	126	5	1	0	4	125756	221	111	7240	203500	3000	1448	536	412000	40000	135	0	0	0	0	0
130.003189	1	126	126	0	18892	5913	12979	14348
131.032567	2	127	5	1	0	0	126784	221	111	7240	203500	3000	1448	536	412000	40000	135	0	0	0	0	0
131.032639	1	127	127	0	18892	5913	12979	14348
132.064706	2	128	5	1	0	0	127816	221	111	7240	203500	3000	1448	536	412000	40000	135	0	0	0	0	0
132.064795	1	128	128	0	18892	5913	12979	14348
133.088729	2	129	5	1	0	0	128840	221	111	7240	203500	3000	1448	536	412000	40000	135	0	0	0	0	0
133.088819	1	129	129	0	18892	5913	12979	14348
134.120544	2	130	5	1	0	0	129872	221	111	7240	203500	3000	1448	536	412000	40000	135	0	0	0	0	0
134.120638	1	130	130	0	18892	5913	12979	14348
135.152558	2	131	5	1	0	0	130904	221	111	7240	203500	3000	1448	536	412000	40000	135	0	0	0	0	0
135.152642	1	131	131	0	18892	5913	12979	14348
136.184847	2	132	5	1	0	0	131936	221	111	7240	203500	3000	1448	536	412000	40000	135	0	0	0	0	0
136.184933	1	132	132	0	18892	5913	12979	14348
137.008671	2	133	5	1	0	0	132760	221	111	7240	203500	3000	1448	536	412000	40000	135	0	0	0	0	0
137.008744	1	133	133	0	18892	5913	12979	14348
138.056452	2	134	5	1	0	0	133808	221	111	7240	207500	11000	1448	536	416000	40000	88	0	0	0	0	0
138.056549	1	134	134	0	18892	5913	12979	14348
139.072510	2	135	5	1	0	4	134824	222	111	7240	203500	3000	1448	536	412000	40000	135	0	0	0	0	0
139.072596	1	135	135	0	18892	5913	12979	14348
140.092855	2	136	5	1	0	0	135844	222	111	7240	203500	3000	1448	536	412000	40000	135	0	0	0	0	0
140.092945	1	136	136	0	18892	5913	12979	14348
141.124739	2	137	5	1	0	0	136876	222	111	7240	203500	3000	1448	536	412000	40000	135	0	0	0	0	0
141.124810	1	137	137	0	18892	5913	12979	14348
142.156478	2	138	5	1	0	0	137908	222	111	7240	203500	3000	1448	536	412000	40000	135	0	0	0	0	0
142.156566	1	138	138	0	18892	5913	12979	14348
142.366106	3	1	5	10.1.1.1	37011	htdocs/file.txt
