protocol: 5
domain: yeah_10Mbps_2ms
start-time: 1424597846
sender-id: 1
app-name: tinyhttpd
schema: 0 _experiment_metadata subject:string key:string value:string 
schema: 1 _client_instrumentation measurements_injected:uint32 measurements_dropped:uint32 bytes_allocated:uint64 bytes_freed:uint64 bytes_in_use:uint64 bytes_max:uint64 
schema: 2 tinyhttpd_tcp socket:int32 state:int32 ca_state:int32 last_data_sent:int32 last_data_recv:int32 snd_cwnd:int32 snd_ssthresh:int32 rcv_ssthresh:int32 rtt:int32 rttvar:int32 snd_mss:int32 rcv_mss:int32 rto:int32 ato:int32 unacked:int32 sacked:int32 lost:int32 retrans:int32 fackets:int32 total_retrans:int32 
schema: 3 tinyhttpd_peer socket:int32 ip:string port:int32 file:string 
content: text

5.066148	2	1	5	1	0	0	720	58	57	14480	59000	11000	1448	536	256000	40000	58	0	0	0	0	0
5.066802	1	1	1	0	18883	5907	12976	14345
6.110429	2	2	5	1	0	0	1764	58	57	14480	64500	15000	1448	536	264000	40000	58	0	0	0	0	0
6.110497	1	2	2	0	18883	5907	12976	14345
7.004611	2	3	5	1	0	0	2660	59	57	14480	63000	12000	1448	536	260000	40000	59	0	0	0	0	0
7.004704	1	3	3	0	18883	5907	12976	14345
8.042740	2	4	5	1	0	0	3696	59	57	14480	63000	12000	1448	536	260000	40000	45	0	0	0	0	0
8.042827	1	4	4	0	18883	5907	12976	14345
9.086743	2	5	5	1	0	0	4740	60	57	14480	63500	14000	1448	536	260000	40000	45	0	0	0	0	0
9.086834	1	5	5	0	18883	5907	12976	14345
10.026295	2	6	5	1	0	0	5680	60	57	14480	66000	15000	1448	536	264000	40000	60	0	0	0	0	0
10.026385	1	6	6	0	18883	5907	12976	14345
11.018167	2	7	5	1	0	0	6672	61	57	14480	67000	18000	1448	536	264000	40000	61	0	0	0	0	0
11.018249	1	7	7	0	18883	5907	12976	14345
12.143936	2	8	5	1	0	0	7796	70	57	14480	77500	6000	1448	536	276000	40000	70	0	0	0	0	0
12.144029	1	8	8	0	18883	5907	12976	14345
13.084042	2	9	5	1	0	0	8736	70	57	14480	80000	6000	1448	536	280000	40000	70	0	0	0	0	0
13.084135	1	9	9	0	18883	5907	12976	14345
14.025421	2	10	5	1	0	0	9680	71	57	14480	80500	8000	1448	536	280000	40000	71	0	0	0	0	0
14.025515	1	10	10	0	18883	5907	12976	14345
15.122225	2	11	5	1	0	0	10776	71	57	14480	80500	8000	1448	536	280000	40000	71	0	0	0	0	0
15.122318	1	11	11	0	18883	5907	12976	14345
16.095218	2	12	5	1	0	0	11748	72	57	14480	81000	11000	1448	536	280000	40000	72	0	0	0	0	0
16.095288	1	12	12	0	18883	5907	12976	14345
17.024831	2	13	5	1	0	0	12680	72	57	14480	81500	9000	1448	536	280000	40000	63	0	0	0	0	0
17.024926	1	13	13	0	18883	5907	12976	14345
18.069497	2	14	5	1	0	0	13724	73	57	14480	81000	10000	1448	536	280000	40000	62	0	0	0	0	0
18.069586	1	14	14	0	18883	5907	12976	14345
19.114085	2	15	5	1	0	0	14768	73	57	14480	80500	11000	1448	536	280000	40000	62	0	0	0	0	0
19.114175	1	15	15	0	18883	5907	12976	14345
20.016928	2	16	5	1	0	0	15672	74	57	14480	81500	10000	1448	536	280000	40000	74	0	0	0	0	0
20.017019	1	16	16	0	18883	5907	12976	14345
21.061789	2	17	5	1	0	0	16716	74	57	14480	81000	11000	1448	536	280000	40000	74	0	0	0	0	0
21.061879	1	17	17	0	18883	5907	12976	14345
22.038956	2	18	5	1	0	0	17692	75	57	14480	82000	13000	1448	536	280000	40000	60	0	0	0	0	0
22.039048	1	18	18	0	18883	5907	12976	14345
23.135875	2	19	5	1	0	0	18788	75	57	14480	82500	9000	1448	536	280000	40000	60	0	0	0	0	0
23.135968	1	19	19	0	18883	5907	12976	14345
24.075970	2	20	5	1	0	0	19728	76	57	14480	82500	9000	1448	536	280000	40000	59	0	0	0	0	0
24.076062	1	20	20	0	18883	5907	12976	14345
25.016103	2	21	5	1	0	0	20668	76	57	14480	82500	9000	1448	536	280000	40000	59	0	0	0	0	0
25.016196	1	21	21	0	18883	5907	12976	14345
26.112994	2	22	5	1	0	0	21768	77	57	14480	84000	11000	1448	536	284000	40000	58	0	0	0	0	0
26.113066	1	22	22	0	18883	5907	12976	14345
27.053098	2	23	5	1	0	0	22708	77	57	14480	84000	11000	1448	536	284000	40000	58	0	0	0	0	0
27.053192	1	23	23	0	18883	5907	12976	14345
28.004624	2	24	5	1	0	4	23660	78	57	14480	84500	11000	1448	536	284000	40000	78	0	0	0	0	0
28.004716	1	24	24	0	18883	5907	12976	14345
29.090134	2	25	5	1	0	0	24744	78	57	14480	83000	9000	1448	536	280000	40000	57	0	0	0	0	0
29.090226	1	25	25	0	18883	5907	12976	14345
30.030235	2	26	5	1	0	0	25684	79	57	14480	84000	9000	1448	536	284000	40000	56	0	0	0	0	0
30.030327	1	26	26	0	18883	5907	12976	14345
31.127205	2	27	5	1	0	0	26780	79	57	14480	83500	10000	1448	536	280000	40000	56	0	0	0	0	0
31.127379	1	27	27	0	18883	5907	12976	14345
32.067206	2	28	5	1	0	0	27720	80	57	14480	83500	10000	1448	536	280000	40000	55	0	0	0	0	0
32.067296	1	28	28	0	18883	5907	12976	14345
33.007487	2	29	5	1	0	0	28660	80	57	14480	83500	10000	1448	536	280000	40000	55	0	0	0	0	0
33.007579	1	29	29	0	18883	5907	12976	14345
34.104311	2	30	5	1	0	0	29756	81	57	14480	90000	14000	1448	536	288000	40000	63	0	0	0	0	0
34.104421	1	30	30	0	18883	5907	12976	14345
35.044373	2	31	5	1	0	0	30696	81	57	14480	92500	11000	1448	536	292000	40000	63	0	0	0	0	0
35.044466	1	31	31	0	18883	5907	12976	14345
36.141212	2	32	5	1	0	0	31796	82	57	14480	92500	12000	1448	536	292000	40000	61	0	0	0	0	0
36.141283	1	32	32	0	18883	5907	12976	14345
37.081386	2	33	5	1	0	0	32736	82	57	14480	92500	12000	1448	536	292000	40000	61	0	0	0	0	0
37.081478	1	33	33	0	18883	5907	12976	14345
38.021685	2	34	5	1	0	0	33676	82	57	14480	92500	12000	1448	536	292000	40000	61	0	0	0	0	0
38.021776	1	34	34	0	18883	5907	12976	14345
39.118526	2	35	5	1	0	0	34772	83	57	14480	93000	11000	1448	536	292000	40000	59	0	0	0	0	0
39.118618	1	35	35	0	18883	5907	12976	14345
40.058652	2	36	5	1	0	0	35712	83	57	14480	93000	12000	1448	536	292000	40000	59	0	0	0	0	0
40.058744	1	36	36	0	18883	5907	12976	14345
41.004609	2	37	5	1	0	0	36660	84	57	14480	92000	12000	1448	536	292000	40000	84	0	0	0	0	0
41.004698	1	37	37	0	18883	5907	12976	14345
42.088619	2	38	5	1	0	48	37744	84	57	14480	88500	10000	1448	536	288000	40000	78	0	0	0	0	0
42.088711	1	38	38	0	18883	5907	12976	14345
43.018300	2	39	5	1	0	0	38672	85	57	14480	95500	9000	1448	536	292000	40000	85	0	0	0	0	0
43.018393	1	39	39	0	18883	5907	12976	14345
44.115430	2	40	5	1	0	0	39768	85	57	14480	93000	10000	1448	536	292000	40000	85	0	0	0	0	0
44.115522	1	40	40	0	18883	5907	12976	14345
45.061379	2	41	5	1	0	40	40716	86	57	14480	96000	9000	1448	536	296000	40000	74	0	0	0	0	0
45.061473	1	41	41	0	18883	5907	12976	14345
46.004594	2	42	5	1	0	44	41660	86	57	14480	96500	8000	1448	536	296000	40000	74	0	0	0	0	0
46.004680	1	42	42	0	18883	5907	12976	14345
47.145575	2	43	5	1	0	0	42800	87	57	14480	96500	9000	1448	536	296000	40000	87	0	0	0	0	0
47.145668	1	43	43	0	18883	5907	12976	14345
48.144982	2	44	5	1	0	44	43800	87	57	14480	99000	6000	1448	536	296000	40000	78	0	0	0	0	0
48.145076	1	44	44	0	18883	5907	12976	14345
49.028486	2	45	5	1	0	36	44680	88	57	14480	97500	7000	1448	536	296000	40000	75	0	0	0	0	0
49.028570	1	45	45	0	18883	5907	12976	14345
50.036181	2	46	5	1	0	0	45688	88	57	14480	100500	7000	1448	536	300000	40000	88	0	0	0	0	0
50.036300	1	46	46	0	18883	5907	12976	14345
51.016015	2	47	5	1	0	36	46668	89	57	14480	100000	8000	1448	536	300000	40000	78	0	0	0	0	0
51.016106	1	47	47	0	18883	5907	12976	14345
52.125898	2	48	5	1	0	0	47780	89	57	14480	102500	5000	1448	536	300000	40000	89	0	0	0	0	0
52.125988	1	48	48	0	18883	5907	12976	14345
53.066204	2	49	5	1	0	0	48720	89	57	14480	100500	7000	1448	536	300000	40000	89	0	0	0	0	0
53.066299	1	49	49	0	18883	5907	12976	14345
54.006287	2	50	5	1	0	0	49660	90	57	14480	104500	3000	1448	536	304000	40000	90	0	0	0	0	0
54.006374	1	50	50	0	18883	5907	12976	14345
55.102895	2	51	5	1	0	0	50756	90	57	14480	106000	3000	1448	536	304000	40000	90	0	0	0	0	0
55.102989	1	51	51	0	18883	5907	12976	14345
56.043305	2	52	5	1	0	0	51696	90	57	14480	107500	3000	1448	536	304000	40000	90	0	0	0	0	0
56.043394	1	52	52	0	18883	5907	12976	14345
57.140679	2	53	5	1	0	0	52796	91	57	14480	118500	22000	1448	536	316000	40000	90	0	0	0	0	0
57.140773	1	53	53	0	18883	5907	12976	14345
58.080351	2	54	5	1	0	0	53732	91	57	14480	122000	24000	1448	536	320000	40000	90	0	0	0	0	0
58.080443	1	54	54	0	18883	5907	12976	14345
59.019869	2	55	5	1	0	0	54672	91	57	14480	122500	25000	1448	536	320000	40000	90	0	0	0	0	0
59.019962	1	55	55	0	18883	5907	12976	14345
60.115713	2	56	5	1	0	0	55768	91	57	14480	122500	25000	1448	536	320000	40000	90	0	0	0	0	0
60.115827	1	56	56	0	18883	5907	12976	14345
61.055354	2	57	5	1	0	0	56708	91	57	14480	123000	25000	1448	536	320000	40000	90	0	0	0	0	0
61.055446	1	57	57	0	18883	5907	12976	14345
62.000609	2	58	5	1	0	0	57656	92	57	14480	114500	18000	1448	536	312000	40000	92	0	0	0	0	0
62.000793	1	58	58	0	18883	5907	12976	14345
63.093265	2	59	5	1	0	0	58748	92	57	14480	114500	18000	1448	536	312000	40000	90	0	0	0	0	0
63.093358	1	59	59	0	18883	5907	12976	14345
64.034582	2	60	5	1	0	0	59688	93	57	14480	114000	17000	1448	536	312000	40000	90	0	0	0	0	0
64.034671	1	60	60	0	18883	5907	12976	14345
65.131191	2	61	5	1	0	0	60784	93	57	14480	113500	16000	1448	536	312000	40000	90	0	0	0	0	0
65.131283	1	61	61	0	18883	5907	12976	14345
66.071613	2	62	5	1	0	0	61724	93	57	14480	113500	16000	1448	536	312000	40000	90	0	0	0	0	0
66.071699	1	62	62	0	18883	5907	12976	14345
67.012824	2	63	5	1	0	0	62668	94	57	14480	113500	17000	1448	536	312000	40000	90	0	0	0	0	0
67.012917	1	63	63	0	18883	5907	12976	14345
68.109752	2	64	5	1	0	0	63764	94	57	14480	113500	15000	1448	536	312000	40000	90	0	0	0	0	0
68.109844	1	64	64	0	18883	5907	12976	14345
69.051102	2	65	5	1	0	0	64704	95	57	14480	113500	14000	1448	536	312000	40000	90	0	0	0	0	0
69.051191	1	65	65	0	18883	5907	12976	14345
70.004601	2	66	5	1	0	8	65660	95	57	14480	113000	15000	1448	536	312000	40000	95	0	0	0	0	0
70.004688	1	66	66	0	18883	5907	12976	14345
71.088136	2	67	5	1	0	0	66740	95	57	14480	113000	16000	1448	536	312000	40000	90	0	0	0	0	0
71.088228	1	67	67	0	18883	5907	12976	14345
72.029346	2	68	5	1	0	0	67684	96	57	14480	112500	15000	1448	536	312000	40000	90	0	0	0	0	0
72.029433	1	68	68	0	18883	5907	12976	14345
73.126201	2	69	5	1	0	0	68780	96	57	14480	113000	16000	1448	536	312000	40000	90	0	0	0	0	0
73.126293	1	69	69	0	18883	5907	12976	14345
74.067553	2	70	5	1	0	0	69720	97	57	14480	112500	16000	1448	536	312000	40000	90	0	0	0	0	0
74.067633	1	70	70	0	18883	5907	12976	14345
75.007690	2	71	5	1	0	0	70660	97	57	14480	112500	16000	1448	536	312000	40000	90	0	0	0	0	0
75.007783	1	71	71	0	18883	5907	12976	14345
76.104542	2	72	5	1	0	0	71756	97	57	14480	112500	16000	1448	536	312000	40000	90	0	0	0	0	0
76.104670	1	72	72	0	18883	5907	12976	14345
77.192990	2	73	5	1	0	0	72848	98	57	14480	113000	15000	1448	536	312000	40000	90	0	0	0	0	0
77.193085	1	73	73	0	18883	5907	12976	14345
78.028241	2	74	5	1	0	0	73680	98	57	14480	113000	17000	1448	536	312000	40000	90	0	0	0	0	0
78.028336	1	74	74	0	18883	5907	12976	14345
79.072307	2	75	5	1	0	0	74724	98	57	14480	112500	17000	1448	536	312000	40000	90	0	0	0	0	0
79.072394	1	75	75	0	18883	5907	12976	14345
80.116299	2	76	5	1	0	0	75768	99	57	14480	112500	17000	1448	536	312000	40000	90	0	0	0	0	0
80.116393	1	76	76	0	18883	5907	12976	14345
81.160319	2	77	5	1	0	0	76812	99	57	14480	112500	17000	1448	536	312000	40000	90	0	0	0	0	0
81.160413	1	77	77	0	18883	5907	12976	14345
82.004593	2	78	5	1	0	4	77660	99	57	14480	112500	17000	1448	536	312000	40000	99	0	0	0	0	0
82.004678	1	78	78	0	18883	5907	12976	14345
83.039599	2	79	5	1	0	0	78692	100	57	14480	112500	17000	1448	536	312000	40000	90	0	0	0	0	0
83.039694	1	79	79	0	18883	5907	12976	14345
84.083708	2	80	5	1	0	0	79736	100	57	14480	112500	17000	1448	536	312000	40000	90	0	0	0	0	0
84.083799	1	80	80	0	18883	5907	12976	14345
85.127775	2	81	5	1	0	0	80780	100	57	14480	112500	17000	1448	536	312000	40000	90	0	0	0	0	0
85.127871	1	81	81	0	18883	5907	12976	14345
86.171708	2	82	5	1	0	0	81824	100	57	14480	112500	17000	1448	536	312000	40000	90	0	0	0	0	0
86.171802	1	82	82	0	18883	5907	12976	14345
87.007011	2	83	5	1	0	0	82660	101	57	14480	112500	17000	1448	536	312000	40000	90	0	0	0	0	0
87.007099	1	83	83	0	18883	5907	12976	14345
88.050925	2	84	5	1	0	0	83704	101	57	14480	112500	17000	1448	536	312000	40000	90	0	0	0	0	0
88.051018	1	84	84	0	18883	5907	12976	14345
89.095001	2	85	5	1	0	0	84748	101	57	14480	112500	17000	1448	536	312000	40000	90	0	0	0	0	0
89.095097	1	85	85	0	18883	5907	12976	14345
90.138947	2	86	5	1	0	0	85792	102	57	14480	112500	17000	1448	536	312000	40000	90	0	0	0	0	0
90.139040	1	86	86	0	18883	5907	12976	14345
91.183138	2	87	5	1	0	0	86836	102	57	14480	112500	17000	1448	536	312000	40000	90	0	0	0	0	0
91.183232	1	87	87	0	18883	5907	12976	14345
92.018391	2	88	5	1	0	0	87672	102	57	14480	112000	17000	1448	536	312000	40000	90	0	0	0	0	0
92.018469	1	88	88	0	18883	5907	12976	14345
93.062344	2	89	5	1	0	0	88716	102	57	14480	112000	17000	1448	536	312000	40000	90	0	0	0	0	0
93.062516	1	89	89	0	18883	5907	12976	14345
94.106476	2	90	5	1	0	0	89760	103	57	14480	112500	17000	1448	536	312000	40000	90	0	0	0	0	0
94.106567	1	90	90	0	18883	5907	12976	14345
95.150424	2	91	5	1	0	0	90804	103	57	14480	112500	17000	1448	536	312000	40000	90	0	0	0	0	0
95.150515	1	91	91	0	18883	5907	12976	14345
96.194534	2	92	5	1	0	0	91848	103	57	14480	112500	17000	1448	536	312000	40000	90	0	0	0	0	0
96.194623	1	92	92	0	18883	5907	12976	14345
97.029745	2	93	5	1	0	0	92684	103	57	14480	112500	16000	1448	536	312000	40000	90	0	0	0	0	0
97.029835	1	93	93	0	18883	5907	12976	14345
98.073781	2	94	5	1	0	0	93728	104	57	14480	112000	16000	1448	536	312000	40000	90	0	0	0	0	0
98.073873	1	94	94	0	18883	5907	12976	14345
99.117892	2	95	5	1	0	0	94772	104	57	14480	112000	17000	1448	536	312000	40000	90	0	0	0	0	0
99.117985	1	95	95	0	18883	5907	12976	14345
100.161910	2	96	5	1	0	0	95816	104	57	14480	112000	17000	1448	536	312000	40000	90	0	0	0	0	0
100.162004	1	96	96	0	18883	5907	12976	14345
101.118863	2	97	5	1	0	0	96772	105	57	14480	116500	14000	1448	536	316000	40000	90	0	0	0	0	0
101.118957	1	97	97	0	18883	5907	12976	14345
102.058765	2	98	5	1	0	0	97712	105	57	14480	120000	10000	1448	536	320000	40000	90	0	0	0	0	0
102.058841	1	98	98	0	18883	5907	12976	14345
103.004611	2	99	5	1	0	0	98660	105	57	14480	120500	11000	1448	536	320000	40000	105	0	0	0	0	0
103.004706	1	99	99	0	18883	5907	12976	14345
104.095077	2	100	5	1	0	0	99748	105	57	14480	120000	10000	1448	536	320000	40000	90	0	0	0	0	0
104.095170	1	100	100	0	18883	5907	12976	14345
105.035979	2	101	5	1	0	0	100688	106	57	14480	120000	10000	1448	536	320000	40000	90	0	0	0	0	0
105.036073	1	101	101	0	18883	5907	12976	14345
106.133047	2	102	5	1	0	0	101788	106	57	14480	119000	8000	1448	536	316000	40000	90	0	0	0	0	0
106.133140	1	102	102	0	18883	5907	12976	14345
107.072826	2	103	5	1	0	0	102728	107	57	14480	121000	12000	1448	536	320000	40000	90	0	0	0	0	0
107.073244	1	103	103	0	18883	5907	12976	14345
108.014277	2	104	5	1	0	0	103668	107	57	14480	118000	9000	1448	536	316000	40000	90	0	0	0	0	0
108.014369	1	104	104	0	18883	5907	12976	14345
109.111277	2	105	5	1	0	0	104764	107	57	14480	119500	10000	1448	536	316000	40000	90	0	0	0	0	0
109.111363	1	105	105	0	18883	5907	12976	14345
110.052643	2	106	5	1	0	0	105708	108	57	14480	120000	11000	1448	536	320000	40000	90	0	0	0	0	0
110.052730	1	106	106	0	18883	5907	12976	14345
111.004597	2	107	5	1	0	4	106660	108	57	14480	121000	12000	1448	536	320000	40000	108	0	0	0	0	0
111.004691	1	107	107	0	18883	5907	12976	14345
112.089607	2	108	5	1	0	0	107744	108	57	14480	118000	12000	1448	536	316000	40000	90	0	0	0	0	0
112.089692	1	108	108	0	18883	5907	12976	14345
113.030703	2	109	5	1	0	0	108684	109	57	14480	117500	11000	1448	536	316000	40000	90	0	0	0	0	0
113.030797	1	109	109	0	18883	5907	12976	14345
114.127741	2	110	5	1	0	0	109780	109	57	14480	120500	11000	1448	536	320000	40000	90	0	0	0	0	0
114.127833	1	110	110	0	18883	5907	12976	14345
115.067822	2	111	5	1	0	0	110720	109	57	14480	120500	11000	1448	536	320000	40000	90	0	0	0	0	0
115.067916	1	111	111	0	18883	5907	12976	14345
116.009184	2	112	5	1	0	0	111664	110	57	14480	121000	12000	1448	536	320000	40000	90	0	0	0	0	0
116.009277	1	112	112	0	18883	5907	12976	14345
117.106020	2	113	5	1	0	0	112760	110	57	14480	117500	11000	1448	536	316000	40000	90	0	0	0	0	0
117.106112	1	113	113	0	18883	5907	12976	14345
118.046108	2	114	5	1	0	0	113700	110	57	14480	117500	11000	1448	536	316000	40000	90	0	0	0	0	0
118.046192	1	114	114	0	18883	5907	12976	14345
119.144146	2	115	5	1	0	0	114796	111	57	14480	120000	12000	1448	536	320000	40000	90	0	0	0	0	0
119.144240	1	115	115	0	18883	5907	12976	14345
120.084186	2	116	5	1	0	0	115736	111	57	14480	120000	13000	1448	536	320000	40000	90	0	0	0	0	0
120.084277	1	116	116	0	18883	5907	12976	14345
121.024398	2	117	5	1	0	0	116676	111	57	14480	120000	13000	1448	536	320000	40000	90	0	0	0	0	0
121.024491	1	117	117	0	18883	5907	12976	14345
122.122398	2	118	5	1	0	0	117776	112	57	14480	121500	15000	1448	536	320000	40000	90	0	0	0	0	0
122.122486	1	118	118	0	18883	5907	12976	14345
123.062188	2	119	5	1	0	0	118716	112	57	14480	121500	16000	1448	536	320000	40000	90	0	0	0	0	0
123.062360	1	119	119	0	18883	5907	12976	14345
124.001974	2	120	5	1	0	0	119656	112	57	14480	121500	16000	1448	536	320000	40000	90	0	0	0	0	0
124.002065	1	120	120	0	18883	5907	12976	14345
125.098224	2	121	5	1	0	0	120752	112	57	14480	121500	15000	1448	536	320000	40000	90	0	0	0	0	0
125.098341	1	121	121	0	18883	5907	12976	14345
126.039031	2	122	5	1	0	0	121692	113	57	14480	120500	15000	1448	536	320000	40000	113	0	0	0	0	0
126.039122	1	122	122	0	18883	5907	12976	14345
127.135171	2	123	5	1	0	0	122788	113	57	14480	121500	16000	1448	536	320000	40000	113	0	0	0	0	0
127.135260	1	123	123	0	18883	5907	12976	14345
127.292489	3	1	5	10.1.1.1	45201	htdocs/file.txt
