8.066745	2	4	5	1	0	0	3816	49	111	7240	203500	3000	1448	536	412000	40000	39	0	0	0	0	0
9.272749	2	5	5	1	0	0	5024	63	111	7240	203500	3000	1448	536	412000	40000	45	0	0	0	0	0
10.081037	2	6	5	1	0	0	5832	74	111	7240	203500	3000	1448	536	412000	40000	74	0	0	0	0	0
11.086812	2	7	5	1	0	0	6836	91	111	7240	204500	6000	1448	536	416000	40000	90	0	0	0	0	0
12.100625	2	8	5	1	0	0	7852	107	111	7240	203500	3000	1448	536	412000	40000	90	0	0	0	0	0
13.317183	2	9	5	1	0	0	9068	116	111	7240	203500	3000	1448	536	412000	40000	90	0	0	0	0	0
14.126998	2	10	5	1	0	0	9876	120	111	7240	203500	3000	1448	536	412000	40000	90	0	0	0	0	0
15.332801	2	11	5	1	0	0	11084	126	111	7240	203500	3000	1448	536	412000	40000	90	0	0	0	0	0
16.349895	2	12	5	1	0	0	12100	130	111	7240	203500	3000	1448	536	412000	40000	130	0	0	0	0	0
17.174735	2	13	5	1	0	0	12924	134	111	7240	203500	3000	1448	536	412000	40000	134	0	0	0	0	0
18.006126	2	14	5	1	0	0	13756	138	111	7240	203500	4000	1448	536	412000	40000	135	0	0	0	0	0
19.010995	2	15	5	1	0	0	14760	143	111	7240	203500	3000	1448	536	412000	40000	135	0	0	0	0	0
20.007075	2	16	5	1	0	8	15760	148	111	7240	203500	3000	1448	536	412000	40000	135	0	0	0	0	0
21.011701	2	17	5	1	0	0	16764	154	111	7240	204000	4000	1448	536	416000	40000	154	0	0	0	0	0
22.057111	2	18	5	1	0	0	17808	161	111	7240	203500	3000	1448	536	412000	40000	135	0	0	0	0	0
23.080837	2	19	5	1	0	0	18832	168	111	7240	203500	3000	1448	536	412000	40000	135	0	0	0	0	0
24.104966	2	20	5	1	0	0	19856	174	111	7240	203500	3000	1448	536	412000	40000	135	0	0	0	0	0
25.136540	2	21	5	1	0	0	20888	181	111	7240	203500	3000	1448	536	412000	40000	135	0	0	0	0	0
26.160698	2	22	5	1	0	0	21912	185	111	7240	203500	3000	1448	536	412000	40000	135	0	0	0	0	0
27.192641	2	23	5	1	0	0	22944	189	111	7240	203500	3000	1448	536	412000	40000	135	0	0	0	0	0
28.016744	2	24	5	1	0	0	23768	191	111	7240	203500	3000	1448	536	412000	40000	135	0	0	0	0	0
29.048532	2	25	5	1	0	0	24800	195	111	7240	203500	3000	1448	536	412000	40000	135	0	0	0	0	0
30.080570	2	26	5	1	0	0	25832	197	111	7240	203500	3000	1448	536	412000	40000	135	0	0	0	0	0
31.104843	2	27	5	1	0	0	26856	200	111	7240	203500	3000	1448	536	412000	40000	135	0	0	0	0	0
32.136675	2	28	5	1	0	0	27888	202	111	7240	203500	3000	1448	536	412000	40000	135	0	0	0	0	0
33.168457	2	29	5	1	0	0	28920	204	111	7240	203500	3000	1448	536	412000	40000	135	0	0	0	0	0
34.007082	2	30	5	1	0	0	29760	206	111	7240	203500	3000	1448	536	412000	40000	169	0	0	0	0	0
35.045996	2	31	5	1	0	0	30796	208	111	7240	208000	11000	1448	536	420000	40000	85	0	0	0	0	0
36.060484	2	32	5	1	0	0	31812	208	111	7240	203500	3000	1448	536	412000	40000	135	0	0	0	0	0
37.084792	2	33	5	1	0	0	32836	210	111	7240	203500	3000	1448	536	412000	40000	135	0	0	0	0	0
38.116695	2	34	5	1	0	0	33868	212	111	7240	203500	3000	1448	536	412000	40000	135	0	0	0	0	0
39.148560	2	35	5	1	0	0	34900	213	111	7240	203500	3000	1448	536	412000	40000	135	0	0	0	0	0
40.180513	2	36	5	1	0	0	35932	214	111	7240	203500	3000	1448	536	412000	40000	135	0	0	0	0	0
41.007077	2	37	5	1	0	4	36760	215	111	7240	203500	3000	1448	536	412000	40000	135	0	0	0	0	0
42.028998	2	38	5	1	0	0	37780	216	111	7240	203500	3000	1448	536	412000	40000	135	0	0	0	0	0
43.060607	2	39	5	1	0	0	38812	217	111	7240	203500	3000	1448	536	412000	40000	135	0	0	0	0	0
44.092572	2	40	5	1	0	0	39844	218	111	7240	203500	3000	1448	536	412000	40000	135	0	0	0	0	0
45.124711	2	41	5	1	0	0	40876	218	111	7240	203500	3000	1448	536	412000	40000	135	0	0	0	0	0
46.148998	2	42	5	1	0	0	41900	219	111	7240	203500	3000	1448	536	412000	40000	135	0	0	0	0	0
47.180770	2	43	5	1	0	0	42932	219	111	7240	203500	3000	1448	536	412000	40000	135	0	0	0	0	0
48.007088	2	44	5	1	0	4	43760	220	111	7240	203500	3000	1448	536	412000	40000	135	0	0	0	0	0
49.036546	2	45	5	1	0	0	44788	220	111	7240	203500	3000	1448	536	412000	40000	135	0	0	0	0	0
50.068596	2	46	5	1	0	0	45820	220	111	7240	203500	3000	1448	536	412000	40000	135	0	0	0	0	0
51.093089	2	47	5	1	0	0	46844	221	111	7240	203500	3000	1448	536	412000	40000	135	0	0	0	0	0
52.124845	2	48	5	1	0	0	47876	221	111	7240	203500	3000	1448	536	412000	40000	135	0	0	0	0	0
53.156365	2	49	5	1	0	0	48908	221	111	7240	203500	3000	1448	536	412000	40000	135	0	0	0	0	0
54.188818	2	50	5	1	0	0	49940	221	111	7240	203500	3000	1448	536	412000	40000	135	0	0	0	0	0
55.012781	2	51	5	1	0	0	50764	221	111	7240	203500	3000	1448	536	412000	40000	135	0	0	0	0	0
56.037048	2	52	5	1	0	0	51788	221	111	7240	203500	3000	1448	536	412000	40000	135	0	0	0	0	0
57.068840	2	53	5	1	0	0	52820	221	111	7240	203500	3000	1448	536	412000	40000	135	0	0	0	0	0
58.100581	2	54	5	1	0	0	53852	221	111	7240	203500	3000	1448	536	412000	40000	135	0	0	0	0	0
59.132536	2	55	5	1	0	0	54884	221	111	7240	203500	3000	1448	536	412000	40000	135	0	0	0	0	0
60.156899	2	56	5	1	0	0	55908	221	111	7240	203500	3000	1448	536	412000	40000	135	0	0	0	0	0
61.188689	2	57	5	1	0	0	56940	221	111	7240	203500	3000	1448	536	412000	40000	135	0	0	0	0	0
62.012738	2	58	5	1	0	0	57764	221	111	7240	203500	3000	1448	536	412000	40000	135	0	0	0	0	0
63.044536	2	59	5	1	0	0	58796	221	111	7240	203500	3000	1448	536	412000	40000	135	0	0	0	0	0
64.076809	2	60	5	1	0	0	59828	221	111	7240	203500	3000	1448	536	412000	40000	135	0	0	0	0	0
65.100953	2	61	5	1	0	0	60852	221	111	7240	203500	3000	1448	536	412000	40000	135	0	0	0	0	0
66.350314	2	62	5	1	0	0	62100	221	111	7240	205500	7000	1448	536	416000	40000	135	0	0	0	0	0
67.172790	2	63	5	1	0	4	62924	221	111	7240	203500	3000	1448	536	412000	40000	135	0	0	0	0	0
68.192412	2	64	5	1	0	0	63944	221	111	7240	203500	3000	1448	536	412000	40000	135	0	0	0	0	0
69.016622	2	65	5	1	0	0	64768	221	111	7240	203500	3000	1448	536	412000	40000	135	0	0	0	0	0
70.048596	2	66	5	1	0	0	65800	221	111	7240	203500	3000	1448	536	412000	40000	135	0	0	0	0	0
71.102718	2	67	5	1	0	0	66852	221	111	7240	208000	11000	1448	536	420000	40000	85	0	0	0	0	0
72.116566	2	68	5	1	0	0	67868	221	111	7240	203500	3000	1448	536	412000	40000	135	0	0	0	0	0
73.140819	2	69	5	1	0	0	68892	221	111	7240	203500	3000	1448	536	412000	40000	135	0	0	0	0	0
74.172418	2	70	5	1	0	0	69924	221	111	7240	203500	3000	1448	536	412000	40000	135	0	0	0	0	0
75.007073	2	71	5	1	0	4	70760	221	111	7240	203500	3000	1448	536	412000	40000	142	0	0	0	0	0
76.028613	2	72	5	1	0	0	71780	221	111	7240	203500	3000	1448	536	412000	40000	135	0	0	0	0	0
77.060919	2	73	5	1	0	0	72812	221	111	7240	203500	3000	1448	536	412000	40000	135	0	0	0	0	0
78.084492	2	74	5	1	0	0	73836	221	111	7240	203500	3000	1448	536	412000	40000	135	0	0	0	0	0
79.116624	2	75	5	1	0	0	74868	221	111	7240	203500	3000	1448	536	412000	40000	135	0	0	0	0	0
80.148405	2	76	5	1	0	0	75900	221	111	7240	203500	3000	1448	536	412000	40000	135	0	0	0	0	0
81.180669	2	77	5	1	0	0	76932	221	111	7240	203500	3000	1448	536	412000	40000	135	0	0	0	0	0
82.007082	2	78	5	1	0	4	77760	221	111	7240	203500	3000	1448	536	412000	40000	135	0	0	0	0	0
83.028959	2	79	5	1	0	0	78780	221	111	7240	203500	3000	1448	536	412000	40000	135	0	0	0	0	0
84.060554	2	80	5	1	0	0	79812	221	111	7240	203500	3000	1448	536	412000	40000	135	0	0	0	0	0
85.092388	2	81	5	1	0	0	80844	221	111	7240	203500	3000	1448	536	412000	40000	135	0	0	0	0	0
86.124722	2	82	5	1	0	0	81876	221	111	7240	203500	3000	1448	536	412000	40000	135	0	0	0	0	0
87.148856	2	83	5	1	0	0	82900	221	111	7240	203500	3000	1448	536	412000	40000	135	0	0	0	0	0
88.180264	2	84	5	1	0	0	83932	221	111	7240	203500	3000	1448	536	412000	40000	135	0	0	0	0	0
89.004643	2	85	5	1	0	0	84756	221	111	7240	203500	3000	1448	536	412000	40000	135	0	0	0	0	0
90.036552	2	86	5	1	0	0	85788	221	111	7240	203500	3000	1448	536	412000	40000	135	0	0	0	0	0
91.068557	2	87	5	1	0	0	86820	221	111	7240	203500	3000	1448	536	412000	40000	135	0	0	0	0	0
92.093036	2	88	5	1	0	0	87844	221	111	7240	203500	3000	1448	536	412000	40000	135	0	0	0	0	0
93.124564	2	89	5	1	0	0	88876	221	111	7240	203500	3000	1448	536	412000	40000	135	0	0	0	0	0
94.156364	2	90	5	1	0	0	89908	221	111	7240	203500	3000	1448	536	412000	40000	135	0	0	0	0	0
95.188807	2	91	5	1	0	0	90940	221	111	7240	203500	3000	1448	536	412000	40000	135	0	0	0	0	0
96.012799	2	92	5	1	0	0	91764	221	111	7240	203500	3000	1448	536	412000	40000	135	0	0	0	0	0
97.036534	2	93	5	1	0	0	92788	221	111	7240	203500	3000	1448	536	412000	40000	135	0	0	0	0	0
98.068720	2	94	5	1	0	0	93820	221	111	7240	203500	3000	1448	536	412000	40000	135	0	0	0	0	0
99.100515	2	95	5	1	0	0	94852	221	111	7240	203500	3000	1448	536	412000	40000	135	0	0	0	0	0
100.132572	2	96	5	1	0	0	95884	221	111	7240	203500	3000	1448	536	412000	40000	135	0	0	0	0	0
101.156835	2	97	5	1	0	0	96908	221	111	7240	203500	3000	1448	536	412000	40000	135	0	0	0	0	0
102.003079	2	98	5	1	0	4	97756	221	111	7240	207000	10000	1448	536	416000	40000	88	0	0	0	0	0
103.016325	2	99	5	1	0	0	98768	221	111	7240	203500	3000	1448	536	412000	40000	135	0	0	0	0	0
104.040799	2	100	5	1	0	0	99792	221	111	7240	203500	3000	1448	536	412000	40000	135	0	0	0	0	0
105.072614	2	101	5	1	0	0	100824	221	111	7240	203500	3000	1448	536	412000	40000	135	0	0	0	0	0
106.104525	2	102	5	1	0	0	101856	221	111	7240	203500	3000	1448	536	412000	40000	135	0	0	0	0	0
107.136543	2	103	5	1	0	0	102888	221	111	7240	203500	3000	1448	536	412000	40000	135	0	0	0	0	0
108.160839	2	104	5	1	0	0	103912	221	111	7240	203500	3000	1448	536	412000	40000	135	0	0	0	0	0
109.003077	2	105	5	1	0	4	104756	221	111	7240	203500	3000	1448	536	412000	40000	173	0	0	0	0	0
110.016489	2	106	5	1	0	0	105768	221	111	7240	203500	3000	1448	536	412000	40000	135	0	0	0	0	0
111.048539	2	107	5	1	0	0	106800	221	111	7240	203500	3000	1448	536	412000	40000	135	0	0	0	0	0
112.080660	2	108	5	1	0	0	107832	221	111	7240	203500	3000	1448	536	412000	40000	135	0	0	0	0	0
113.105075	2	109	5	1	0	0	108856	221	111	7240	203500	3000	1448	536	412000	40000	135	0	0	0	0	0
114.136598	2	110	5	1	0	0	109888	221	111	7240	203500	3000	1448	536	412000	40000	135	0	0	0	0	0
115.168513	2	111	5	1	0	0	110920	221	111	7240	203500	3000	1448	536	412000	40000	135	0	0	0	0	0
116.003077	2	112	5	1	0	4	111756	221	111	7240	203500	3000	1448	536	412000	40000	164	0	0	0	0	0
117.024724	2	113	5	1	0	0	112776	221	111	7240	203500	3000	1448	536	412000	40000	135	0	0	0	0	0
118.048988	2	114	5	1	0	0	113800	221	111	7240	203500	3000	1448	536	412000	40000	135	0	0	0	0	0
119.080736	2	115	5	1	0	0	114832	221	111	7240	203500	3000	1448	536	412000	40000	135	0	0	0	0	0
120.112613	2	116	5	1	0	0	115864	221	111	7240	203500	3000	1448	536	412000	40000	135	0	0	0	0	0
121.144651	2	117	5	1	0	0	116896	221	111	7240	203500	3000	1448	536	412000	40000	135	0	0	0	0	0
122.168887	2	118	5	1	0	0	117920	221	111	7240	203500	3000	1448	536	412000	40000	135	0	0	0	0	0
123.003076	2	119	5	1	0	4	118756	221	111	7240	203500	3000	1448	536	412000	40000	135	0	0	0	0	0
124.024676	2	120	5	1	0	0	119776	221	111	7240	203500	3000	1448	536	412000	40000	135	0	0	0	0	0
125.056563	2	121	5	1	0	0	120808	221	111	7240	203500	3000	1448	536	412000	40000	135	0	0	0	0	0
126.088513	2	122	5	1	0	0	121840	221	111	7240	203500	3000	1448	536	412000	40000	135	0	0	0	0	0
127.112884	2	123	5	1	0	0	122864	221	111	7240	203500	3000	1448	536	412000	40000	135	0	0	0	0	0
128.144962	2	124	5	1	0	0	123896	221	111	7240	203500	3000	1448	536	412000	40000	135	0	0	0	0	0
129.176793	2	125	5	1	0	0	124928	221	111	7240	203500	3000	1448	536	412000	40000	135	0	0	0	0	0
130.003091	2	126	5	1	0	4	125756	221	111	7240	203500	3000	1448	536	412000	40000	135	0	0	0	0	0
131.032567	2	127	5	1	0	0	126784	221	111	7240	203500	3000	1448	536	412000	40000	135	0	0	0	0	0
132.064706	2	128	5	1	0	0	127816	221	111	7240	203500	3000	1448	536	412000	40000	135	0	0	0	0	0
133.088729	2	129	5	1	0	0	128840	221	111	7240	203500	3000	1448	536	412000	40000	135	0	0	0	0	0
134.120544	2	130	5	1	0	0	129872	221	111	7240	203500	3000	1448	536	412000	40000	135	0	0	0	0	0
135.152558	2	131	5	1	0	0	130904	221	111	7240	203500	3000	1448	536	412000	40000	135	0	0	0	0	0
136.184847	2	132	5	1	0	0	131936	221	111	7240	203500	3000	1448	536	412000	40000	135	0	0	0	0	0
137.008671	2	133	5	1	0	0	132760	221	111	7240	203500	3000	1448	536	412000	40000	135	0	0	0	0	0
138.056452	2	134	5	1	0	0	133808	221	111	7240	207500	11000	1448	536	416000	40000	88	0	0	0	0	0
139.072510	2	135	5	1	0	4	134824	222	111	7240	203500	3000	1448	536	412000	40000	135	0	0	0	0	0
140.092855	2	136	5	1	0	0	135844	222	111	7240	203500	3000	1448	536	412000	40000	135	0	0	0	0	0
141.124739	2	137	5	1	0	0	136876	222	111	7240	203500	3000	1448	536	412000	40000	135	0	0	0	0	0
142.156478	2	138	5	1	0	0	137908	222	111	7240	203500	3000	1448	536	412000	40000	135	0	0	0	0	0
