protocol: 5
domain: yeah_10Mbps_3ms
start-time: 1424598459
sender-id: 1
app-name: tinyhttpd
schema: 0 _experiment_metadata subject:string key:string value:string 
schema: 1 _client_instrumentation measurements_injected:uint32 measurements_dropped:uint32 bytes_allocated:uint64 bytes_freed:uint64 bytes_in_use:uint64 bytes_max:uint64 
schema: 2 tinyhttpd_tcp socket:int32 state:int32 ca_state:int32 last_data_sent:int32 last_data_recv:int32 snd_cwnd:int32 snd_ssthresh:int32 rcv_ssthresh:int32 rtt:int32 rttvar:int32 snd_mss:int32 rcv_mss:int32 rto:int32 ato:int32 unacked:int32 sacked:int32 lost:int32 retrans:int32 fackets:int32 total_retrans:int32 
schema: 3 tinyhttpd_peer socket:int32 ip:string port:int32 file:string 
content: text

3.040100	2	1	5	1	0	0	72	28	57	14480	27500	10000	1448	536	224000	40000	17	0	0	0	0	0
3.040693	1	1	1	0	18883	5907	12976	14345
4.063676	2	2	5	1	0	0	1096	58	57	14480	66000	15000	1448	536	264000	40000	58	0	0	0	0	0
4.063767	1	2	2	0	18883	5907	12976	14345
5.079031	2	3	5	1	0	0	2112	65	57	14480	66500	12000	1448	536	264000	40000	45	0	0	0	0	0
5.079103	1	3	3	0	18883	5907	12976	14345
6.077036	2	4	5	1	0	0	3112	70	57	14480	80500	5000	1448	536	280000	40000	70	0	0	0	0	0
6.077125	1	4	4	0	18883	5907	12976	14345
7.017087	2	5	5	1	0	0	4052	70	57	14480	80500	7000	1448	536	280000	40000	70	0	0	0	0	0
7.017163	1	5	5	0	18883	5907	12976	14345
8.114973	2	6	5	1	0	0	5148	71	57	14480	80000	6000	1448	536	280000	40000	71	0	0	0	0	0
8.115061	1	6	6	0	18883	5907	12976	14345
9.055085	2	7	5	1	0	0	6088	71	57	14480	80000	6000	1448	536	280000	40000	71	0	0	0	0	0
9.055201	1	7	7	0	18883	5907	12976	14345
10.121947	2	8	5	1	0	0	7156	72	57	14480	81500	10000	1448	536	280000	40000	63	0	0	0	0	0
10.122032	1	8	8	0	18883	5907	12976	14345
11.020214	2	9	5	1	0	0	8052	72	57	14480	80500	9000	1448	536	280000	40000	72	0	0	0	0	0
11.020305	1	9	9	0	18883	5907	12976	14345
12.067213	2	10	5	1	0	0	9100	73	57	14480	81000	11000	1448	536	280000	40000	73	0	0	0	0	0
12.067305	1	10	10	0	18883	5907	12976	14345
13.111788	2	11	5	1	0	0	10144	73	57	14480	82500	13000	1448	536	280000	40000	73	0	0	0	0	0
13.111877	1	11	11	0	18883	5907	12976	14345
14.038971	2	12	5	1	0	0	11072	75	57	14480	80000	10000	1448	536	280000	40000	61	0	0	0	0	0
14.039099	1	12	12	0	18883	5907	12976	14345
15.135848	2	13	5	1	0	0	12168	75	57	14480	82500	9000	1448	536	280000	40000	60	0	0	0	0	0
15.135938	1	13	13	0	18883	5907	12976	14345
16.075843	2	14	5	1	0	0	13108	76	57	14480	83000	9000	1448	536	280000	40000	59	0	0	0	0	0
16.075935	1	14	14	0	18883	5907	12976	14345
17.016133	2	15	5	1	0	0	14048	76	57	14480	82500	9000	1448	536	280000	40000	59	0	0	0	0	0
17.016224	1	15	15	0	18883	5907	12976	14345
18.112978	2	16	5	1	0	0	15148	77	57	14480	83000	9000	1448	536	280000	40000	58	0	0	0	0	0
18.113071	1	16	16	0	18883	5907	12976	14345
19.053097	2	17	5	1	0	0	16088	77	57	14480	84000	11000	1448	536	284000	40000	58	0	0	0	0	0
19.053188	1	17	17	0	18883	5907	12976	14345
20.004595	2	18	5	1	0	4	17040	77	57	14480	84000	11000	1448	536	284000	40000	77	0	0	0	0	0
20.004686	1	18	18	0	18883	5907	12976	14345
21.089971	2	19	5	1	0	0	18124	78	57	14480	83000	9000	1448	536	280000	40000	57	0	0	0	0	0
21.090063	1	19	19	0	18883	5907	12976	14345
22.030106	2	20	5	1	0	0	19064	78	57	14480	83000	9000	1448	536	280000	40000	57	0	0	0	0	0
22.030200	1	20	20	0	18883	5907	12976	14345
23.126782	2	21	5	1	0	0	20160	79	57	14480	82500	18000	1448	536	280000	40000	56	0	0	0	0	0
23.126872	1	21	21	0	18883	5907	12976	14345
24.067105	2	22	5	1	0	0	21100	79	57	14480	83500	9000	1448	536	280000	40000	56	0	0	0	0	0
24.067199	1	22	22	0	18883	5907	12976	14345
25.007113	2	23	5	1	0	0	22040	80	57	14480	83500	10000	1448	536	280000	40000	55	0	0	0	0	0
25.007205	1	23	23	0	18883	5907	12976	14345
26.103925	2	24	5	1	0	0	23136	80	57	14480	83500	10000	1448	536	280000	40000	55	0	0	0	0	0
26.104018	1	24	24	0	18883	5907	12976	14345
27.043998	2	25	5	1	0	0	24076	81	57	14480	92000	11000	1448	536	292000	40000	63	0	0	0	0	0
27.044087	1	25	25	0	18883	5907	12976	14345
28.140783	2	26	5	1	0	0	25176	81	57	14480	90500	8000	1448	536	288000	40000	63	0	0	0	0	0
28.140875	1	26	26	0	18883	5907	12976	14345
29.080988	2	27	5	1	0	0	26116	82	57	14480	94000	14000	1448	536	292000	40000	61	0	0	0	0	0
29.081161	1	27	27	0	18883	5907	12976	14345
30.021346	2	28	5	1	0	0	27056	82	57	14480	92500	11000	1448	536	292000	40000	61	0	0	0	0	0
30.021437	1	28	28	0	18883	5907	12976	14345
31.118134	2	29	5	1	0	0	28152	83	57	14480	93000	11000	1448	536	292000	40000	59	0	0	0	0	0
31.118222	1	29	29	0	18883	5907	12976	14345
32.058182	2	30	5	1	0	0	29092	83	57	14480	93000	11000	1448	536	292000	40000	59	0	0	0	0	0
32.058277	1	30	30	0	18883	5907	12976	14345
33.147862	2	31	5	1	0	44	30180	84	57	14480	90000	10000	1448	536	288000	40000	78	0	0	0	0	0
33.147949	1	31	31	0	18883	5907	12976	14345
34.074010	2	32	5	1	0	0	31108	84	57	14480	93500	7000	1448	536	292000	40000	84	0	0	0	0	0
34.074103	1	32	32	0	18883	5907	12976	14345
35.014349	2	33	5	1	0	0	32048	85	57	14480	92000	7000	1448	536	292000	40000	85	0	0	0	0	0
35.014442	1	33	33	0	18883	5907	12976	14345
36.126243	2	34	5	1	0	48	33160	85	57	14480	92000	11000	1448	536	292000	40000	80	0	0	0	0	0
36.126336	1	34	34	0	18883	5907	12976	14345
37.066453	2	35	5	1	0	48	34100	85	57	14480	92000	11000	1448	536	292000	40000	80	0	0	0	0	0
37.066557	1	35	35	0	18883	5907	12976	14345
38.004609	2	36	5	1	0	0	35040	86	57	14480	98000	7000	1448	536	296000	40000	86	0	0	0	0	0
38.004704	1	36	36	0	18883	5907	12976	14345
39.095868	2	37	5	1	0	36	36128	86	57	14480	96500	8000	1448	536	296000	40000	74	0	0	0	0	0
39.095962	1	37	37	0	18883	5907	12976	14345
40.137163	2	38	5	1	0	0	37172	87	57	14480	99000	8000	1448	536	296000	40000	87	0	0	0	0	0
40.137255	1	38	38	0	18883	5907	12976	14345
41.133176	2	39	5	1	0	40	38168	87	57	14480	95500	7000	1448	536	292000	40000	75	0	0	0	0	0
41.133265	1	39	39	0	18883	5907	12976	14345
42.123802	2	40	5	1	0	0	39156	88	57	14480	99000	7000	1448	536	296000	40000	88	0	0	0	0	0
42.123896	1	40	40	0	18883	5907	12976	14345
43.011506	2	41	5	1	0	0	40044	88	57	14480	96500	8000	1448	536	296000	40000	88	0	0	0	0	0
43.011580	1	41	41	0	18883	5907	12976	14345
44.124718	2	42	5	1	0	0	41160	89	57	14480	96500	7000	1448	536	296000	40000	89	0	0	0	0	0
44.124809	1	42	42	0	18883	5907	12976	14345
45.117247	2	43	5	1	0	0	42152	89	57	14480	96500	9000	1448	536	296000	40000	89	0	0	0	0	0
45.117337	1	43	43	0	18883	5907	12976	14345
46.057404	2	44	5	1	0	0	43092	90	57	14480	104000	6000	1448	536	304000	40000	90	0	0	0	0	0
46.057487	1	44	44	0	18883	5907	12976	14345
47.004598	2	45	5	1	0	8	44040	90	57	14480	106000	3000	1448	536	304000	40000	90	0	0	0	0	0
47.004693	1	45	45	0	18883	5907	12976	14345
48.094312	2	46	5	1	0	0	45128	90	57	14480	107500	3000	1448	536	304000	40000	90	0	0	0	0	0
48.094403	1	46	46	0	18883	5907	12976	14345
49.037098	2	47	5	1	0	0	46072	91	57	14480	111500	7000	1448	536	308000	40000	90	0	0	0	0	0
49.037182	1	47	47	0	18883	5907	12976	14345
50.131583	2	48	5	1	0	0	47164	91	57	14480	122000	23000	1448	536	320000	40000	90	0	0	0	0	0
50.131673	1	48	48	0	18883	5907	12976	14345
51.071002	2	49	5	1	0	0	48104	91	57	14480	122500	25000	1448	536	320000	40000	90	0	0	0	0	0
51.071086	1	49	49	0	18883	5907	12976	14345
52.010402	2	50	5	1	0	0	49044	91	57	14480	123000	25000	1448	536	320000	40000	90	0	0	0	0	0
52.010494	1	50	50	0	18883	5907	12976	14345
53.107661	2	51	5	1	0	0	50140	92	57	14480	117000	18000	1448	536	316000	40000	90	0	0	0	0	0
53.107745	1	51	51	0	18883	5907	12976	14345
54.047966	2	52	5	1	0	0	51080	92	57	14480	114500	18000	1448	536	312000	40000	90	0	0	0	0	0
54.048059	1	52	52	0	18883	5907	12976	14345
55.144723	2	53	5	1	0	0	52180	93	57	14480	114500	18000	1448	536	312000	40000	90	0	0	0	0	0
55.144816	1	53	53	0	18883	5907	12976	14345
56.085966	2	54	5	1	0	0	53120	93	57	14480	114000	17000	1448	536	312000	40000	90	0	0	0	0	0
56.086059	1	54	54	0	18883	5907	12976	14345
57.026084	2	55	5	1	0	0	54060	93	57	14480	114000	17000	1448	536	312000	40000	90	0	0	0	0	0
57.026176	1	55	55	0	18883	5907	12976	14345
58.123833	2	56	5	1	0	0	55156	94	57	14480	112000	15000	1448	536	312000	40000	90	0	0	0	0	0
58.123924	1	56	56	0	18883	5907	12976	14345
59.064178	2	57	5	1	0	0	56096	94	57	14480	113000	16000	1448	536	312000	40000	90	0	0	0	0	0
59.064263	1	57	57	0	18883	5907	12976	14345
60.004400	2	58	5	1	0	0	57036	94	57	14480	113000	16000	1448	536	312000	40000	90	0	0	0	0	0
60.004597	1	58	58	0	18883	5907	12976	14345
61.102207	2	59	5	1	0	0	58136	95	57	14480	112500	15000	1448	536	312000	40000	90	0	0	0	0	0
61.102296	1	59	59	0	18883	5907	12976	14345
62.042169	2	60	5	1	0	0	59076	95	57	14480	112500	15000	1448	536	312000	40000	90	0	0	0	0	0
62.042264	1	60	60	0	18883	5907	12976	14345
63.140146	2	61	5	1	0	0	60172	96	57	14480	112500	14000	1448	536	312000	40000	90	0	0	0	0	0
63.140264	1	61	61	0	18883	5907	12976	14345
64.080511	2	62	5	1	0	0	61112	96	57	14480	112500	17000	1448	536	312000	40000	90	0	0	0	0	0
64.080602	1	62	62	0	18883	5907	12976	14345
65.020612	2	63	5	1	0	0	62056	96	57	14480	113000	14000	1448	536	312000	40000	90	0	0	0	0	0
65.020705	1	63	63	0	18883	5907	12976	14345
66.118519	2	64	5	1	0	0	63152	97	57	14480	112500	16000	1448	536	312000	40000	90	0	0	0	0	0
66.118600	1	64	64	0	18883	5907	12976	14345
67.058519	2	65	5	1	0	0	64092	97	57	14480	112500	16000	1448	536	312000	40000	90	0	0	0	0	0
67.058612	1	65	65	0	18883	5907	12976	14345
68.042929	2	66	5	1	0	0	65076	98	57	14480	111000	10000	1448	536	308000	40000	98	0	0	0	0	0
68.043014	1	66	66	0	18883	5907	12976	14345
69.034576	2	67	5	1	0	0	66068	98	57	14480	112500	17000	1448	536	312000	40000	90	0	0	0	0	0
69.034668	1	67	67	0	18883	5907	12976	14345
70.078729	2	68	5	1	0	0	67112	98	57	14480	112500	17000	1448	536	312000	40000	90	0	0	0	0	0
70.078821	1	68	68	0	18883	5907	12976	14345
71.122727	2	69	5	1	0	0	68156	99	57	14480	113000	17000	1448	536	312000	40000	90	0	0	0	0	0
71.122810	1	69	69	0	18883	5907	12976	14345
72.166651	2	70	5	1	0	0	69200	99	57	14480	113000	17000	1448	536	312000	40000	90	0	0	0	0	0
72.166745	1	70	70	0	18883	5907	12976	14345
73.001871	2	71	5	1	0	0	70036	99	57	14480	112500	17000	1448	536	312000	40000	90	0	0	0	0	0
73.001946	1	71	71	0	18883	5907	12976	14345
74.045857	2	72	5	1	0	0	71080	99	57	14480	112500	17000	1448	536	312000	40000	90	0	0	0	0	0
74.045951	1	72	72	0	18883	5907	12976	14345
75.089861	2	73	5	1	0	0	72124	100	57	14480	113000	17000	1448	536	312000	40000	90	0	0	0	0	0
75.089982	1	73	73	0	18883	5907	12976	14345
76.133897	2	74	5	1	0	0	73168	100	57	14480	113000	17000	1448	536	312000	40000	90	0	0	0	0	0
76.134015	1	74	74	0	18883	5907	12976	14345
77.177907	2	75	5	1	0	0	74212	100	57	14480	113000	16000	1448	536	312000	40000	90	0	0	0	0	0
77.178019	1	75	75	0	18883	5907	12976	14345
78.013049	2	76	5	1	0	0	75048	101	57	14480	113000	17000	1448	536	312000	40000	90	0	0	0	0	0
78.013134	1	76	76	0	18883	5907	12976	14345
79.057139	2	77	5	1	0	0	76092	101	57	14480	113000	17000	1448	536	312000	40000	90	0	0	0	0	0
79.057226	1	77	77	0	18883	5907	12976	14345
80.101118	2	78	5	1	0	0	77136	101	57	14480	113000	17000	1448	536	312000	40000	90	0	0	0	0	0
80.101211	1	78	78	0	18883	5907	12976	14345
81.145189	2	79	5	1	0	0	78180	101	57	14480	113000	17000	1448	536	312000	40000	90	0	0	0	0	0
81.145268	1	79	79	0	18883	5907	12976	14345
82.189141	2	80	5	1	0	0	79224	102	57	14480	113000	17000	1448	536	312000	40000	90	0	0	0	0	0
82.189235	1	80	80	0	18883	5907	12976	14345
83.024325	2	81	5	1	0	0	80056	102	57	14480	112500	17000	1448	536	312000	40000	90	0	0	0	0	0
83.024416	1	81	81	0	18883	5907	12976	14345
84.068121	2	82	5	1	0	0	81100	102	57	14480	112500	17000	1448	536	312000	40000	90	0	0	0	0	0
84.068235	1	82	82	0	18883	5907	12976	14345
85.112346	2	83	5	1	0	0	82144	103	57	14480	112000	17000	1448	536	312000	40000	90	0	0	0	0	0
85.112457	1	83	83	0	18883	5907	12976	14345
86.156431	2	84	5	1	0	0	83188	103	57	14480	112000	18000	1448	536	312000	40000	90	0	0	0	0	0
86.156531	1	84	84	0	18883	5907	12976	14345
87.004607	2	85	5	1	0	8	84040	103	57	14480	112000	18000	1448	536	312000	40000	103	0	0	0	0	0
87.004710	1	85	85	0	18883	5907	12976	14345
88.035654	2	86	5	1	0	0	85068	103	57	14480	112000	17000	1448	536	312000	40000	90	0	0	0	0	0
88.035743	1	86	86	0	18883	5907	12976	14345
89.079410	2	87	5	1	0	0	86112	104	57	14480	112000	17000	1448	536	312000	40000	90	0	0	0	0	0
89.079497	1	87	87	0	18883	5907	12976	14345
90.123504	2	88	5	1	0	0	87156	104	57	14480	112000	18000	1448	536	312000	40000	90	0	0	0	0	0
90.123600	1	88	88	0	18883	5907	12976	14345
91.167570	2	89	5	1	0	0	88200	104	57	14480	112000	18000	1448	536	312000	40000	90	0	0	0	0	0
91.167739	1	89	89	0	18883	5907	12976	14345
92.003139	2	90	5	1	0	0	89036	104	57	14480	112000	18000	1448	536	312000	40000	90	0	0	0	0	0
92.003233	1	90	90	0	18883	5907	12976	14345
93.012123	2	91	5	1	0	0	90044	105	57	14480	120000	11000	1448	536	320000	40000	90	0	0	0	0	0
93.012212	1	91	91	0	18883	5907	12976	14345
94.108369	2	92	5	1	0	0	91140	105	57	14480	120000	10000	1448	536	320000	40000	90	0	0	0	0	0
94.108461	1	92	92	0	18883	5907	12976	14345
95.048063	2	93	5	1	0	0	92080	105	57	14480	120000	10000	1448	536	320000	40000	90	0	0	0	0	0
95.048156	1	93	93	0	18883	5907	12976	14345
96.145925	2	94	5	1	0	0	93180	106	57	14480	120500	10000	1448	536	320000	40000	90	0	0	0	0	0
96.146010	1	94	94	0	18883	5907	12976	14345
97.086042	2	95	5	1	0	0	94120	106	57	14480	119000	9000	1448	536	316000	40000	90	0	0	0	0	0
97.086131	1	95	95	0	18883	5907	12976	14345
98.026151	2	96	5	1	0	0	95060	106	57	14480	119000	9000	1448	536	316000	40000	90	0	0	0	0	0
98.026243	1	96	96	0	18883	5907	12976	14345
99.124012	2	97	5	1	0	0	96156	107	57	14480	118000	9000	1448	536	316000	40000	90	0	0	0	0	0
99.124103	1	97	97	0	18883	5907	12976	14345
100.064039	2	98	5	1	0	0	97096	107	57	14480	118000	9000	1448	536	316000	40000	90	0	0	0	0	0
100.064133	1	98	98	0	18883	5907	12976	14345
101.004279	2	99	5	1	0	0	98036	107	57	14480	118000	9000	1448	536	316000	40000	90	0	0	0	0	0
101.004364	1	99	99	0	18883	5907	12976	14345
102.102294	2	100	5	1	0	0	99136	108	57	14480	120000	11000	1448	536	320000	40000	90	0	0	0	0	0
102.102388	1	100	100	0	18883	5907	12976	14345
103.042458	2	101	5	1	0	0	100076	108	57	14480	120000	11000	1448	536	320000	40000	90	0	0	0	0	0
103.042549	1	101	101	0	18883	5907	12976	14345
104.139186	2	102	5	1	0	0	101172	108	57	14480	118000	10000	1448	536	316000	40000	90	0	0	0	0	0
104.139279	1	102	102	0	18883	5907	12976	14345
105.080438	2	103	5	1	0	0	102112	109	57	14480	118000	12000	1448	536	316000	40000	90	0	0	0	0	0
105.080533	1	103	103	0	18883	5907	12976	14345
106.020500	2	104	5	1	0	0	103052	109	57	14480	118000	12000	1448	536	316000	40000	90	0	0	0	0	0
106.020596	1	104	104	0	18883	5907	12976	14345
107.117307	2	105	5	1	0	0	104152	110	57	14480	120500	12000	1448	536	320000	40000	90	0	0	0	0	0
107.117392	1	105	105	0	18883	5907	12976	14345
108.058533	2	106	5	1	0	0	105092	110	57	14480	120000	12000	1448	536	320000	40000	90	0	0	0	0	0
108.058627	1	106	106	0	18883	5907	12976	14345
109.004605	2	107	5	1	0	0	106040	110	57	14480	120000	12000	1448	536	320000	40000	110	0	0	0	0	0
109.004701	1	107	107	0	18883	5907	12976	14345
110.096763	2	108	5	1	0	0	107132	111	57	14480	117000	11000	1448	536	316000	40000	90	0	0	0	0	0
110.096854	1	108	108	0	18883	5907	12976	14345
111.036911	2	109	5	1	0	0	108072	111	57	14480	117500	11000	1448	536	316000	40000	90	0	0	0	0	0
111.037002	1	109	109	0	18883	5907	12976	14345
112.133626	2	110	5	1	0	0	109168	111	57	14480	121000	12000	1448	536	320000	40000	90	0	0	0	0	0
112.133721	1	110	110	0	18883	5907	12976	14345
113.074816	2	111	5	1	0	0	110108	112	57	14480	121000	12000	1448	536	320000	40000	90	0	0	0	0	0
113.074905	1	111	111	0	18883	5907	12976	14345
114.014584	2	112	5	1	0	0	111048	112	57	14480	121000	14000	1448	536	320000	40000	90	0	0	0	0	0
114.014675	1	112	112	0	18883	5907	12976	14345
115.111257	2	113	5	1	0	0	112144	112	57	14480	121000	14000	1448	536	320000	40000	90	0	0	0	0	0
115.111351	1	113	113	0	18883	5907	12976	14345
116.051041	2	114	5	1	0	0	113084	112	57	14480	121000	14000	1448	536	320000	40000	90	0	0	0	0	0
116.051136	1	114	114	0	18883	5907	12976	14345
117.004611	2	115	5	1	0	8	114040	112	57	14480	121500	14000	1448	536	320000	40000	112	0	0	0	0	0
117.004694	1	115	115	0	18883	5907	12976	14345
118.087920	2	116	5	1	0	0	115120	113	57	14480	121000	14000	1448	536	320000	40000	113	0	0	0	0	0
118.088014	1	116	116	0	18883	5907	12976	14345
119.027310	2	117	5	1	0	0	116060	113	57	14480	121500	15000	1448	536	320000	40000	113	0	0	0	0	0
119.027400	1	117	117	0	18883	5907	12976	14345
120.123350	2	118	5	1	0	0	117156	113	57	14480	121500	15000	1448	536	320000	40000	113	0	0	0	0	0
120.123445	1	118	118	0	18883	5907	12976	14345
121.062749	2	119	5	1	0	0	118096	113	57	14480	121500	16000	1448	536	320000	40000	113	0	0	0	0	0
121.062923	1	119	119	0	18883	5907	12976	14345
122.004877	2	120	5	1	0	4	119040	114	57	14480	121500	16000	1448	536	320000	40000	114	0	0	0	0	0
122.004969	1	120	120	0	18883	5907	12976	14345
123.099373	2	121	5	1	0	0	120132	114	57	14480	121500	16000	1448	536	320000	40000	114	0	0	0	0	0
123.099466	1	121	121	0	18883	5907	12976	14345
124.038817	2	122	5	1	0	0	121072	114	57	14480	121500	16000	1448	536	320000	40000	114	0	0	0	0	0
124.038908	1	122	122	0	18883	5907	12976	14345
125.134791	2	123	5	1	0	0	122168	114	57	14480	121500	16000	1448	536	320000	40000	114	0	0	0	0	0
125.134885	1	123	123	0	18883	5907	12976	14345
125.774865	3	1	5	10.1.1.1	45205	htdocs/file.txt
