protocol: 5
domain: yeah_500Mbps_100ms
start-time: 1424586498
sender-id: 1
app-name: tinyhttpd
schema: 0 _experiment_metadata subject:string key:string value:string 
schema: 1 _client_instrumentation measurements_injected:uint32 measurements_dropped:uint32 bytes_allocated:uint64 bytes_freed:uint64 bytes_in_use:uint64 bytes_max:uint64 
schema: 2 tinyhttpd_tcp socket:int32 state:int32 ca_state:int32 last_data_sent:int32 last_data_recv:int32 snd_cwnd:int32 snd_ssthresh:int32 rcv_ssthresh:int32 rtt:int32 rttvar:int32 snd_mss:int32 rcv_mss:int32 rto:int32 ato:int32 unacked:int32 sacked:int32 lost:int32 retrans:int32 fackets:int32 total_retrans:int32 
schema: 3 tinyhttpd_peer socket:int32 ip:string port:int32 file:string 
content: text

14.052675	2	1	5	1	0	0	908	26	111	7240	110500	15000	1448	536	332000	40000	26	0	0	0	0	0
14.053371	1	1	1	0	18892	5913	12979	14348
15.069468	2	2	5	1	0	0	1924	56	111	7240	103500	3000	1448	536	312000	40000	56	0	0	0	0	0
15.069545	1	2	2	0	18892	5913	12979	14348
16.086259	2	3	5	1	0	0	2940	83	111	7240	103500	3000	1448	536	312000	40000	83	0	0	0	0	0
16.086343	1	3	3	0	18892	5913	12979	14348
17.094857	2	4	5	1	0	0	3948	112	111	7240	103500	3000	1448	536	312000	40000	90	0	0	0	0	0
17.094947	1	4	4	0	18892	5913	12979	14348
18.118190	2	5	5	1	0	0	4972	121	111	7240	103500	3000	1448	536	312000	40000	121	0	0	0	0	0
18.118270	1	5	5	0	18892	5913	12979	14348
19.043702	2	6	5	1	0	0	5900	130	111	7240	103500	3000	1448	536	312000	40000	96	0	0	0	0	0
19.043792	1	6	6	0	18892	5913	12979	14348
20.071832	2	7	5	1	0	0	6928	139	111	7240	104500	7000	1448	536	316000	40000	135	0	0	0	0	0
20.071912	1	7	7	0	18892	5913	12979	14348
21.007094	2	8	5	1	0	0	7864	148	111	7240	103500	3000	1448	536	312000	40000	148	0	0	0	0	0
21.007187	1	8	8	0	18892	5913	12979	14348
22.012489	2	9	5	1	0	0	8868	160	111	7240	103500	5000	1448	536	312000	40000	135	0	0	0	0	0
22.012577	1	9	9	0	18892	5913	12979	14348
23.060736	2	10	5	1	0	0	9916	173	111	7240	103500	3000	1448	536	312000	40000	135	0	0	0	0	0
23.060823	1	10	10	0	18892	5913	12979	14348
24.016526	2	11	5	1	0	0	10872	183	111	7240	103500	3000	1448	536	312000	40000	135	0	0	0	0	0
24.016615	1	11	11	0	18892	5913	12979	14348
25.072798	2	12	5	1	0	0	11928	189	111	7240	103500	3000	1448	536	312000	40000	135	0	0	0	0	0
25.072890	1	12	12	0	18892	5913	12979	14348
26.028418	2	13	5	1	0	0	12884	196	111	7240	103500	3000	1448	536	312000	40000	135	0	0	0	0	0
26.028502	1	13	13	0	18892	5913	12979	14348
27.092583	2	14	5	1	0	0	13948	201	111	7240	103500	3000	1448	536	312000	40000	135	0	0	0	0	0
27.092677	1	14	14	0	18892	5913	12979	14348
28.040598	2	15	5	1	0	0	14896	205	111	7240	103500	3000	1448	536	312000	40000	135	0	0	0	0	0
28.040671	1	15	15	0	18892	5913	12979	14348
29.007081	2	16	5	1	0	4	15864	208	111	7240	103500	3000	1448	536	312000	40000	166	0	0	0	0	0
29.007177	1	16	16	0	18892	5913	12979	14348
30.052741	2	17	5	1	0	0	16908	211	111	7240	103500	3000	1448	536	312000	40000	135	0	0	0	0	0
30.052832	1	17	17	0	18892	5913	12979	14348
31.008523	2	18	5	1	0	0	17864	213	111	7240	103500	3000	1448	536	312000	40000	135	0	0	0	0	0
31.008612	1	18	18	0	18892	5913	12979	14348
32.064817	2	19	5	1	0	0	18920	216	111	7240	103500	3000	1448	536	312000	40000	135	0	0	0	0	0
32.064901	1	19	19	0	18892	5913	12979	14348
33.020526	2	20	5	1	0	0	19876	217	111	7240	103500	3000	1448	536	312000	40000	135	0	0	0	0	0
33.020608	1	20	20	0	18892	5913	12979	14348
34.076802	2	21	5	1	0	0	20932	219	111	7240	103500	3000	1448	536	312000	40000	135	0	0	0	0	0
34.076881	1	21	21	0	18892	5913	12979	14348
35.032553	2	22	5	1	0	0	21888	219	111	7240	103500	3000	1448	536	312000	40000	135	0	0	0	0	0
35.032639	1	22	22	0	18892	5913	12979	14348
36.003084	2	23	5	1	0	0	22860	220	111	7240	103500	3000	1448	536	312000	40000	169	0	0	0	0	0
36.003167	1	23	23	0	18892	5913	12979	14348
37.044958	2	24	5	1	0	0	23900	221	111	7240	103500	3000	1448	536	312000	40000	135	0	0	0	0	0
37.045050	1	24	24	0	18892	5913	12979	14348
38.003075	2	25	5	1	0	4	24860	221	111	7240	103500	3000	1448	536	312000	40000	135	0	0	0	0	0
38.003146	1	25	25	0	18892	5913	12979	14348
39.064558	2	26	5	1	0	0	25920	221	111	7240	103500	3000	1448	536	312000	40000	135	0	0	0	0	0
39.064748	1	26	26	0	18892	5913	12979	14348
40.012734	2	27	5	1	0	0	26868	221	111	7240	103500	3000	1448	536	312000	40000	135	0	0	0	0	0
40.012811	1	27	27	0	18892	5913	12979	14348
41.076501	2	28	5	1	0	0	27932	221	111	7240	103500	3000	1448	536	312000	40000	135	0	0	0	0	0
41.076588	1	28	28	0	18892	5913	12979	14348
42.025102	2	29	5	1	0	0	28880	221	111	7240	103500	3000	1448	536	312000	40000	135	0	0	0	0	0
42.025187	1	29	29	0	18892	5913	12979	14348
43.088438	2	30	5	1	0	0	29944	221	111	7240	103500	3000	1448	536	312000	40000	135	0	0	0	0	0
43.088524	1	30	30	0	18892	5913	12979	14348
44.044575	2	31	5	1	0	0	30900	221	111	7240	103500	3000	1448	536	312000	40000	135	0	0	0	0	0
44.044655	1	31	31	0	18892	5913	12979	14348
45.003087	2	32	5	1	0	4	31860	221	111	7240	103500	3000	1448	536	312000	40000	135	0	0	0	0	0
45.003179	1	32	32	0	18892	5913	12979	14348
46.056605	2	33	5	1	0	0	32912	221	111	7240	103500	3000	1448	536	312000	40000	135	0	0	0	0	0
46.056676	1	33	33	0	18892	5913	12979	14348
47.012530	2	34	5	1	0	0	33868	221	111	7240	103500	3000	1448	536	312000	40000	135	0	0	0	0	0
47.012620	1	34	34	0	18892	5913	12979	14348
48.068483	2	35	5	1	0	0	34924	221	111	7240	103500	3000	1448	536	312000	40000	135	0	0	0	0	0
48.068556	1	35	35	0	18892	5913	12979	14348
49.024520	2	36	5	1	0	0	35880	221	111	7240	103500	3000	1448	536	312000	40000	135	0	0	0	0	0
49.024609	1	36	36	0	18892	5913	12979	14348
50.080681	2	37	5	1	0	0	36936	221	111	7240	103500	3000	1448	536	312000	40000	135	0	0	0	0	0
50.080762	1	37	37	0	18892	5913	12979	14348
51.036624	2	38	5	1	0	0	37892	221	111	7240	103500	3000	1448	536	312000	40000	135	0	0	0	0	0
51.036708	1	38	38	0	18892	5913	12979	14348
52.092603	2	39	5	1	0	0	38948	221	111	7240	103500	3000	1448	536	312000	40000	135	0	0	0	0	0
52.092689	1	39	39	0	18892	5913	12979	14348
53.048437	2	40	5	1	0	0	39904	221	111	7240	103500	3000	1448	536	312000	40000	135	0	0	0	0	0
53.048518	1	40	40	0	18892	5913	12979	14348
54.004607	2	41	5	1	0	0	40860	221	111	7240	103500	3000	1448	536	312000	40000	135	0	0	0	0	0
54.004684	1	41	41	0	18892	5913	12979	14348
55.060744	2	42	5	1	0	0	41916	221	111	7240	103500	3000	1448	536	312000	40000	135	0	0	0	0	0
55.060830	1	42	42	0	18892	5913	12979	14348
56.016629	2	43	5	1	0	0	42872	221	111	7240	103500	3000	1448	536	312000	40000	135	0	0	0	0	0
56.016704	1	43	43	0	18892	5913	12979	14348
57.072808	2	44	5	1	0	0	43928	221	111	7240	103500	3000	1448	536	312000	40000	135	0	0	0	0	0
57.072896	1	44	44	0	18892	5913	12979	14348
58.028738	2	45	5	1	0	0	44884	221	111	7240	103500	3000	1448	536	312000	40000	135	0	0	0	0	0
58.028811	1	45	45	0	18892	5913	12979	14348
59.084885	2	46	5	1	0	0	45940	221	111	7240	103500	3000	1448	536	312000	40000	135	0	0	0	0	0
59.084973	1	46	46	0	18892	5913	12979	14348
60.040716	2	47	5	1	0	0	46896	221	111	7240	103500	3000	1448	536	312000	40000	135	0	0	0	0	0
60.040797	1	47	47	0	18892	5913	12979	14348
61.003092	2	48	5	1	0	0	47860	221	111	7240	103500	3000	1448	536	312000	40000	170	0	0	0	0	0
61.003181	1	48	48	0	18892	5913	12979	14348
62.052820	2	49	5	1	0	0	48908	221	111	7240	103500	3000	1448	536	312000	40000	135	0	0	0	0	0
62.052905	1	49	49	0	18892	5913	12979	14348
63.008640	2	50	5	1	0	0	49864	221	111	7240	103500	3000	1448	536	312000	40000	135	0	0	0	0	0
63.008720	1	50	50	0	18892	5913	12979	14348
64.072489	2	51	5	1	0	0	50928	221	111	7240	103500	3000	1448	536	312000	40000	135	0	0	0	0	0
64.072565	1	51	51	0	18892	5913	12979	14348
65.020988	2	52	5	1	0	0	51876	221	111	7240	103500	3000	1448	536	312000	40000	135	0	0	0	0	0
65.021071	1	52	52	0	18892	5913	12979	14348
66.084537	2	53	5	1	0	0	52940	221	111	7240	103500	3000	1448	536	312000	40000	135	0	0	0	0	0
66.084614	1	53	53	0	18892	5913	12979	14348
67.040450	2	54	5	1	0	0	53896	221	111	7240	103500	3000	1448	536	312000	40000	135	0	0	0	0	0
67.040535	1	54	54	0	18892	5913	12979	14348
68.003077	2	55	5	1	0	0	54860	221	111	7240	103500	3000	1448	536	312000	40000	173	0	0	0	0	0
68.003155	1	55	55	0	18892	5913	12979	14348
69.052473	2	56	5	1	0	0	55908	221	111	7240	103500	3000	1448	536	312000	40000	135	0	0	0	0	0
69.052559	1	56	56	0	18892	5913	12979	14348
70.003079	2	57	5	1	0	4	56860	221	111	7240	103500	3000	1448	536	312000	40000	135	0	0	0	0	0
70.003250	1	57	57	0	18892	5913	12979	14348
71.064611	2	58	5	1	0	0	57920	221	111	7240	103500	3000	1448	536	312000	40000	135	0	0	0	0	0
71.064697	1	58	58	0	18892	5913	12979	14348
72.020659	2	59	5	1	0	0	58876	221	111	7240	103500	3000	1448	536	312000	40000	135	0	0	0	0	0
72.020745	1	59	59	0	18892	5913	12979	14348
73.076621	2	60	5	1	0	0	59932	221	111	7240	103500	3000	1448	536	312000	40000	135	0	0	0	0	0
73.076707	1	60	60	0	18892	5913	12979	14348
74.032554	2	61	5	1	0	0	60888	221	111	7240	103500	3000	1448	536	312000	40000	135	0	0	0	0	0
74.032630	1	61	61	0	18892	5913	12979	14348
75.088959	2	62	5	1	0	0	61944	221	111	7240	103500	3000	1448	536	312000	40000	135	0	0	0	0	0
75.089050	1	62	62	0	18892	5913	12979	14348
76.044540	2	63	5	1	0	0	62900	221	111	7240	103500	3000	1448	536	312000	40000	135	0	0	0	0	0
76.044624	1	63	63	0	18892	5913	12979	14348
77.003084	2	64	5	1	0	4	63860	221	111	7240	103500	3000	1448	536	312000	40000	135	0	0	0	0	0
77.003176	1	64	64	0	18892	5913	12979	14348
78.056858	2	65	5	1	0	0	64912	221	111	7240	103500	3000	1448	536	312000	40000	135	0	0	0	0	0
78.056941	1	65	65	0	18892	5913	12979	14348
79.045109	2	66	5	1	0	0	65900	221	111	7240	108500	13000	1448	536	320000	40000	89	0	0	0	0	0
79.045197	1	66	66	0	18892	5913	12979	14348
80.040741	2	67	5	1	0	0	66896	221	111	7240	103500	3000	1448	536	312000	40000	135	0	0	0	0	0
80.040826	1	67	67	0	18892	5913	12979	14348
81.003084	2	68	5	1	0	0	67860	221	111	7240	103500	3000	1448	536	312000	40000	170	0	0	0	0	0
81.003170	1	68	68	0	18892	5913	12979	14348
82.053085	2	69	5	1	0	0	68908	221	111	7240	103500	3000	1448	536	312000	40000	135	0	0	0	0	0
82.053176	1	69	69	0	18892	5913	12979	14348
83.008832	2	70	5	1	0	0	69864	221	111	7240	103500	3000	1448	536	312000	40000	135	0	0	0	0	0
83.008921	1	70	70	0	18892	5913	12979	14348
83.555415	3	1	5	10.1.1.1	37008	htdocs/file.txt
