protocol: 5
domain: reno_10Mbps_3ms
start-time: 1424602526
sender-id: 2
app-name: tinyhttpd
schema: 0 _experiment_metadata subject:string key:string value:string 
schema: 1 _client_instrumentation measurements_injected:uint32 measurements_dropped:uint32 bytes_allocated:uint64 bytes_freed:uint64 bytes_in_use:uint64 bytes_max:uint64 
schema: 2 tinyhttpd_tcp socket:int32 state:int32 ca_state:int32 last_data_sent:int32 last_data_recv:int32 snd_cwnd:int32 snd_ssthresh:int32 rcv_ssthresh:int32 rtt:int32 rttvar:int32 snd_mss:int32 rcv_mss:int32 rto:int32 ato:int32 unacked:int32 sacked:int32 lost:int32 retrans:int32 fackets:int32 total_retrans:int32 
schema: 3 tinyhttpd_peer socket:int32 ip:string port:int32 file:string 
content: text

4.011529	2	1	5	1	0	0	976	71	75	14480	63500	13000	1448	536	260000	40000	71	0	0	0	0	0
4.012267	1	1	1	0	18883	5907	12976	14345
5.082519	2	2	5	1	0	0	2048	76	75	14480	82500	9000	1448	536	280000	40000	59	0	0	0	0	0
5.082612	1	2	2	0	18883	5907	12976	14345
6.022910	2	3	5	1	0	0	2988	76	75	14480	82500	9000	1448	536	280000	40000	59	0	0	0	0	0
6.023019	1	3	3	0	18883	5907	12976	14345
7.119641	2	4	5	1	0	0	4084	77	75	14480	83000	9000	1448	536	280000	40000	58	0	0	0	0	0
7.119732	1	4	4	0	18883	5907	12976	14345
8.059858	2	5	5	1	0	0	5024	77	75	14480	83000	9000	1448	536	280000	40000	58	0	0	0	0	0
8.059945	1	5	5	0	18883	5907	12976	14345
9.004606	2	6	5	1	0	0	5972	78	75	14480	83000	11000	1448	536	280000	40000	78	0	0	0	0	0
9.004697	1	6	6	0	18883	5907	12976	14345
10.096782	2	7	5	1	0	0	7064	78	75	14480	84500	10000	1448	536	284000	40000	57	0	0	0	0	0
10.096871	1	7	7	0	18883	5907	12976	14345
11.036821	2	8	5	1	0	0	8004	79	75	14480	84500	11000	1448	536	284000	40000	56	0	0	0	0	0
11.036913	1	8	8	0	18883	5907	12976	14345
12.133651	2	9	5	1	0	0	9100	79	75	14480	83500	9000	1448	536	280000	40000	56	0	0	0	0	0
12.133743	1	9	9	0	18883	5907	12976	14345
13.073802	2	10	5	1	0	0	10040	80	75	14480	84000	10000	1448	536	284000	40000	55	0	0	0	0	0
13.073894	1	10	10	0	18883	5907	12976	14345
14.013968	2	11	5	1	0	0	10980	80	75	14480	84000	10000	1448	536	284000	40000	55	0	0	0	0	0
14.014055	1	11	11	0	18883	5907	12976	14345
15.110660	2	12	5	1	0	0	12076	81	75	14480	90500	10000	1448	536	288000	40000	63	0	0	0	0	0
15.110752	1	12	12	0	18883	5907	12976	14345
16.050869	2	13	5	1	0	0	13016	81	75	14480	91500	11000	1448	536	288000	40000	63	0	0	0	0	0
16.050962	1	13	13	0	18883	5907	12976	14345
17.004598	2	14	5	1	0	8	13972	82	75	14480	92500	12000	1448	536	292000	40000	82	0	0	0	0	0
17.004694	1	14	14	0	18883	5907	12976	14345
18.087875	2	15	5	1	0	0	15052	82	75	14480	92500	13000	1448	536	292000	40000	61	0	0	0	0	0
18.087968	1	15	15	0	18883	5907	12976	14345
19.027901	2	16	5	1	0	0	15992	83	75	14480	93000	13000	1448	536	292000	40000	59	0	0	0	0	0
19.027983	1	16	16	0	18883	5907	12976	14345
20.124773	2	17	5	1	0	0	17092	83	75	14480	93500	13000	1448	536	292000	40000	59	0	0	0	0	0
20.124864	1	17	17	0	18883	5907	12976	14345
21.040470	2	18	5	1	0	0	18004	84	75	14480	91500	11000	1448	536	288000	40000	84	0	0	0	0	0
21.040627	1	18	18	0	18883	5907	12976	14345
22.004597	2	19	5	1	0	16	18972	84	75	14480	92000	11000	1448	536	292000	40000	84	0	0	0	0	0
22.004694	1	19	19	0	18883	5907	12976	14345
23.095165	2	20	5	1	0	44	20060	85	75	14480	90000	9000	1448	536	288000	40000	79	0	0	0	0	0
23.095257	1	20	20	0	18883	5907	12976	14345
24.024946	2	21	5	1	0	0	20992	85	75	14480	94500	8000	1448	536	292000	40000	85	0	0	0	0	0
24.025027	1	21	21	0	18883	5907	12976	14345
25.121869	2	22	5	1	0	0	22088	85	75	14480	94500	8000	1448	536	292000	40000	85	0	0	0	0	0
25.121959	1	22	22	0	18883	5907	12976	14345
26.065682	2	23	5	1	0	40	23032	86	75	14480	97000	7000	1448	536	296000	40000	74	0	0	0	0	0
26.065774	1	23	23	0	18883	5907	12976	14345
27.006205	2	24	5	1	0	40	23972	86	75	14480	97000	7000	1448	536	296000	40000	74	0	0	0	0	0
27.006294	1	24	24	0	18883	5907	12976	14345
28.002207	2	25	5	1	0	44	24968	87	75	14480	96500	8000	1448	536	296000	40000	78	0	0	0	0	0
28.002299	1	25	25	0	18883	5907	12976	14345
29.040049	2	26	5	1	0	0	26004	87	75	14480	96000	7000	1448	536	296000	40000	87	0	0	0	0	0
29.040138	1	26	26	0	18883	5907	12976	14345
30.004602	2	27	5	1	0	8	26972	88	75	14480	96500	7000	1448	536	296000	40000	88	0	0	0	0	0
30.004788	1	27	27	0	18883	5907	12976	14345
31.183222	2	28	5	1	0	0	28148	88	75	14480	99000	7000	1448	536	296000	40000	88	0	0	0	0	0
31.183315	1	28	28	0	18883	5907	12976	14345
32.127012	2	29	5	1	0	40	29092	89	75	14480	99500	6000	1448	536	296000	40000	78	0	0	0	0	0
32.127105	1	29	29	0	18883	5907	12976	14345
33.012744	2	30	5	1	0	40	29980	89	75	14480	100000	5000	1448	536	300000	40000	76	0	0	0	0	0
33.012835	1	30	30	0	18883	5907	12976	14345
34.110817	2	31	5	1	0	0	31076	90	75	14480	104000	3000	1448	536	304000	40000	90	0	0	0	0	0
34.110909	1	31	31	0	18883	5907	12976	14345
35.064803	2	32	5	1	0	0	32032	90	75	14480	107000	4000	1448	536	304000	40000	90	0	0	0	0	0
35.064896	1	32	32	0	18883	5907	12976	14345
36.095545	2	33	5	1	0	0	33060	90	75	14480	107500	3000	1448	536	304000	40000	90	0	0	0	0	0
36.095638	1	33	33	0	18883	5907	12976	14345
37.004596	2	34	5	1	0	8	33972	91	75	14480	113000	14000	1448	536	312000	40000	91	0	0	0	0	0
37.004690	1	34	34	0	18883	5907	12976	14345
38.094627	2	35	5	1	0	0	35060	91	75	14480	120000	22000	1448	536	320000	40000	90	0	0	0	0	0
38.094719	1	35	35	0	18883	5907	12976	14345
39.034000	2	36	5	1	0	0	36000	91	75	14480	122000	25000	1448	536	320000	40000	90	0	0	0	0	0
39.034091	1	36	36	0	18883	5907	12976	14345
40.129890	2	37	5	1	0	0	37096	92	75	14480	121500	26000	1448	536	320000	40000	90	0	0	0	0	0
40.129980	1	37	37	0	18883	5907	12976	14345
41.071055	2	38	5	1	0	0	38036	92	75	14480	114000	16000	1448	536	312000	40000	90	0	0	0	0	0
41.071148	1	38	38	0	18883	5907	12976	14345
42.011124	2	39	5	1	0	0	38976	92	75	14480	114500	17000	1448	536	312000	40000	90	0	0	0	0	0
42.011223	1	39	39	0	18883	5907	12976	14345
43.109317	2	40	5	1	0	0	40076	93	75	14480	114000	17000	1448	536	312000	40000	90	0	0	0	0	0
43.109410	1	40	40	0	18883	5907	12976	14345
44.049272	2	41	5	1	0	0	41016	93	75	14480	114000	17000	1448	536	312000	40000	90	0	0	0	0	0
44.049358	1	41	41	0	18883	5907	12976	14345
45.146045	2	42	5	1	0	0	42112	94	75	14480	113500	16000	1448	536	312000	40000	90	0	0	0	0	0
45.146138	1	42	42	0	18883	5907	12976	14345
46.089970	2	43	5	1	0	0	43056	94	75	14480	114000	15000	1448	536	312000	40000	90	0	0	0	0	0
46.090067	1	43	43	0	18883	5907	12976	14345
47.027680	2	44	5	1	0	0	43992	94	75	14480	113500	16000	1448	536	312000	40000	90	0	0	0	0	0
47.027773	1	44	44	0	18883	5907	12976	14345
48.125724	2	45	5	1	0	0	45092	95	75	14480	113000	15000	1448	536	312000	40000	90	0	0	0	0	0
48.125818	1	45	45	0	18883	5907	12976	14345
49.065760	2	46	5	1	0	0	46032	95	75	14480	113000	15000	1448	536	312000	40000	90	0	0	0	0	0
49.065846	1	46	46	0	18883	5907	12976	14345
50.005917	2	47	5	1	0	0	46972	95	75	14480	113000	15000	1448	536	312000	40000	90	0	0	0	0	0
50.006006	1	47	47	0	18883	5907	12976	14345
51.103881	2	48	5	1	0	0	48068	96	75	14480	112500	17000	1448	536	312000	40000	90	0	0	0	0	0
51.103974	1	48	48	0	18883	5907	12976	14345
52.043847	2	49	5	1	0	0	49008	96	75	14480	112500	15000	1448	536	312000	40000	90	0	0	0	0	0
52.043939	1	49	49	0	18883	5907	12976	14345
53.141991	2	50	5	1	0	0	50108	97	75	14480	112500	15000	1448	536	312000	40000	90	0	0	0	0	0
53.142102	1	50	50	0	18883	5907	12976	14345
54.082167	2	51	5	1	0	0	51048	97	75	14480	112500	15000	1448	536	312000	40000	90	0	0	0	0	0
54.082261	1	51	51	0	18883	5907	12976	14345
55.022087	2	52	5	1	0	0	51988	97	75	14480	112500	16000	1448	536	312000	40000	90	0	0	0	0	0
55.022163	1	52	52	0	18883	5907	12976	14345
56.110741	2	53	5	1	0	0	53076	98	75	14480	112000	16000	1448	536	312000	40000	90	0	0	0	0	0
56.110835	1	53	53	0	18883	5907	12976	14345
57.154824	2	54	5	1	0	0	54120	98	75	14480	112500	17000	1448	536	312000	40000	90	0	0	0	0	0
57.154918	1	54	54	0	18883	5907	12976	14345
58.004595	2	55	5	1	0	8	54972	98	75	14480	113000	17000	1448	536	312000	40000	98	0	0	0	0	0
58.004689	1	55	55	0	18883	5907	12976	14345
59.033923	2	56	5	1	0	0	56000	99	75	14480	112500	16000	1448	536	312000	40000	90	0	0	0	0	0
59.034016	1	56	56	0	18883	5907	12976	14345
60.078025	2	57	5	1	0	0	57044	99	75	14480	112500	17000	1448	536	312000	40000	90	0	0	0	0	0
60.078115	1	57	57	0	18883	5907	12976	14345
61.122025	2	58	5	1	0	0	58088	99	75	14480	112500	17000	1448	536	312000	40000	90	0	0	0	0	0
61.122208	1	58	58	0	18883	5907	12976	14345
62.165913	2	59	5	1	0	0	59132	100	75	14480	113000	17000	1448	536	312000	40000	90	0	0	0	0	0
62.166006	1	59	59	0	18883	5907	12976	14345
63.004599	2	60	5	1	0	4	59972	100	75	14480	113000	17000	1448	536	312000	40000	90	0	0	0	0	0
63.004692	1	60	60	0	18883	5907	12976	14345
64.045261	2	61	5	1	0	0	61012	100	75	14480	113500	17000	1448	536	312000	40000	90	0	0	0	0	0
64.045352	1	61	61	0	18883	5907	12976	14345
65.089283	2	62	5	1	0	0	62056	100	75	14480	113500	17000	1448	536	312000	40000	90	0	0	0	0	0
65.089375	1	62	62	0	18883	5907	12976	14345
66.133053	2	63	5	1	0	0	63100	101	75	14480	113000	17000	1448	536	312000	40000	90	0	0	0	0	0
66.133144	1	63	63	0	18883	5907	12976	14345
67.177328	2	64	5	1	0	0	64144	101	75	14480	113000	17000	1448	536	312000	40000	90	0	0	0	0	0
67.177421	1	64	64	0	18883	5907	12976	14345
68.012787	2	65	5	1	0	0	64980	101	75	14480	113000	16000	1448	536	312000	40000	90	0	0	0	0	0
68.012877	1	65	65	0	18883	5907	12976	14345
69.056515	2	66	5	1	0	0	66020	102	75	14480	112500	18000	1448	536	312000	40000	90	0	0	0	0	0
69.056605	1	66	66	0	18883	5907	12976	14345
70.100473	2	67	5	1	0	0	67064	102	75	14480	112500	17000	1448	536	312000	40000	90	0	0	0	0	0
70.100560	1	67	67	0	18883	5907	12976	14345
71.144580	2	68	5	1	0	4	68112	102	75	14480	111500	17000	1448	536	308000	40000	90	0	0	0	0	0
71.144671	1	68	68	0	18883	5907	12976	14345
72.188593	2	69	5	1	0	4	69156	102	75	14480	112500	17000	1448	536	312000	40000	90	0	0	0	0	0
72.188684	1	69	69	0	18883	5907	12976	14345
73.023812	2	70	5	1	0	0	69988	103	75	14480	112000	17000	1448	536	312000	40000	90	0	0	0	0	0
73.023898	1	70	70	0	18883	5907	12976	14345
74.067901	2	71	5	1	0	0	71032	103	75	14480	112000	17000	1448	536	312000	40000	90	0	0	0	0	0
74.067995	1	71	71	0	18883	5907	12976	14345
75.111851	2	72	5	1	0	0	72076	103	75	14480	112000	17000	1448	536	312000	40000	90	0	0	0	0	0
75.111938	1	72	72	0	18883	5907	12976	14345
76.156023	2	73	5	1	0	0	73120	103	75	14480	112000	17000	1448	536	312000	40000	90	0	0	0	0	0
76.156114	1	73	73	0	18883	5907	12976	14345
77.000594	2	74	5	1	0	4	73968	104	75	14480	112000	18000	1448	536	312000	40000	104	0	0	0	0	0
77.000687	1	74	74	0	18883	5907	12976	14345
78.035216	2	75	5	1	0	0	75000	104	75	14480	112000	18000	1448	536	312000	40000	90	0	0	0	0	0
78.035309	1	75	75	0	18883	5907	12976	14345
79.079113	2	76	5	1	0	0	76044	104	75	14480	112000	18000	1448	536	312000	40000	90	0	0	0	0	0
79.079200	1	76	76	0	18883	5907	12976	14345
80.036166	2	77	5	1	0	0	77000	105	75	14480	116000	15000	1448	536	316000	40000	90	0	0	0	0	0
80.036251	1	77	77	0	18883	5907	12976	14345
81.132537	2	78	5	1	0	0	78096	105	75	14480	120000	10000	1448	536	320000	40000	90	0	0	0	0	0
81.132630	1	78	78	0	18883	5907	12976	14345
82.072452	2	79	5	1	0	0	79036	105	75	14480	120000	10000	1448	536	320000	40000	90	0	0	0	0	0
82.072544	1	79	79	0	18883	5907	12976	14345
83.012188	2	80	5	1	0	0	79976	105	75	14480	120000	10000	1448	536	320000	40000	90	0	0	0	0	0
83.012279	1	80	80	0	18883	5907	12976	14345
84.110044	2	81	5	1	0	0	81076	106	75	14480	120000	9000	1448	536	320000	40000	90	0	0	0	0	0
84.110136	1	81	81	0	18883	5907	12976	14345
85.050578	2	82	5	1	0	0	82016	106	75	14480	119000	9000	1448	536	316000	40000	90	0	0	0	0	0
85.050663	1	82	82	0	18883	5907	12976	14345
86.146852	2	83	5	1	0	0	83112	107	75	14480	118000	8000	1448	536	316000	40000	90	0	0	0	0	0
86.146945	1	83	83	0	18883	5907	12976	14345
87.088081	2	84	5	1	0	0	84052	107	75	14480	118000	9000	1448	536	316000	40000	90	0	0	0	0	0
87.088175	1	84	84	0	18883	5907	12976	14345
88.028483	2	85	5	1	0	0	84992	107	75	14480	118000	9000	1448	536	316000	40000	90	0	0	0	0	0
88.028576	1	85	85	0	18883	5907	12976	14345
89.126287	2	86	5	1	0	0	86092	108	75	14480	121000	11000	1448	536	320000	40000	90	0	0	0	0	0
89.126380	1	86	86	0	18883	5907	12976	14345
90.066385	2	87	5	1	0	0	87032	108	75	14480	120000	11000	1448	536	320000	40000	90	0	0	0	0	0
90.066459	1	87	87	0	18883	5907	12976	14345
91.006568	2	88	5	1	0	0	87972	108	75	14480	119500	11000	1448	536	316000	40000	90	0	0	0	0	0
91.006659	1	88	88	0	18883	5907	12976	14345
92.104502	2	89	5	1	0	0	89068	109	75	14480	118000	9000	1448	536	316000	40000	90	0	0	0	0	0
92.104595	1	89	89	0	18883	5907	12976	14345
93.044759	2	90	5	1	0	0	90012	109	75	14480	118500	11000	1448	536	316000	40000	90	0	0	0	0	0
93.044851	1	90	90	0	18883	5907	12976	14345
94.141464	2	91	5	1	0	0	91108	109	75	14480	120500	12000	1448	536	320000	40000	90	0	0	0	0	0
94.141558	1	91	91	0	18883	5907	12976	14345
95.082791	2	92	5	1	0	0	92048	110	75	14480	120000	12000	1448	536	320000	40000	90	0	0	0	0	0
95.082875	1	92	92	0	18883	5907	12976	14345
96.022904	2	93	5	1	0	0	92988	110	75	14480	120000	12000	1448	536	320000	40000	90	0	0	0	0	0
96.022993	1	93	93	0	18883	5907	12976	14345
97.119885	2	94	5	1	0	0	94084	110	75	14480	116500	11000	1448	536	316000	40000	90	0	0	0	0	0
97.119978	1	94	94	0	18883	5907	12976	14345
98.060831	2	95	5	1	0	0	95028	111	75	14480	117500	11000	1448	536	316000	40000	90	0	0	0	0	0
98.060922	1	95	95	0	18883	5907	12976	14345
99.004598	2	96	5	1	0	4	95972	111	75	14480	118000	13000	1448	536	316000	40000	90	0	0	0	0	0
99.004693	1	96	96	0	18883	5907	12976	14345
100.098158	2	97	5	1	0	0	97064	111	75	14480	121000	12000	1448	536	320000	40000	90	0	0	0	0	0
100.098246	1	97	97	0	18883	5907	12976	14345
101.039207	2	98	5	1	0	0	98004	112	75	14480	121000	14000	1448	536	320000	40000	90	0	0	0	0	0
101.039298	1	98	98	0	18883	5907	12976	14345
102.135580	2	99	5	1	0	0	99100	112	75	14480	121000	15000	1448	536	320000	40000	90	0	0	0	0	0
102.135674	1	99	99	0	18883	5907	12976	14345
103.075591	2	100	5	1	0	0	100040	112	75	14480	121000	14000	1448	536	320000	40000	90	0	0	0	0	0
103.075686	1	100	100	0	18883	5907	12976	14345
104.015326	2	101	5	1	0	0	100980	112	75	14480	121000	15000	1448	536	320000	40000	90	0	0	0	0	0
104.015420	1	101	101	0	18883	5907	12976	14345
105.112737	2	102	5	1	0	0	102080	113	75	14480	121500	16000	1448	536	320000	40000	113	0	0	0	0	0
105.112826	1	102	102	0	18883	5907	12976	14345
106.052096	2	103	5	1	0	0	103016	113	75	14480	121000	14000	1448	536	320000	40000	113	0	0	0	0	0
106.052187	1	103	103	0	18883	5907	12976	14345
107.004597	2	104	5	1	0	16	103972	113	75	14480	121500	14000	1448	536	320000	40000	113	0	0	0	0	0
107.004693	1	104	104	0	18883	5907	12976	14345
108.087625	2	105	5	1	0	0	105052	113	75	14480	121500	14000	1448	536	320000	40000	113	0	0	0	0	0
108.087720	1	105	105	0	18883	5907	12976	14345
109.027033	2	106	5	1	0	0	105992	113	75	14480	121500	16000	1448	536	320000	40000	113	0	0	0	0	0
109.027119	1	106	106	0	18883	5907	12976	14345
110.124378	2	107	5	1	0	0	107088	114	75	14480	121500	16000	1448	536	320000	40000	114	0	0	0	0	0
110.124471	1	107	107	0	18883	5907	12976	14345
111.063749	2	108	5	1	0	0	108028	114	75	14480	121500	16000	1448	536	320000	40000	114	0	0	0	0	0
111.063843	1	108	108	0	18883	5907	12976	14345
112.003207	2	109	5	1	0	0	108968	114	75	14480	121500	16000	1448	536	320000	40000	114	0	0	0	0	0
112.003301	1	109	109	0	18883	5907	12976	14345
113.099247	2	110	5	1	0	0	110064	114	75	14480	121500	16000	1448	536	320000	40000	114	0	0	0	0	0
113.099342	1	110	110	0	18883	5907	12976	14345
114.039972	2	111	5	1	0	0	111004	115	75	14480	121500	16000	1448	536	320000	40000	115	0	0	0	0	0
114.040064	1	111	111	0	18883	5907	12976	14345
115.135914	2	112	5	1	0	0	112100	115	75	14480	121500	16000	1448	536	320000	40000	115	0	0	0	0	0
115.136009	1	112	112	0	18883	5907	12976	14345
116.075291	2	113	5	1	0	0	113040	115	75	14480	121500	16000	1448	536	320000	40000	115	0	0	0	0	0
116.075400	1	113	113	0	18883	5907	12976	14345
117.014779	2	114	5	1	0	0	113980	115	75	14480	121500	16000	1448	536	320000	40000	115	0	0	0	0	0
117.014872	1	114	114	0	18883	5907	12976	14345
118.110837	2	115	5	1	0	0	115076	115	75	14480	121500	16000	1448	536	320000	40000	115	0	0	0	0	0
118.110932	1	115	115	0	18883	5907	12976	14345
119.051382	2	116	5	1	0	0	116016	116	75	14480	121500	16000	1448	536	320000	40000	116	0	0	0	0	0
119.051477	1	116	116	0	18883	5907	12976	14345
120.147426	2	117	5	1	0	0	117112	116	75	14480	121500	15000	1448	536	320000	40000	116	0	0	0	0	0
120.147514	1	117	117	0	18883	5907	12976	14345
121.086787	2	118	5	1	0	0	118052	116	75	14480	122000	17000	1448	536	320000	40000	116	0	0	0	0	0
121.086879	1	118	118	0	18883	5907	12976	14345
122.026243	2	119	5	1	0	0	118992	116	75	14480	121500	16000	1448	536	320000	40000	116	0	0	0	0	0
122.026336	1	119	119	0	18883	5907	12976	14345
123.123444	2	120	5	1	0	0	120088	117	75	14480	121500	16000	1448	536	320000	40000	117	0	0	0	0	0
123.123539	1	120	120	0	18883	5907	12976	14345
124.062985	2	121	5	1	0	0	121028	117	75	14480	121500	16000	1448	536	320000	40000	117	0	0	0	0	0
124.063077	1	121	121	0	18883	5907	12976	14345
125.004599	2	122	5	1	0	4	121972	117	75	14480	121500	16000	1448	536	320000	40000	117	0	0	0	0	0
125.004688	1	122	122	0	18883	5907	12976	14345
125.944947	3	1	5	10.1.1.1	45225	htdocs/file.txt
