protocol: 5
domain: reno_500Mbps_200ms
start-time: 1424584242
sender-id: 2
app-name: tinyhttpd
schema: 0 _experiment_metadata subject:string key:string value:string 
schema: 1 _client_instrumentation measurements_injected:uint32 measurements_dropped:uint32 bytes_allocated:uint64 bytes_freed:uint64 bytes_in_use:uint64 bytes_max:uint64 
schema: 2 tinyhttpd_tcp socket:int32 state:int32 ca_state:int32 last_data_sent:int32 last_data_recv:int32 snd_cwnd:int32 snd_ssthresh:int32 rcv_ssthresh:int32 rtt:int32 rttvar:int32 snd_mss:int32 rcv_mss:int32 rto:int32 ato:int32 unacked:int32 sacked:int32 lost:int32 retrans:int32 fackets:int32 total_retrans:int32 
schema: 3 tinyhttpd_peer socket:int32 ip:string port:int32 file:string 
content: text

8.396753	2	1	5	1	0	0	1208	19	111	7240	206500	7000	1448	536	512000	40000	13	0	0	0	0	0
8.397432	1	1	1	0	18892	5913	12979	14348
9.200969	2	2	5	1	0	0	2012	30	111	7240	203500	4000	1448	536	436000	40000	25	0	0	0	0	0
9.201039	1	2	2	0	18892	5913	12979	14348
10.205883	2	3	5	1	0	0	3016	43	111	7240	203500	3000	1448	536	412000	40000	43	0	0	0	0	0
10.205960	1	3	3	0	18892	5913	12979	14348
11.009742	2	4	5	1	0	0	3820	55	111	7240	203500	3000	1448	536	412000	40000	55	0	0	0	0	0
11.009835	1	4	4	0	18892	5913	12979	14348
12.220963	2	5	5	1	0	0	5032	71	111	7240	203500	4000	1448	536	412000	40000	71	0	0	0	0	0
12.221037	1	5	5	0	18892	5913	12979	14348
13.026791	2	6	5	1	0	0	5836	85	111	7240	203500	3000	1448	536	412000	40000	85	0	0	0	0	0
13.026863	1	6	6	0	18892	5913	12979	14348
14.030545	2	7	5	1	0	180	6840	105	111	7240	203500	3000	1448	536	412000	40000	87	0	0	0	0	0
14.030643	1	7	7	0	18892	5913	12979	14348
15.242896	2	8	5	1	0	0	8052	112	111	7240	203500	3000	1448	536	412000	40000	90	0	0	0	0	0
15.242992	1	8	8	0	18892	5913	12979	14348
16.058455	2	9	5	1	0	0	8868	112	111	7240	203500	3000	1448	536	412000	40000	90	0	0	0	0	0
16.058537	1	9	9	0	18892	5913	12979	14348
17.282277	2	10	5	1	0	0	10092	112	111	7240	203500	3000	1448	536	412000	40000	90	0	0	0	0	0
17.282366	1	10	10	0	18892	5913	12979	14348
18.100821	2	11	5	1	0	0	10912	112	111	7240	203500	3000	1448	536	412000	40000	90	0	0	0	0	0
18.100892	1	11	11	0	18892	5913	12979	14348
19.320919	2	12	5	1	0	0	12132	112	111	7240	203500	4000	1448	536	412000	40000	92	0	0	0	0	0
19.321005	1	12	12	0	18892	5913	12979	14348
20.153808	2	13	5	1	0	0	12964	113	111	7240	203500	3000	1448	536	412000	40000	90	0	0	0	0	0
20.153882	1	13	13	0	18892	5913	12979	14348
21.329863	2	14	5	1	0	0	14140	113	111	7240	203500	3000	1448	536	412000	40000	113	0	0	0	0	0
21.329957	1	14	14	0	18892	5913	12979	14348
22.133413	2	15	5	1	0	0	14944	113	111	7240	203500	3000	1448	536	412000	40000	113	0	0	0	0	0
22.133485	1	15	15	0	18892	5913	12979	14348
23.152268	2	16	5	1	0	0	15964	113	111	7240	203500	3000	1448	536	412000	40000	113	0	0	0	0	0
23.152349	1	16	16	0	18892	5913	12979	14348
24.171280	2	17	5	1	0	0	16984	113	111	7240	204000	4000	1448	536	416000	40000	113	0	0	0	0	0
24.171353	1	17	17	0	18892	5913	12979	14348
25.146899	2	18	5	1	0	0	17956	113	111	7240	203500	3000	1448	536	412000	40000	113	0	0	0	0	0
25.146990	1	18	18	0	18892	5913	12979	14348
26.180210	2	19	5	1	0	0	18992	113	111	7240	203500	3000	1448	536	412000	40000	90	0	0	0	0	0
26.180301	1	19	19	0	18892	5913	12979	14348
27.357205	2	20	5	1	0	0	20168	114	111	7240	203500	3000	1448	536	412000	40000	114	0	0	0	0	0
27.357314	1	20	20	0	18892	5913	12979	14348
28.175260	2	21	5	1	0	0	20988	114	111	7240	204000	4000	1448	536	416000	40000	114	0	0	0	0	0
28.175336	1	21	21	0	18892	5913	12979	14348
29.200646	2	22	5	1	0	0	22012	114	111	7240	203500	4000	1448	536	412000	40000	114	0	0	0	0	0
29.200729	1	22	22	0	18892	5913	12979	14348
30.007079	2	23	5	1	0	4	22820	114	111	7240	203500	4000	1448	536	412000	40000	114	0	0	0	0	0
30.007157	1	23	23	0	18892	5913	12979	14348
31.175339	2	24	5	1	0	0	23988	114	111	7240	204000	4000	1448	536	416000	40000	114	0	0	0	0	0
31.175453	1	24	24	0	18892	5913	12979	14348
32.214165	2	25	5	1	0	0	25024	114	111	7240	203500	3000	1448	536	412000	40000	114	0	0	0	0	0
32.214250	1	25	25	0	18892	5913	12979	14348
33.192106	2	26	5	1	0	0	26004	114	111	7240	204000	4000	1448	536	416000	40000	90	0	0	0	0	0
33.192282	1	26	26	0	18892	5913	12979	14348
34.029793	2	27	5	1	0	0	26840	115	111	7240	203500	3000	1448	536	412000	40000	90	0	0	0	0	0
34.029870	1	27	27	0	18892	5913	12979	14348
35.003086	2	28	5	1	0	4	27816	115	111	7240	203500	3000	1448	536	412000	40000	115	0	0	0	0	0
35.003178	1	28	28	0	18892	5913	12979	14348
36.217531	2	29	5	1	0	0	29028	115	111	7240	203500	3000	1448	536	412000	40000	115	0	0	0	0	0
36.217622	1	29	29	0	18892	5913	12979	14348
37.061079	2	30	5	1	0	4	29872	115	111	7240	203500	3000	1448	536	412000	40000	90	0	0	0	0	0
37.061169	1	30	30	0	18892	5913	12979	14348
38.048106	2	31	5	1	0	0	30860	115	111	7240	203500	3000	1448	536	412000	40000	115	0	0	0	0	0
38.048209	1	31	31	0	18892	5913	12979	14348
39.253603	2	32	5	1	0	0	32064	115	111	7240	203500	3000	1448	536	412000	40000	115	0	0	0	0	0
39.253717	1	32	32	0	18892	5913	12979	14348
40.093524	2	33	5	1	0	4	32904	116	111	7240	203500	3000	1448	536	412000	40000	90	0	0	0	0	0
40.093601	1	33	33	0	18892	5913	12979	14348
41.277259	2	34	5	1	0	0	34088	116	111	7240	203500	3000	1448	536	412000	40000	116	0	0	0	0	0
41.277390	1	34	34	0	18892	5913	12979	14348
42.081192	2	35	5	1	0	0	34892	116	111	7240	203500	3000	1448	536	412000	40000	116	0	0	0	0	0
42.081300	1	35	35	0	18892	5913	12979	14348
43.287069	2	36	5	1	0	4	36100	116	111	7240	203500	3000	1448	536	412000	40000	116	0	0	0	0	0
43.287158	1	36	36	0	18892	5913	12979	14348
44.119200	2	37	5	1	0	0	36932	116	111	7240	204000	4000	1448	536	416000	40000	116	0	0	0	0	0
44.119277	1	37	37	0	18892	5913	12979	14348
45.107931	2	38	5	1	0	0	37920	116	111	7240	204000	4000	1448	536	416000	40000	116	0	0	0	0	0
45.108024	1	38	38	0	18892	5913	12979	14348
46.324490	2	39	5	1	0	0	39136	117	111	7240	203500	3000	1448	536	412000	40000	90	0	0	0	0	0
46.324584	1	39	39	0	18892	5913	12979	14348
47.156680	2	40	5	1	0	0	39968	117	111	7240	203500	3000	1448	536	412000	40000	90	0	0	0	0	0
47.156757	1	40	40	0	18892	5913	12979	14348
48.144294	2	41	5	1	0	0	40956	117	111	7240	203500	3000	1448	536	412000	40000	90	0	0	0	0	0
48.144371	1	41	41	0	18892	5913	12979	14348
49.350381	2	42	5	1	0	0	42160	117	111	7240	203500	3000	1448	536	412000	40000	117	0	0	0	0	0
49.350463	1	42	42	0	18892	5913	12979	14348
50.154333	2	43	5	1	0	0	42964	117	111	7240	203500	3000	1448	536	412000	40000	117	0	0	0	0	0
50.154422	1	43	43	0	18892	5913	12979	14348
51.003085	2	44	5	1	0	4	43816	118	111	7240	204000	4000	1448	536	416000	40000	118	0	0	0	0	0
51.003177	1	44	44	0	18892	5913	12979	14348
52.216289	2	45	5	1	0	0	45028	118	111	7240	203500	3000	1448	536	412000	40000	90	0	0	0	0	0
52.216380	1	45	45	0	18892	5913	12979	14348
53.190909	2	46	5	1	0	0	46000	118	111	7240	203500	3000	1448	536	412000	40000	90	0	0	0	0	0
53.191019	1	46	46	0	18892	5913	12979	14348
54.024753	2	47	5	1	0	0	46836	118	111	7240	203500	3000	1448	536	412000	40000	118	0	0	0	0	0
54.024827	1	47	47	0	18892	5913	12979	14348
55.199859	2	48	5	1	0	0	48012	118	111	7240	204000	4000	1448	536	416000	40000	118	0	0	0	0	0
55.199949	1	48	48	0	18892	5913	12979	14348
56.033312	2	49	5	1	0	0	48844	118	111	7240	203500	3000	1448	536	412000	40000	118	0	0	0	0	0
56.033389	1	49	49	0	18892	5913	12979	14348
57.008022	2	50	5	1	0	0	49820	119	111	7240	203500	3000	1448	536	412000	40000	119	0	0	0	0	0
57.008112	1	50	50	0	18892	5913	12979	14348
58.213911	2	51	5	1	0	0	51024	119	111	7240	203500	3000	1448	536	412000	40000	90	0	0	0	0	0
58.213996	1	51	51	0	18892	5913	12979	14348
59.047239	2	52	5	1	0	0	51860	119	111	7240	204000	4000	1448	536	416000	40000	119	0	0	0	0	0
59.047319	1	52	52	0	18892	5913	12979	14348
60.022126	2	53	5	1	0	0	52832	119	111	7240	203500	3000	1448	536	412000	40000	119	0	0	0	0	0
60.022207	1	53	53	0	18892	5913	12979	14348
61.228093	2	54	5	1	0	0	54040	119	111	7240	203500	3000	1448	536	412000	40000	119	0	0	0	0	0
61.228185	1	54	54	0	18892	5913	12979	14348
62.232612	2	55	5	1	0	0	55044	119	111	7240	203500	3000	1448	536	412000	40000	119	0	0	0	0	0
62.232705	1	55	55	0	18892	5913	12979	14348
63.054955	2	56	5	1	0	0	55864	120	111	7240	203500	3000	1448	536	412000	40000	120	0	0	0	0	0
63.055028	1	56	56	0	18892	5913	12979	14348
64.040666	2	57	5	1	0	0	56852	120	111	7240	203500	3000	1448	536	412000	40000	120	0	0	0	0	0
64.040816	1	57	57	0	18892	5913	12979	14348
65.045143	2	58	5	1	0	0	57856	120	111	7240	203500	3000	1448	536	412000	40000	120	0	0	0	0	0
65.045228	1	58	58	0	18892	5913	12979	14348
66.274062	2	59	5	1	0	0	59084	120	111	7240	203500	3000	1448	536	412000	40000	120	0	0	0	0	0
66.274156	1	59	59	0	18892	5913	12979	14348
67.101895	2	60	5	1	0	4	59912	120	111	7240	203500	3000	1448	536	412000	40000	90	0	0	0	0	0
67.101970	1	60	60	0	18892	5913	12979	14348
68.093658	2	61	5	1	0	180	60904	120	111	7240	203500	3000	1448	536	412000	40000	90	0	0	0	0	0
68.093742	1	61	61	0	18892	5913	12979	14348
69.103541	2	62	5	1	0	0	61916	120	111	7240	204000	4000	1448	536	416000	40000	120	0	0	0	0	0
69.103618	1	62	62	0	18892	5913	12979	14348
70.107929	2	63	5	1	0	0	62920	121	111	7240	203500	3000	1448	536	412000	40000	121	0	0	0	0	0
70.108015	1	63	63	0	18892	5913	12979	14348
71.313485	2	64	5	1	0	0	64124	121	111	7240	203500	3000	1448	536	412000	40000	121	0	0	0	0	0
71.313582	1	64	64	0	18892	5913	12979	14348
72.141165	2	65	5	1	0	0	64952	121	111	7240	203500	3000	1448	536	412000	40000	90	0	0	0	0	0
72.141252	1	65	65	0	18892	5913	12979	14348
73.133747	2	66	5	1	0	0	65944	121	111	7240	203500	3000	1448	536	412000	40000	121	0	0	0	0	0
73.133835	1	66	66	0	18892	5913	12979	14348
74.339052	2	67	5	1	0	4	67152	121	111	7240	203500	3000	1448	536	412000	40000	121	0	0	0	0	0
74.339139	1	67	67	0	18892	5913	12979	14348
75.166550	2	68	5	1	0	4	67976	121	111	7240	203500	3000	1448	536	412000	40000	90	0	0	0	0	0
75.166641	1	68	68	0	18892	5913	12979	14348
76.147928	2	69	5	1	0	0	68960	122	111	7240	204000	4000	1448	536	416000	40000	122	0	0	0	0	0
76.148009	1	69	69	0	18892	5913	12979	14348
77.364921	2	70	5	1	0	0	70176	122	111	7240	203500	3000	1448	536	412000	40000	122	0	0	0	0	0
77.365014	1	70	70	0	18892	5913	12979	14348
78.193796	2	71	5	1	0	0	71004	122	111	7240	203500	3000	1448	536	412000	40000	90	0	0	0	0	0
78.193880	1	71	71	0	18892	5913	12979	14348
79.173474	2	72	5	1	0	0	71984	122	111	7240	203500	3000	1448	536	412000	40000	122	0	0	0	0	0
79.173556	1	72	72	0	18892	5913	12979	14348
80.013786	2	73	5	1	0	0	72824	122	111	7240	203500	3000	1448	536	412000	40000	90	0	0	0	0	0
80.013863	1	73	73	0	18892	5913	12979	14348
81.003075	2	74	5	1	0	12	73816	122	111	7240	203500	3000	1448	536	412000	40000	122	0	0	0	0	0
81.003168	1	74	74	0	18892	5913	12979	14348
82.211934	2	75	5	1	0	0	75024	123	111	7240	204000	4000	1448	536	416000	40000	123	0	0	0	0	0
82.212025	1	75	75	0	18892	5913	12979	14348
83.038999	2	76	5	1	0	4	75848	123	111	7240	203500	3000	1448	536	412000	40000	90	0	0	0	0	0
83.039085	1	76	76	0	18892	5913	12979	14348
84.031922	2	77	5	1	0	0	76844	123	111	7240	204000	4000	1448	536	416000	40000	123	0	0	0	0	0
84.032006	1	77	77	0	18892	5913	12979	14348
85.249449	2	78	5	1	0	0	78060	123	111	7240	203500	3000	1448	536	412000	40000	123	0	0	0	0	0
85.249540	1	78	78	0	18892	5913	12979	14348
86.078197	2	79	5	1	0	0	78888	123	111	7240	203500	3000	1448	536	412000	40000	90	0	0	0	0	0
86.078273	1	79	79	0	18892	5913	12979	14348
87.058243	2	80	5	1	0	0	79868	123	111	7240	203500	3000	1448	536	412000	40000	123	0	0	0	0	0
87.058336	1	80	80	0	18892	5913	12979	14348
88.264081	2	81	5	1	0	0	81076	123	111	7240	203500	3000	1448	536	412000	40000	123	0	0	0	0	0
88.264175	1	81	81	0	18892	5913	12979	14348
89.269027	2	82	5	1	0	0	82080	124	111	7240	203500	3000	1448	536	412000	40000	124	0	0	0	0	0
89.269102	1	82	82	0	18892	5913	12979	14348
90.273927	2	83	5	1	0	0	83084	124	111	7240	203500	3000	1448	536	412000	40000	124	0	0	0	0	0
90.274019	1	83	83	0	18892	5913	12979	14348
91.278701	2	84	5	1	0	0	84088	124	111	7240	203500	3000	1448	536	412000	40000	124	0	0	0	0	0
91.278792	1	84	84	0	18892	5913	12979	14348
92.283648	2	85	5	1	0	0	85096	124	111	7240	204000	4000	1448	536	416000	40000	124	0	0	0	0	0
92.283734	1	85	85	0	18892	5913	12979	14348
93.288480	2	86	5	1	0	0	86100	124	111	7240	203500	3000	1448	536	412000	40000	124	0	0	0	0	0
93.288557	1	86	86	0	18892	5913	12979	14348
94.113891	2	87	5	1	0	4	86924	124	111	7240	203500	3000	1448	536	412000	40000	90	0	0	0	0	0
94.113964	1	87	87	0	18892	5913	12979	14348
95.117579	2	88	5	1	0	4	87928	125	111	7240	203500	3000	1448	536	412000	40000	90	0	0	0	0	0
95.117757	1	88	88	0	18892	5913	12979	14348
96.121627	2	89	5	1	0	4	88932	125	111	7240	203500	3000	1448	536	412000	40000	90	0	0	0	0	0
96.121709	1	89	89	0	18892	5913	12979	14348
97.125440	2	90	5	1	0	4	89936	125	111	7240	203500	3000	1448	536	412000	40000	90	0	0	0	0	0
97.125531	1	90	90	0	18892	5913	12979	14348
98.312124	2	91	5	1	0	0	91124	125	111	7240	203500	3000	1448	536	412000	40000	90	0	0	0	0	0
98.312223	1	91	91	0	18892	5913	12979	14348
99.115552	2	92	5	1	0	0	91928	125	111	7240	204000	4000	1448	536	416000	40000	125	0	0	0	0	0
99.115628	1	92	92	0	18892	5913	12979	14348
100.119828	2	93	5	1	0	0	92932	125	111	7240	204000	4000	1448	536	416000	40000	125	0	0	0	0	0
100.119904	1	93	93	0	18892	5913	12979	14348
101.336482	2	94	5	1	0	0	94148	125	111	7240	203500	3000	1448	536	412000	40000	125	0	0	0	0	0
101.336570	1	94	94	0	18892	5913	12979	14348
102.160010	2	95	5	1	0	4	94972	126	111	7240	203500	3000	1448	536	412000	40000	90	0	0	0	0	0
102.160105	1	95	95	0	18892	5913	12979	14348
103.144704	2	96	5	1	0	0	95956	126	111	7240	203500	3000	1448	536	412000	40000	126	0	0	0	0	0
103.144791	1	96	96	0	18892	5913	12979	14348
104.361272	2	97	5	1	0	0	97172	126	111	7240	203500	3000	1448	536	412000	40000	126	0	0	0	0	0
104.361360	1	97	97	0	18892	5913	12979	14348
105.182906	2	98	5	1	0	0	97992	126	111	7240	203500	3000	1448	536	412000	40000	90	0	0	0	0	0
105.182986	1	98	98	0	18892	5913	12979	14348
106.180881	2	99	5	1	0	0	98992	126	111	7240	203500	3000	1448	536	412000	40000	126	0	0	0	0	0
106.180958	1	99	99	0	18892	5913	12979	14348
107.185288	2	100	5	1	0	0	99996	126	111	7240	203500	3000	1448	536	412000	40000	126	0	0	0	0	0
107.185381	1	100	100	0	18892	5913	12979	14348
108.008357	2	101	5	1	0	0	100820	127	111	7240	203500	3000	1448	536	412000	40000	90	0	0	0	0	0
108.008434	1	101	101	0	18892	5913	12979	14348
109.004757	2	102	5	1	0	0	101816	127	111	7240	203500	3000	1448	536	412000	40000	127	0	0	0	0	0
109.004845	1	102	102	0	18892	5913	12979	14348
110.210193	2	103	5	1	0	0	103020	127	111	7240	203500	3000	1448	536	412000	40000	127	0	0	0	0	0
110.210274	1	103	103	0	18892	5913	12979	14348
111.045557	2	104	5	1	0	0	103856	127	111	7240	203500	3000	1448	536	412000	40000	90	0	0	0	0	0
111.045646	1	104	104	0	18892	5913	12979	14348
112.041958	2	105	5	1	0	0	104852	127	111	7240	203500	3000	1448	536	412000	40000	127	0	0	0	0	0
112.042049	1	105	105	0	18892	5913	12979	14348
113.046772	2	106	5	1	0	0	105856	127	111	7240	203500	3000	1448	536	412000	40000	127	0	0	0	0	0
113.046859	1	106	106	0	18892	5913	12979	14348
114.252735	2	107	5	1	0	0	107064	127	111	7240	203500	3000	1448	536	412000	40000	127	0	0	0	0	0
114.252818	1	107	107	0	18892	5913	12979	14348
115.257159	2	108	5	1	0	0	108068	128	111	7240	203500	3000	1448	536	412000	40000	128	0	0	0	0	0
115.257243	1	108	108	0	18892	5913	12979	14348
116.261803	2	109	5	1	0	0	109072	128	111	7240	203500	3000	1448	536	412000	40000	128	0	0	0	0	0
116.261891	1	109	109	0	18892	5913	12979	14348
117.068691	2	110	5	1	0	0	109880	128	111	7240	203500	3000	1448	536	412000	40000	90	0	0	0	0	0
117.068779	1	110	110	0	18892	5913	12979	14348
118.077840	2	111	5	1	0	0	110888	128	111	7240	203500	3000	1448	536	412000	40000	128	0	0	0	0	0
118.077924	1	111	111	0	18892	5913	12979	14348
119.082475	2	112	5	1	0	0	111892	128	111	7240	203500	3000	1448	536	412000	40000	128	0	0	0	0	0
119.082554	1	112	112	0	18892	5913	12979	14348
120.087206	2	113	5	1	0	0	112900	128	111	7240	204000	4000	1448	536	416000	40000	128	0	0	0	0	0
120.087280	1	113	113	0	18892	5913	12979	14348
121.304898	2	114	5	1	0	0	114116	129	111	7240	203500	3000	1448	536	412000	40000	129	0	0	0	0	0
121.304989	1	114	114	0	18892	5913	12979	14348
122.120408	2	115	5	1	0	0	114932	129	111	7240	203500	3000	1448	536	412000	40000	129	0	0	0	0	0
122.120498	1	115	115	0	18892	5913	12979	14348
123.338815	2	116	5	1	0	0	116148	129	111	7240	203500	3000	1448	536	412000	40000	129	0	0	0	0	0
123.338908	1	116	116	0	18892	5913	12979	14348
124.176081	2	117	5	1	0	0	116988	129	111	7240	203500	3000	1448	536	412000	40000	96	0	0	0	0	0
124.176154	1	117	117	0	18892	5913	12979	14348
125.187911	2	118	5	1	0	0	118000	129	111	7240	203500	3000	1448	536	412000	40000	96	0	0	0	0	0
125.188077	1	118	118	0	18892	5913	12979	14348
126.192552	2	119	5	1	0	0	119004	129	111	7240	203500	3000	1448	536	412000	40000	129	0	0	0	0	0
126.192630	1	119	119	0	18892	5913	12979	14348
127.202558	2	120	5	1	0	0	120012	129	111	7240	203500	3000	1448	536	412000	40000	129	0	0	0	0	0
127.202650	1	120	120	0	18892	5913	12979	14348
128.214852	2	121	5	1	0	0	121024	129	111	7240	203500	3000	1448	536	412000	40000	129	0	0	0	0	0
128.214934	1	121	121	0	18892	5913	12979	14348
129.227189	2	122	5	1	0	0	122040	130	111	7240	204000	4000	1448	536	416000	40000	130	0	0	0	0	0
129.227266	1	122	122	0	18892	5913	12979	14348
130.238992	2	123	5	1	0	0	123048	130	111	7240	203500	3000	1448	536	412000	40000	130	0	0	0	0	0
130.239076	1	123	123	0	18892	5913	12979	14348
131.250859	2	124	5	1	0	0	124060	130	111	7240	203500	3000	1448	536	412000	40000	130	0	0	0	0	0
131.250951	1	124	124	0	18892	5913	12979	14348
132.262587	2	125	5	1	0	0	125072	130	111	7240	203500	3000	1448	536	412000	40000	130	0	0	0	0	0
132.262682	1	125	125	0	18892	5913	12979	14348
133.275123	2	126	5	1	0	0	126088	130	111	7240	204000	4000	1448	536	416000	40000	130	0	0	0	0	0
133.275196	1	126	126	0	18892	5913	12979	14348
134.287148	2	127	5	1	0	0	127100	130	111	7240	204000	4000	1448	536	416000	40000	130	0	0	0	0	0
134.287224	1	127	127	0	18892	5913	12979	14348
135.299279	2	128	5	1	0	0	128112	130	111	7240	204000	4000	1448	536	416000	40000	130	0	0	0	0	0
135.299359	1	128	128	0	18892	5913	12979	14348
136.310914	2	129	5	1	0	0	129120	130	111	7240	203500	3000	1448	536	412000	40000	130	0	0	0	0	0
136.311003	1	129	129	0	18892	5913	12979	14348
137.322651	2	130	5	1	0	0	130132	131	111	7240	203500	3000	1448	536	412000	40000	131	0	0	0	0	0
137.322741	1	130	130	0	18892	5913	12979	14348
138.335042	2	131	5	1	0	0	131144	131	111	7240	203500	3000	1448	536	412000	40000	131	0	0	0	0	0
138.335160	1	131	131	0	18892	5913	12979	14348
139.346901	2	132	5	1	0	0	132156	131	111	7240	203500	3000	1448	536	412000	40000	131	0	0	0	0	0
139.346986	1	132	132	0	18892	5913	12979	14348
140.358938	2	133	5	1	0	0	133168	131	111	7240	203500	3000	1448	536	412000	40000	131	0	0	0	0	0
140.359030	1	133	133	0	18892	5913	12979	14348
141.370909	2	134	5	1	0	0	134180	131	111	7240	203500	3000	1448	536	412000	40000	131	0	0	0	0	0
141.370991	1	134	134	0	18892	5913	12979	14348
142.003082	2	135	5	1	0	0	134816	131	111	7240	204000	4000	1448	536	416000	40000	131	0	0	0	0	0
142.003171	1	135	135	0	18892	5913	12979	14348
143.007669	2	136	5	1	0	0	135820	131	111	7240	204000	4000	1448	536	416000	40000	94	0	0	0	0	0
143.007755	1	136	136	0	18892	5913	12979	14348
144.019633	2	137	5	1	0	0	136832	131	111	7240	204000	4000	1448	536	416000	40000	94	0	0	0	0	0
144.019717	1	137	137	0	18892	5913	12979	14348
145.031500	2	138	5	1	0	0	137844	132	111	7240	204000	4000	1448	536	416000	40000	94	0	0	0	0	0
145.031587	1	138	138	0	18892	5913	12979	14348
146.063986	2	139	5	1	0	0	138876	132	111	7240	203500	3000	1448	536	412000	40000	96	0	0	0	0	0
146.064077	1	139	139	0	18892	5913	12979	14348
147.282585	2	140	5	1	0	0	140092	132	111	7240	203500	3000	1448	536	412000	40000	132	0	0	0	0	0
147.282680	1	140	140	0	18892	5913	12979	14348
148.106454	2	141	5	1	0	0	140916	132	111	7240	203500	3000	1448	536	412000	40000	132	0	0	0	0	0
148.106530	1	141	141	0	18892	5913	12979	14348
149.151814	2	142	5	1	0	0	141964	132	111	7240	203500	3000	1448	536	412000	40000	93	0	0	0	0	0
149.151903	1	142	142	0	18892	5913	12979	14348
150.184005	2	143	5	1	0	0	142996	132	111	7240	203500	3000	1448	536	412000	40000	96	0	0	0	0	0
150.184091	1	143	143	0	18892	5913	12979	14348
151.007801	2	144	5	1	0	0	143820	132	111	7240	203500	3000	1448	536	412000	40000	96	0	0	0	0	0
151.007892	1	144	144	0	18892	5913	12979	14348
152.226180	2	145	5	1	0	0	145036	133	111	7240	203500	3000	1448	536	412000	40000	133	0	0	0	0	0
152.226303	1	145	145	0	18892	5913	12979	14348
153.258797	2	146	5	1	0	0	146068	133	111	7240	203500	3000	1448	536	412000	40000	133	0	0	0	0	0
153.258890	1	146	146	0	18892	5913	12979	14348
154.290423	2	147	5	1	0	0	147100	133	111	7240	203500	3000	1448	536	412000	40000	133	0	0	0	0	0
154.290513	1	147	147	0	18892	5913	12979	14348
155.322491	2	148	5	1	0	0	148132	133	111	7240	203500	3000	1448	536	412000	40000	133	0	0	0	0	0
155.322573	1	148	148	0	18892	5913	12979	14348
156.354394	2	149	5	1	0	0	149164	133	111	7240	203500	3000	1448	536	412000	40000	133	0	0	0	0	0
156.354481	1	149	149	0	18892	5913	12979	14348
157.003076	2	150	5	1	0	4	149816	133	111	7240	203500	3000	1448	536	412000	40000	133	0	0	0	0	0
157.003160	1	150	150	0	18892	5913	12979	14348
158.023980	2	151	5	1	0	0	150836	133	111	7240	203500	3000	1448	536	412000	40000	96	0	0	0	0	0
158.024065	1	151	151	0	18892	5913	12979	14348
159.055715	2	152	5	1	0	0	151868	134	111	7240	203500	3000	1448	536	412000	40000	95	0	0	0	0	0
159.055805	1	152	152	0	18892	5913	12979	14348
160.087818	2	153	5	1	0	0	152900	134	111	7240	205000	4000	1448	536	416000	40000	91	0	0	0	0	0
160.087900	1	153	153	0	18892	5913	12979	14348
161.127714	2	154	5	1	0	0	153940	134	111	7240	203500	3000	1448	536	412000	40000	96	0	0	0	0	0
161.127801	1	154	154	0	18892	5913	12979	14348
162.159713	2	155	5	1	0	0	154972	134	111	7240	205000	5000	1448	536	416000	40000	92	0	0	0	0	0
162.159803	1	155	155	0	18892	5913	12979	14348
163.003077	2	156	5	1	0	4	155816	134	111	7240	203500	3000	1448	536	412000	40000	134	0	0	0	0	0
163.003171	1	156	156	0	18892	5913	12979	14348
164.023978	2	157	5	1	0	0	156836	134	111	7240	205000	5000	1448	536	416000	40000	92	0	0	0	0	0
164.024054	1	157	157	0	18892	5913	12979	14348
165.064004	2	158	5	1	0	0	157876	134	111	7240	203500	3000	1448	536	412000	40000	97	0	0	0	0	0
165.064090	1	158	158	0	18892	5913	12979	14348
166.096028	2	159	5	1	0	0	158908	134	111	7240	203500	4000	1448	536	412000	40000	93	0	0	0	0	0
166.096106	1	159	159	0	18892	5913	12979	14348
167.136022	2	160	5	1	0	28	159948	135	111	7240	203500	4000	1448	536	412000	40000	95	0	0	0	0	0
167.136112	1	160	160	0	18892	5913	12979	14348
168.176021	2	161	5	1	0	64	160988	135	111	7240	203500	4000	1448	536	412000	40000	95	0	0	0	0	0
168.176108	1	161	161	0	18892	5913	12979	14348
169.008039	2	162	5	1	0	92	161820	135	111	7240	203500	4000	1448	536	412000	40000	95	0	0	0	0	0
169.008127	1	162	162	0	18892	5913	12979	14348
170.048041	2	163	5	1	0	128	162860	135	111	7240	203500	4000	1448	536	412000	40000	95	0	0	0	0	0
170.048128	1	163	163	0	18892	5913	12979	14348
171.087986	2	164	5	1	0	164	163900	135	111	7240	203500	3000	1448	536	412000	40000	95	0	0	0	0	0
171.088078	1	164	164	0	18892	5913	12979	14348
172.128949	2	165	5	1	0	0	164940	135	111	7240	203500	3000	1448	536	412000	40000	135	0	0	0	0	0
172.129041	1	165	165	0	18892	5913	12979	14348
173.133150	2	166	5	1	0	0	165944	135	111	7240	203500	3000	1448	536	412000	40000	135	0	0	0	0	0
173.133241	1	166	166	0	18892	5913	12979	14348
174.137612	2	167	5	1	0	0	166948	136	111	7240	203500	3000	1448	536	412000	40000	135	0	0	0	0	0
174.137693	1	167	167	0	18892	5913	12979	14348
175.003077	2	168	5	1	0	8	167816	136	111	7240	208500	13000	1448	536	420000	40000	136	0	0	0	0	0
175.003166	1	168	168	0	18892	5913	12979	14348
176.003033	2	169	5	1	0	4	168816	136	111	7240	213500	19000	1448	536	424000	40000	136	0	0	0	0	0
176.003113	1	169	169	0	18892	5913	12979	14348
177.003061	2	170	5	1	0	0	169816	136	111	7240	214000	21000	1448	536	424000	40000	136	0	0	0	0	0
177.003151	1	170	170	0	18892	5913	12979	14348
178.003848	2	171	5	1	0	0	170816	136	111	7240	214500	20000	1448	536	424000	40000	135	0	0	0	0	0
178.003941	1	171	171	0	18892	5913	12979	14348
179.008977	2	172	5	1	0	0	171820	136	111	7240	214500	20000	1448	536	424000	40000	135	0	0	0	0	0
179.009070	1	172	172	0	18892	5913	12979	14348
180.014092	2	173	5	1	0	0	172824	136	111	7240	214000	21000	1448	536	424000	40000	135	0	0	0	0	0
180.014167	1	173	173	0	18892	5913	12979	14348
181.019062	2	174	5	1	0	4	173832	137	111	7240	214000	21000	1448	536	424000	40000	135	0	0	0	0	0
181.019150	1	174	174	0	18892	5913	12979	14348
182.023984	2	175	5	1	0	0	174836	137	111	7240	204000	4000	1448	536	416000	40000	135	0	0	0	0	0
182.024071	1	175	175	0	18892	5913	12979	14348
183.028418	2	176	5	1	0	0	175840	137	111	7240	203500	4000	1448	536	412000	40000	135	0	0	0	0	0
183.028512	1	176	176	0	18892	5913	12979	14348
184.032899	2	177	5	1	0	0	176844	137	111	7240	203500	3000	1448	536	412000	40000	135	0	0	0	0	0
184.033064	1	177	177	0	18892	5913	12979	14348
185.037328	2	178	5	1	0	0	177848	137	111	7240	203500	3000	1448	536	412000	40000	135	0	0	0	0	0
185.037425	1	178	178	0	18892	5913	12979	14348
186.041767	2	179	5	1	0	0	178852	137	111	7240	203500	3000	1448	536	412000	40000	135	0	0	0	0	0
186.041845	1	179	179	0	18892	5913	12979	14348
187.046383	2	180	5	1	0	0	179856	137	111	7240	203500	3000	1448	536	412000	40000	135	0	0	0	0	0
187.046471	1	180	180	0	18892	5913	12979	14348
188.051067	2	181	5	1	0	4	180864	138	111	7240	203500	3000	1448	536	412000	40000	135	0	0	0	0	0
188.051153	1	181	181	0	18892	5913	12979	14348
189.056079	2	182	5	1	0	0	181868	138	111	7240	204000	4000	1448	536	416000	40000	135	0	0	0	0	0
189.056170	1	182	182	0	18892	5913	12979	14348
190.061235	2	183	5	1	0	0	182872	138	111	7240	203500	3000	1448	536	412000	40000	135	0	0	0	0	0
190.061321	1	183	183	0	18892	5913	12979	14348
191.065838	2	184	5	1	0	0	183876	138	111	7240	203500	3000	1448	536	412000	40000	135	0	0	0	0	0
191.065927	1	184	184	0	18892	5913	12979	14348
192.070696	2	185	5	1	0	0	184880	138	111	7240	203500	4000	1448	536	412000	40000	135	0	0	0	0	0
192.070788	1	185	185	0	18892	5913	12979	14348
193.075541	2	186	5	1	0	0	185888	138	111	7240	204000	4000	1448	536	416000	40000	135	0	0	0	0	0
193.075635	1	186	186	0	18892	5913	12979	14348
194.080392	2	187	5	1	0	0	186892	139	111	7240	203500	3000	1448	536	412000	40000	135	0	0	0	0	0
194.080469	1	187	187	0	18892	5913	12979	14348
195.085382	2	188	5	1	0	0	187896	139	111	7240	203500	4000	1448	536	412000	40000	135	0	0	0	0	0
195.085465	1	188	188	0	18892	5913	12979	14348
196.090430	2	189	5	1	0	0	188900	139	111	7240	203500	3000	1448	536	412000	40000	135	0	0	0	0	0
196.090512	1	189	189	0	18892	5913	12979	14348
197.095058	2	190	5	1	0	4	189908	139	111	7240	203500	3000	1448	536	412000	40000	135	0	0	0	0	0
197.095143	1	190	190	0	18892	5913	12979	14348
198.099327	2	191	5	1	0	0	190912	139	111	7240	204000	4000	1448	536	416000	40000	135	0	0	0	0	0
198.099420	1	191	191	0	18892	5913	12979	14348
198.109203	3	1	5	10.1.1.1	37002	htdocs/file.txt
