protocol: 5
domain: reno_10Mbps_2ms
start-time: 1424601902
sender-id: 2
app-name: tinyhttpd
schema: 0 _experiment_metadata subject:string key:string value:string 
schema: 1 _client_instrumentation measurements_injected:uint32 measurements_dropped:uint32 bytes_allocated:uint64 bytes_freed:uint64 bytes_in_use:uint64 bytes_max:uint64 
schema: 2 tinyhttpd_tcp socket:int32 state:int32 ca_state:int32 last_data_sent:int32 last_data_recv:int32 snd_cwnd:int32 snd_ssthresh:int32 rcv_ssthresh:int32 rtt:int32 rttvar:int32 snd_mss:int32 rcv_mss:int32 rto:int32 ato:int32 unacked:int32 sacked:int32 lost:int32 retrans:int32 fackets:int32 total_retrans:int32 
schema: 3 tinyhttpd_peer socket:int32 ip:string port:int32 file:string 
content: text

4.057337	2	1	5	1	0	0	456	56	75	14480	47500	9000	1448	536	252000	40000	41	0	0	0	0	0
4.058012	1	1	1	0	18883	5907	12976	14345
5.058076	2	2	5	1	0	0	1456	76	75	14480	82000	12000	1448	536	288000	40000	59	0	0	0	0	0
5.058166	1	2	2	0	18883	5907	12976	14345
6.000637	2	3	5	1	0	4	2400	76	75	14480	83000	9000	1448	536	288000	40000	59	0	0	0	0	0
6.000717	1	3	3	0	18883	5907	12976	14345
7.094875	2	4	5	1	0	0	3492	77	75	14480	83000	9000	1448	536	288000	40000	58	0	0	0	0	0
7.094968	1	4	4	0	18883	5907	12976	14345
8.035103	2	5	5	1	0	0	4432	77	75	14480	83000	9000	1448	536	288000	40000	58	0	0	0	0	0
8.035191	1	5	5	0	18883	5907	12976	14345
9.131919	2	6	5	1	0	0	5528	78	75	14480	83000	11000	1448	536	288000	40000	57	0	0	0	0	0
9.132010	1	6	6	0	18883	5907	12976	14345
10.072147	2	7	5	1	0	0	6468	78	75	14480	83000	11000	1448	536	288000	40000	57	0	0	0	0	0
10.072238	1	7	7	0	18883	5907	12976	14345
11.012267	2	8	5	1	0	0	7408	79	75	14480	83500	10000	1448	536	288000	40000	56	0	0	0	0	0
11.012356	1	8	8	0	18883	5907	12976	14345
12.108898	2	9	5	1	0	0	8508	79	75	14480	84500	11000	1448	536	292000	40000	56	0	0	0	0	0
12.108988	1	9	9	0	18883	5907	12976	14345
13.049152	2	10	5	1	0	0	9448	80	75	14480	85000	11000	1448	536	292000	40000	55	0	0	0	0	0
13.049241	1	10	10	0	18883	5907	12976	14345
14.000598	2	11	5	1	0	4	10400	80	75	14480	84500	12000	1448	536	292000	40000	80	0	0	0	0	0
14.000693	1	11	11	0	18883	5907	12976	14345
15.086012	2	12	5	1	0	0	11484	81	75	14480	88500	13000	1448	536	296000	40000	63	0	0	0	0	0
15.086141	1	12	12	0	18883	5907	12976	14345
16.026068	2	13	5	1	0	0	12424	81	75	14480	91500	11000	1448	536	296000	40000	63	0	0	0	0	0
16.026152	1	13	13	0	18883	5907	12976	14345
17.123017	2	14	5	1	0	0	13520	82	75	14480	91500	10000	1448	536	296000	40000	62	0	0	0	0	0
17.123106	1	14	14	0	18883	5907	12976	14345
18.063167	2	15	5	1	0	0	14460	82	75	14480	92000	13000	1448	536	300000	40000	61	0	0	0	0	0
18.063259	1	15	15	0	18883	5907	12976	14345
19.003192	2	16	5	1	0	0	15400	82	75	14480	92000	13000	1448	536	300000	40000	61	0	0	0	0	0
19.003286	1	16	16	0	18883	5907	12976	14345
20.100059	2	17	5	1	0	0	16496	83	75	14480	93000	12000	1448	536	300000	40000	59	0	0	0	0	0
20.100150	1	17	17	0	18883	5907	12976	14345
21.040244	2	18	5	1	0	0	17436	83	75	14480	93000	12000	1448	536	300000	40000	59	0	0	0	0	0
21.040334	1	18	18	0	18883	5907	12976	14345
22.116144	2	19	5	1	0	0	18512	84	75	14480	93500	11000	1448	536	300000	40000	84	0	0	0	0	0
22.116236	1	19	19	0	18883	5907	12976	14345
23.063168	2	20	5	1	0	0	19460	84	75	14480	92500	11000	1448	536	300000	40000	84	0	0	0	0	0
23.063261	1	20	20	0	18883	5907	12976	14345
24.011467	2	21	5	1	0	44	20408	85	75	14480	91500	10000	1448	536	296000	40000	80	0	0	0	0	0
24.011558	1	21	21	0	18883	5907	12976	14345
25.097003	2	22	5	1	0	0	21496	85	75	14480	96000	8000	1448	536	304000	40000	85	0	0	0	0	0
25.097093	1	22	22	0	18883	5907	12976	14345
26.040595	2	23	5	1	0	40	22440	86	75	14480	96500	9000	1448	536	304000	40000	74	0	0	0	0	0
26.040683	1	23	23	0	18883	5907	12976	14345
27.137728	2	24	5	1	0	40	23536	86	75	14480	97000	7000	1448	536	304000	40000	74	0	0	0	0	0
27.137818	1	24	24	0	18883	5907	12976	14345
28.092085	2	25	5	1	0	0	24488	87	75	14480	94000	6000	1448	536	300000	40000	87	0	0	0	0	0
28.092174	1	25	25	0	18883	5907	12976	14345
29.122815	2	26	5	1	0	40	25520	87	75	14480	96500	8000	1448	536	304000	40000	75	0	0	0	0	0
29.122909	1	26	26	0	18883	5907	12976	14345
30.008352	2	27	5	1	0	0	26404	88	75	14480	99500	9000	1448	536	304000	40000	88	0	0	0	0	0
30.008530	1	27	27	0	18883	5907	12976	14345
31.058183	2	28	5	1	0	40	27456	88	75	14480	97500	7000	1448	536	304000	40000	78	0	0	0	0	0
31.058274	1	28	28	0	18883	5907	12976	14345
32.048256	2	29	5	1	0	36	28444	89	75	14480	96500	9000	1448	536	304000	40000	77	0	0	0	0	0
32.048342	1	29	29	0	18883	5907	12976	14345
33.143803	2	30	5	1	0	36	29540	89	75	14480	99000	6000	1448	536	304000	40000	76	0	0	0	0	0
33.143897	1	30	30	0	18883	5907	12976	14345
34.047102	2	31	5	1	0	0	30444	89	75	14480	97000	8000	1448	536	304000	40000	89	0	0	0	0	0
34.047194	1	31	31	0	18883	5907	12976	14345
35.026677	2	32	5	1	0	0	31424	90	75	14480	105000	3000	1448	536	312000	40000	90	0	0	0	0	0
35.026769	1	32	32	0	18883	5907	12976	14345
36.071349	2	33	5	1	0	0	32468	90	75	14480	107000	3000	1448	536	312000	40000	90	0	0	0	0	0
36.071440	1	33	33	0	18883	5907	12976	14345
37.128792	2	34	5	1	0	0	33528	91	75	14480	108000	4000	1448	536	316000	40000	91	0	0	0	0	0
37.128881	1	34	34	0	18883	5907	12976	14345
38.069695	2	35	5	1	0	0	34468	91	75	14480	116500	21000	1448	536	324000	40000	90	0	0	0	0	0
38.069787	1	35	35	0	18883	5907	12976	14345
39.009083	2	36	5	1	0	0	35408	91	75	14480	122500	24000	1448	536	328000	40000	90	0	0	0	0	0
39.009175	1	36	36	0	18883	5907	12976	14345
40.105060	2	37	5	1	0	0	36504	91	75	14480	123000	25000	1448	536	328000	40000	90	0	0	0	0	0
40.105152	1	37	37	0	18883	5907	12976	14345
41.045688	2	38	5	1	0	0	37444	92	75	14480	121500	22000	1448	536	328000	40000	90	0	0	0	0	0
41.045778	1	38	38	0	18883	5907	12976	14345
42.142374	2	39	5	1	0	0	38540	92	75	14480	114000	16000	1448	536	320000	40000	90	0	0	0	0	0
42.142467	1	39	39	0	18883	5907	12976	14345
43.082602	2	40	5	1	0	0	39480	92	75	14480	114000	16000	1448	536	320000	40000	90	0	0	0	0	0
43.082690	1	40	40	0	18883	5907	12976	14345
44.023902	2	41	5	1	0	0	40420	93	75	14480	113500	16000	1448	536	320000	40000	90	0	0	0	0	0
44.023995	1	41	41	0	18883	5907	12976	14345
45.120781	2	42	5	1	0	0	41520	93	75	14480	114000	17000	1448	536	320000	40000	90	0	0	0	0	0
45.120874	1	42	42	0	18883	5907	12976	14345
46.062038	2	43	5	1	0	0	42460	94	75	14480	114500	15000	1448	536	320000	40000	90	0	0	0	0	0
46.062120	1	43	43	0	18883	5907	12976	14345
47.004598	2	44	5	1	0	4	43404	94	75	14480	113500	16000	1448	536	320000	40000	90	0	0	0	0	0
47.004683	1	44	44	0	18883	5907	12976	14345
48.098967	2	45	5	1	0	0	44496	94	75	14480	113500	16000	1448	536	320000	40000	90	0	0	0	0	0
48.099058	1	45	45	0	18883	5907	12976	14345
49.040134	2	46	5	1	0	0	45436	95	75	14480	113000	16000	1448	536	320000	40000	90	0	0	0	0	0
49.040228	1	46	46	0	18883	5907	12976	14345
50.137132	2	47	5	1	0	0	46536	95	75	14480	113500	17000	1448	536	320000	40000	90	0	0	0	0	0
50.137225	1	47	47	0	18883	5907	12976	14345
51.078377	2	48	5	1	0	0	47476	96	75	14480	113000	17000	1448	536	320000	40000	90	0	0	0	0	0
51.078467	1	48	48	0	18883	5907	12976	14345
52.018538	2	49	5	1	0	0	48416	96	75	14480	113000	16000	1448	536	320000	40000	90	0	0	0	0	0
52.018615	1	49	49	0	18883	5907	12976	14345
53.115323	2	50	5	1	0	0	49512	96	75	14480	112500	16000	1448	536	320000	40000	90	0	0	0	0	0
53.115417	1	50	50	0	18883	5907	12976	14345
54.056422	2	51	5	1	0	0	50452	97	75	14480	112500	16000	1448	536	320000	40000	90	0	0	0	0	0
54.056512	1	51	51	0	18883	5907	12976	14345
55.004611	2	52	5	1	0	0	51404	97	75	14480	113000	16000	1448	536	320000	40000	97	0	0	0	0	0
55.004707	1	52	52	0	18883	5907	12976	14345
56.137544	2	53	5	1	0	0	52536	98	75	14480	111500	12000	1448	536	316000	40000	98	0	0	0	0	0
56.137632	1	53	53	0	18883	5907	12976	14345
57.077413	2	54	5	1	0	0	53476	98	75	14480	113000	15000	1448	536	320000	40000	90	0	0	0	0	0
57.077502	1	54	54	0	18883	5907	12976	14345
58.121474	2	55	5	1	0	0	54520	98	75	14480	113000	16000	1448	536	320000	40000	90	0	0	0	0	0
58.121566	1	55	55	0	18883	5907	12976	14345
59.165412	2	56	5	1	0	0	55564	98	75	14480	113500	17000	1448	536	320000	40000	90	0	0	0	0	0
59.165504	1	56	56	0	18883	5907	12976	14345
60.004601	2	57	5	1	0	4	56404	99	75	14480	113000	16000	1448	536	320000	40000	90	0	0	0	0	0
60.004697	1	57	57	0	18883	5907	12976	14345
61.044689	2	58	5	1	0	0	57444	99	75	14480	113000	16000	1448	536	320000	40000	90	0	0	0	0	0
61.044855	1	58	58	0	18883	5907	12976	14345
62.088706	2	59	5	1	0	0	58488	99	75	14480	113000	16000	1448	536	320000	40000	90	0	0	0	0	0
62.088791	1	59	59	0	18883	5907	12976	14345
63.132742	2	60	5	1	0	0	59532	100	75	14480	113000	16000	1448	536	320000	40000	90	0	0	0	0	0
63.132837	1	60	60	0	18883	5907	12976	14345
64.176550	2	61	5	1	0	0	60572	100	75	14480	112500	17000	1448	536	320000	40000	90	0	0	0	0	0
64.176642	1	61	61	0	18883	5907	12976	14345
65.012003	2	62	5	1	0	0	61408	100	75	14480	112500	17000	1448	536	320000	40000	90	0	0	0	0	0
65.012096	1	62	62	0	18883	5907	12976	14345
66.056049	2	63	5	1	0	0	62452	100	75	14480	112500	17000	1448	536	320000	40000	90	0	0	0	0	0
66.056141	1	63	63	0	18883	5907	12976	14345
67.099919	2	64	5	1	0	0	63496	101	75	14480	112500	17000	1448	536	320000	40000	90	0	0	0	0	0
67.100009	1	64	64	0	18883	5907	12976	14345
68.143954	2	65	5	1	0	0	64540	101	75	14480	112000	17000	1448	536	320000	40000	90	0	0	0	0	0
68.144045	1	65	65	0	18883	5907	12976	14345
69.188103	2	66	5	1	0	0	65584	101	75	14480	112500	17000	1448	536	320000	40000	90	0	0	0	0	0
69.188194	1	66	66	0	18883	5907	12976	14345
70.023263	2	67	5	1	0	0	66420	102	75	14480	112500	17000	1448	536	320000	40000	90	0	0	0	0	0
70.023354	1	67	67	0	18883	5907	12976	14345
71.067321	2	68	5	1	0	0	67464	102	75	14480	112500	18000	1448	536	320000	40000	90	0	0	0	0	0
71.067414	1	68	68	0	18883	5907	12976	14345
72.111327	2	69	5	1	0	0	68508	102	75	14480	112500	18000	1448	536	320000	40000	90	0	0	0	0	0
72.111403	1	69	69	0	18883	5907	12976	14345
73.155298	2	70	5	1	0	0	69552	102	75	14480	112500	18000	1448	536	320000	40000	90	0	0	0	0	0
73.155393	1	70	70	0	18883	5907	12976	14345
74.004595	2	71	5	1	0	8	70404	103	75	14480	112500	17000	1448	536	320000	40000	103	0	0	0	0	0
74.004681	1	71	71	0	18883	5907	12976	14345
75.034536	2	72	5	1	0	0	71432	103	75	14480	112500	18000	1448	536	320000	40000	90	0	0	0	0	0
75.034631	1	72	72	0	18883	5907	12976	14345
76.078524	2	73	5	1	0	0	72476	103	75	14480	112500	17000	1448	536	320000	40000	90	0	0	0	0	0
76.078611	1	73	73	0	18883	5907	12976	14345
77.122560	2	74	5	1	0	0	73520	104	75	14480	112500	17000	1448	536	320000	40000	90	0	0	0	0	0
77.122644	1	74	74	0	18883	5907	12976	14345
78.166411	2	75	5	1	0	0	74564	104	75	14480	112000	18000	1448	536	320000	40000	90	0	0	0	0	0
78.166505	1	75	75	0	18883	5907	12976	14345
79.004601	2	76	5	1	0	4	75404	104	75	14480	112000	16000	1448	536	320000	40000	90	0	0	0	0	0
79.004695	1	76	76	0	18883	5907	12976	14345
80.045820	2	77	5	1	0	0	76444	104	75	14480	112000	16000	1448	536	320000	40000	90	0	0	0	0	0
80.045913	1	77	77	0	18883	5907	12976	14345
81.107361	2	78	5	1	0	0	77504	105	75	14480	119500	10000	1448	536	324000	40000	90	0	0	0	0	0
81.107454	1	78	78	0	18883	5907	12976	14345
82.047139	2	79	5	1	0	0	78444	105	75	14480	119500	9000	1448	536	324000	40000	90	0	0	0	0	0
82.047215	1	79	79	0	18883	5907	12976	14345
83.143409	2	80	5	1	0	0	79540	105	75	14480	119500	10000	1448	536	324000	40000	90	0	0	0	0	0
83.143503	1	80	80	0	18883	5907	12976	14345
84.084397	2	81	5	1	0	0	80480	106	75	14480	119500	9000	1448	536	324000	40000	90	0	0	0	0	0
84.084488	1	81	81	0	18883	5907	12976	14345
85.024490	2	82	5	1	0	0	81420	106	75	14480	120000	10000	1448	536	328000	40000	90	0	0	0	0	0
85.024584	1	82	82	0	18883	5907	12976	14345
86.121465	2	83	5	1	0	0	82520	106	75	14480	118500	8000	1448	536	324000	40000	90	0	0	0	0	0
86.121556	1	83	83	0	18883	5907	12976	14345
87.062719	2	84	5	1	0	0	83460	107	75	14480	118500	8000	1448	536	324000	40000	90	0	0	0	0	0
87.062801	1	84	84	0	18883	5907	12976	14345
88.002693	2	85	5	1	0	0	84400	107	75	14480	118000	9000	1448	536	324000	40000	90	0	0	0	0	0
88.002783	1	85	85	0	18883	5907	12976	14345
89.099631	2	86	5	1	0	0	85496	107	75	14480	119500	10000	1448	536	324000	40000	90	0	0	0	0	0
89.099741	1	86	86	0	18883	5907	12976	14345
90.040837	2	87	5	1	0	0	86440	108	75	14480	121000	12000	1448	536	328000	40000	90	0	0	0	0	0
90.040931	1	87	87	0	18883	5907	12976	14345
91.137662	2	88	5	1	0	0	87536	108	75	14480	118000	12000	1448	536	324000	40000	90	0	0	0	0	0
91.137755	1	88	88	0	18883	5907	12976	14345
92.077787	2	89	5	1	0	0	88476	108	75	14480	118000	11000	1448	536	324000	40000	90	0	0	0	0	0
92.077946	1	89	89	0	18883	5907	12976	14345
93.019056	2	90	5	1	0	0	89416	109	75	14480	118000	11000	1448	536	324000	40000	90	0	0	0	0	0
93.019153	1	90	90	0	18883	5907	12976	14345
94.115735	2	91	5	1	0	0	90512	109	75	14480	120500	11000	1448	536	328000	40000	90	0	0	0	0	0
94.115828	1	91	91	0	18883	5907	12976	14345
95.056094	2	92	5	1	0	0	91452	109	75	14480	120500	11000	1448	536	328000	40000	90	0	0	0	0	0
95.056188	1	92	92	0	18883	5907	12976	14345
96.004845	2	93	5	1	0	0	92404	110	75	14480	120500	12000	1448	536	328000	40000	110	0	0	0	0	0
96.004939	1	93	93	0	18883	5907	12976	14345
97.094183	2	94	5	1	0	0	93492	110	75	14480	117500	11000	1448	536	324000	40000	90	0	0	0	0	0
97.094271	1	94	94	0	18883	5907	12976	14345
98.034230	2	95	5	1	0	0	94432	110	75	14480	117000	11000	1448	536	324000	40000	90	0	0	0	0	0
98.034324	1	95	95	0	18883	5907	12976	14345
99.132454	2	96	5	1	0	0	95528	111	75	14480	120000	13000	1448	536	328000	40000	90	0	0	0	0	0
99.132605	1	96	96	0	18883	5907	12976	14345
100.072504	2	97	5	1	0	0	96468	111	75	14480	120000	13000	1448	536	328000	40000	90	0	0	0	0	0
100.072597	1	97	97	0	18883	5907	12976	14345
101.012723	2	98	5	1	0	0	97412	111	75	14480	121000	15000	1448	536	328000	40000	90	0	0	0	0	0
101.012815	1	98	98	0	18883	5907	12976	14345
102.110517	2	99	5	1	0	0	98508	112	75	14480	121500	14000	1448	536	328000	40000	90	0	0	0	0	0
102.110600	1	99	99	0	18883	5907	12976	14345
103.050295	2	100	5	1	0	0	99448	112	75	14480	121500	16000	1448	536	328000	40000	90	0	0	0	0	0
103.050383	1	100	100	0	18883	5907	12976	14345
104.146787	2	101	5	1	0	0	100544	112	75	14480	121500	14000	1448	536	328000	40000	90	0	0	0	0	0
104.146881	1	101	101	0	18883	5907	12976	14345
105.086351	2	102	5	1	0	0	101484	112	75	14480	121500	15000	1448	536	328000	40000	90	0	0	0	0	0
105.086446	1	102	102	0	18883	5907	12976	14345
106.027282	2	103	5	1	0	0	102424	113	75	14480	121500	16000	1448	536	328000	40000	113	0	0	0	0	0
106.027372	1	103	103	0	18883	5907	12976	14345
107.123282	2	104	5	1	0	0	103520	113	75	14480	121500	15000	1448	536	328000	40000	113	0	0	0	0	0
107.123367	1	104	104	0	18883	5907	12976	14345
108.062675	2	105	5	1	0	0	104460	113	75	14480	121500	16000	1448	536	328000	40000	113	0	0	0	0	0
108.062764	1	105	105	0	18883	5907	12976	14345
109.002158	2	106	5	1	0	0	105400	113	75	14480	121500	16000	1448	536	328000	40000	113	0	0	0	0	0
109.002247	1	106	106	0	18883	5907	12976	14345
110.099270	2	107	5	1	0	0	106496	114	75	14480	121500	16000	1448	536	328000	40000	114	0	0	0	0	0
110.099364	1	107	107	0	18883	5907	12976	14345
111.038761	2	108	5	1	0	0	107436	114	75	14480	121500	16000	1448	536	328000	40000	114	0	0	0	0	0
111.038854	1	108	108	0	18883	5907	12976	14345
112.134816	2	109	5	1	0	0	108532	114	75	14480	121500	16000	1448	536	328000	40000	114	0	0	0	0	0
112.134902	1	109	109	0	18883	5907	12976	14345
113.074293	2	110	5	1	0	0	109472	114	75	14480	121500	16000	1448	536	328000	40000	114	0	0	0	0	0
113.074384	1	110	110	0	18883	5907	12976	14345
114.013744	2	111	5	1	0	0	110412	114	75	14480	121500	16000	1448	536	328000	40000	114	0	0	0	0	0
114.013833	1	111	111	0	18883	5907	12976	14345
115.110749	2	112	5	1	0	0	111508	115	75	14480	121500	16000	1448	536	328000	40000	115	0	0	0	0	0
115.110844	1	112	112	0	18883	5907	12976	14345
116.050736	2	113	5	1	0	0	112448	115	75	14480	121500	15000	1448	536	328000	40000	115	0	0	0	0	0
116.050826	1	113	113	0	18883	5907	12976	14345
117.146381	2	114	5	1	0	0	113544	115	75	14480	121500	15000	1448	536	328000	40000	115	0	0	0	0	0
117.146469	1	114	114	0	18883	5907	12976	14345
118.085827	2	115	5	1	0	0	114484	115	75	14480	122000	17000	1448	536	328000	40000	115	0	0	0	0	0
118.085921	1	115	115	0	18883	5907	12976	14345
119.025270	2	116	5	1	0	0	115424	116	75	14480	121500	16000	1448	536	328000	40000	116	0	0	0	0	0
119.025363	1	116	116	0	18883	5907	12976	14345
120.122392	2	117	5	1	0	0	116520	116	75	14480	121500	16000	1448	536	328000	40000	116	0	0	0	0	0
120.122484	1	117	117	0	18883	5907	12976	14345
121.061750	2	118	5	1	0	0	117460	116	75	14480	121500	16000	1448	536	328000	40000	116	0	0	0	0	0
121.061842	1	118	118	0	18883	5907	12976	14345
122.004596	2	119	5	1	0	4	118404	116	75	14480	121500	17000	1448	536	328000	40000	116	0	0	0	0	0
122.004680	1	119	119	0	18883	5907	12976	14345
123.097284	2	120	5	1	0	0	119496	116	75	14480	121500	17000	1448	536	328000	40000	116	0	0	0	0	0
123.097378	1	120	120	0	18883	5907	12976	14345
124.037934	2	121	5	1	0	0	120436	117	75	14480	121500	16000	1448	536	328000	40000	117	0	0	0	0	0
124.038027	1	121	121	0	18883	5907	12976	14345
125.133947	2	122	5	1	0	0	121532	117	75	14480	121500	17000	1448	536	328000	40000	117	0	0	0	0	0
125.134041	1	122	122	0	18883	5907	12976	14345
126.073349	2	123	5	1	0	0	122472	117	75	14480	121500	17000	1448	536	328000	40000	117	0	0	0	0	0
126.073440	1	123	123	0	18883	5907	12976	14345
126.543491	3	1	5	10.1.1.1	45221	htdocs/file.txt
