protocol: 5
domain: reno_500Mbps_300ms
start-time: 1424585495
sender-id: 2
app-name: tinyhttpd
schema: 0 _experiment_metadata subject:string key:string value:string 
schema: 1 _client_instrumentation measurements_injected:uint32 measurements_dropped:uint32 bytes_allocated:uint64 bytes_freed:uint64 bytes_in_use:uint64 bytes_max:uint64 
schema: 2 tinyhttpd_tcp socket:int32 state:int32 ca_state:int32 last_data_sent:int32 last_data_recv:int32 snd_cwnd:int32 snd_ssthresh:int32 rcv_ssthresh:int32 rtt:int32 rttvar:int32 snd_mss:int32 rcv_mss:int32 rto:int32 ato:int32 unacked:int32 sacked:int32 lost:int32 retrans:int32 fackets:int32 total_retrans:int32 
schema: 3 tinyhttpd_peer socket:int32 ip:string port:int32 file:string 
content: text

6.414632	2	1	5	1	0	0	900	13	111	7240	370500	128000	1448	536	1448000	40000	12	0	0	0	0	0
6.414740	1	1	1	0	18892	5913	12979	14348
7.016705	2	2	5	1	0	0	1504	23	111	7240	324000	36000	1448	536	1116000	40000	18	0	0	0	0	0
7.016775	1	2	2	0	18892	5913	12979	14348
8.257258	2	3	5	1	0	0	2744	35	111	7240	308500	12000	1448	536	700000	40000	35	0	0	0	0	0
8.257342	1	3	3	0	18892	5913	12979	14348
9.423668	2	4	5	1	0	0	3912	48	111	7240	304000	4000	1448	536	568000	40000	48	0	0	0	0	0
9.423752	1	4	4	0	18892	5913	12979	14348
10.025702	2	5	5	1	0	0	4512	53	111	7240	303500	3000	1448	536	536000	40000	37	0	0	0	0	0
10.025773	1	5	5	0	18892	5913	12979	14348
11.567428	2	6	5	1	0	0	6056	66	111	7240	304000	4000	1448	536	516000	40000	45	0	0	0	0	0
11.567513	1	6	6	0	18892	5913	12979	14348
12.174741	2	7	5	1	0	0	6660	71	111	7240	303500	3000	1448	536	512000	40000	71	0	0	0	0	0
12.174824	1	7	7	0	18892	5913	12979	14348
13.379791	2	8	5	1	0	0	7868	84	111	7240	304000	3000	1448	536	516000	40000	84	0	0	0	0	0
13.379874	1	8	8	0	18892	5913	12979	14348
14.282303	2	9	5	1	0	0	8768	95	111	7240	303500	3000	1448	536	512000	40000	95	0	0	0	0	0
14.282374	1	9	9	0	18892	5913	12979	14348
15.486210	2	10	5	1	0	0	9972	111	111	7240	303500	3000	1448	536	512000	40000	111	0	0	0	0	0
15.486290	1	10	10	0	18892	5913	12979	14348
16.087801	2	11	5	1	0	0	10576	112	111	7240	304000	4000	1448	536	516000	40000	92	0	0	0	0	0
16.087872	1	11	11	0	18892	5913	12979	14348
17.047525	2	12	5	1	0	0	11536	112	111	7240	304000	7000	1448	536	516000	40000	90	0	0	0	0	0
17.047598	1	12	12	0	18892	5913	12979	14348
18.505911	2	13	5	1	0	0	12992	112	111	7240	304500	6000	1448	536	516000	40000	90	0	0	0	0	0
18.506001	1	13	13	0	18892	5913	12979	14348
19.414105	2	14	5	1	0	0	13900	112	111	7240	304500	6000	1448	536	516000	40000	90	0	0	0	0	0
19.414182	1	14	14	0	18892	5913	12979	14348
20.322014	2	15	5	1	0	0	14808	112	111	7240	304500	6000	1448	536	516000	40000	90	0	0	0	0	0
20.322088	1	15	15	0	18892	5913	12979	14348
21.229877	2	16	5	1	0	0	15716	112	111	7240	304500	6000	1448	536	516000	40000	90	0	0	0	0	0
21.229998	1	16	16	0	18892	5913	12979	14348
22.137904	2	17	5	1	0	0	16624	112	111	7240	304500	5000	1448	536	516000	40000	90	0	0	0	0	0
22.138000	1	17	17	0	18892	5913	12979	14348
23.045699	2	18	5	1	0	0	17532	112	111	7240	304500	5000	1448	536	516000	40000	90	0	0	0	0	0
23.045773	1	18	18	0	18892	5913	12979	14348
24.314055	2	19	5	1	0	0	18800	112	111	7240	303500	5000	1448	536	512000	40000	90	0	0	0	0	0
24.314144	1	19	19	0	18892	5913	12979	14348
25.221989	2	20	5	1	0	0	19708	112	111	7240	303500	5000	1448	536	512000	40000	90	0	0	0	0	0
25.222061	1	20	20	0	18892	5913	12979	14348
26.129688	2	21	5	1	0	0	20616	113	111	7240	303500	3000	1448	536	512000	40000	113	0	0	0	0	0
26.129775	1	21	21	0	18892	5913	12979	14348
27.032546	2	22	5	1	0	0	21520	113	111	7240	303500	3000	1448	536	512000	40000	113	0	0	0	0	0
27.032620	1	22	22	0	18892	5913	12979	14348
28.483546	2	23	5	1	0	0	22972	113	111	7240	304000	4000	1448	536	516000	40000	113	0	0	0	0	0
28.483635	1	23	23	0	18892	5913	12979	14348
29.397537	2	24	5	1	0	0	23884	113	111	7240	308000	13000	1448	536	520000	40000	90	0	0	0	0	0
29.397614	1	24	24	0	18892	5913	12979	14348
30.098608	2	25	5	1	0	0	24584	113	111	7240	303500	5000	1448	536	512000	40000	113	0	0	0	0	0
30.098681	1	25	25	0	18892	5913	12979	14348
31.302226	2	26	5	1	0	0	25788	113	111	7240	303500	3000	1448	536	512000	40000	113	0	0	0	0	0
31.302315	1	26	26	0	18892	5913	12979	14348
32.147919	2	27	5	1	0	0	26636	113	111	7240	304000	4000	1448	536	516000	40000	113	0	0	0	0	0
32.147993	1	27	27	0	18892	5913	12979	14348
33.008309	2	28	5	1	0	0	27496	113	111	7240	303500	3000	1448	536	512000	40000	113	0	0	0	0	0
33.008382	1	28	28	0	18892	5913	12979	14348
34.212120	2	29	5	1	0	0	28700	113	111	7240	303500	3000	1448	536	512000	40000	113	0	0	0	0	0
34.212209	1	29	29	0	18892	5913	12979	14348
35.415961	2	30	5	1	0	0	29904	113	111	7240	304000	4000	1448	536	516000	40000	113	0	0	0	0	0
35.416050	1	30	30	0	18892	5913	12979	14348
36.117459	2	31	5	1	0	0	30604	114	111	7240	303500	4000	1448	536	512000	40000	114	0	0	0	0	0
36.117530	1	31	31	0	18892	5913	12979	14348
37.321165	2	32	5	1	0	0	31808	114	111	7240	303500	3000	1448	536	512000	40000	114	0	0	0	0	0
37.321245	1	32	32	0	18892	5913	12979	14348
38.165632	2	33	5	1	0	0	32652	114	111	7240	303500	4000	1448	536	512000	40000	114	0	0	0	0	0
38.165705	1	33	33	0	18892	5913	12979	14348
39.026793	2	34	5	1	0	0	33512	114	111	7240	303500	3000	1448	536	512000	40000	114	0	0	0	0	0
39.026865	1	34	34	0	18892	5913	12979	14348
40.230549	2	35	5	1	0	0	34716	114	111	7240	303500	3000	1448	536	512000	40000	114	0	0	0	0	0
40.230633	1	35	35	0	18892	5913	12979	14348
41.434300	2	36	5	1	0	0	35920	114	111	7240	303500	3000	1448	536	512000	40000	114	0	0	0	0	0
41.434384	1	36	36	0	18892	5913	12979	14348
42.135973	2	37	5	1	0	0	36624	114	111	7240	303500	3000	1448	536	512000	40000	114	0	0	0	0	0
42.136044	1	37	37	0	18892	5913	12979	14348
43.339878	2	38	5	1	0	0	37828	114	111	7240	304000	4000	1448	536	516000	40000	114	0	0	0	0	0
43.339960	1	38	38	0	18892	5913	12979	14348
44.184038	2	39	5	1	0	0	38672	114	111	7240	303500	3000	1448	536	512000	40000	114	0	0	0	0	0
44.184109	1	39	39	0	18892	5913	12979	14348
45.046132	2	40	5	1	0	0	39532	114	111	7240	303500	3000	1448	536	512000	40000	114	0	0	0	0	0
45.046203	1	40	40	0	18892	5913	12979	14348
46.250172	2	41	5	1	0	0	40736	114	111	7240	303500	3000	1448	536	512000	40000	114	0	0	0	0	0
46.250255	1	41	41	0	18892	5913	12979	14348
47.454230	2	42	5	1	0	0	41940	115	111	7240	303500	3000	1448	536	512000	40000	115	0	0	0	0	0
47.454305	1	42	42	0	18892	5913	12979	14348
48.155892	2	43	5	1	0	0	42644	115	111	7240	304000	4000	1448	536	516000	40000	115	0	0	0	0	0
48.155963	1	43	43	0	18892	5913	12979	14348
49.003079	2	44	5	1	0	4	43492	115	111	7240	304000	3000	1448	536	516000	40000	115	0	0	0	0	0
49.003154	1	44	44	0	18892	5913	12979	14348
50.203744	2	45	5	1	0	0	44692	115	111	7240	304000	3000	1448	536	516000	40000	115	0	0	0	0	0
50.203819	1	45	45	0	18892	5913	12979	14348
51.066272	2	46	5	1	0	0	45552	115	111	7240	303500	3000	1448	536	512000	40000	115	0	0	0	0	0
51.066344	1	46	46	0	18892	5913	12979	14348
52.270058	2	47	5	1	0	0	46756	115	111	7240	303500	3000	1448	536	512000	40000	115	0	0	0	0	0
52.270146	1	47	47	0	18892	5913	12979	14348
53.477013	2	48	5	1	0	0	47964	115	111	7240	303500	4000	1448	536	512000	40000	115	0	0	0	0	0
53.477106	1	48	48	0	18892	5913	12979	14348
54.174770	2	49	5	1	0	0	48660	115	111	7240	303500	3000	1448	536	512000	40000	115	0	0	0	0	0
54.174840	1	49	49	0	18892	5913	12979	14348
55.019083	2	50	5	1	0	0	49508	115	111	7240	304000	4000	1448	536	516000	40000	115	0	0	0	0	0
55.019154	1	50	50	0	18892	5913	12979	14348
56.222917	2	51	5	1	0	0	50708	115	111	7240	303500	3000	1448	536	512000	40000	115	0	0	0	0	0
56.223034	1	51	51	0	18892	5913	12979	14348
57.089024	2	52	5	1	0	0	51576	115	111	7240	303500	4000	1448	536	512000	40000	115	0	0	0	0	0
57.089095	1	52	52	0	18892	5913	12979	14348
58.292896	2	53	5	1	0	0	52780	115	111	7240	303500	3000	1448	536	512000	40000	115	0	0	0	0	0
58.292982	1	53	53	0	18892	5913	12979	14348
59.496743	2	54	5	1	0	0	53984	116	111	7240	303500	3000	1448	536	512000	40000	116	0	0	0	0	0
59.496863	1	54	54	0	18892	5913	12979	14348
60.193610	2	55	5	1	0	0	54680	116	111	7240	303500	3000	1448	536	512000	40000	116	0	0	0	0	0
60.193681	1	55	55	0	18892	5913	12979	14348
61.038199	2	56	5	1	0	0	55524	116	111	7240	303500	3000	1448	536	512000	40000	116	0	0	0	0	0
61.038275	1	56	56	0	18892	5913	12979	14348
62.241913	2	57	5	1	0	0	56728	116	111	7240	303500	3000	1448	536	512000	40000	116	0	0	0	0	0
62.242078	1	57	57	0	18892	5913	12979	14348
63.108155	2	58	5	1	0	0	57596	116	111	7240	303500	3000	1448	536	512000	40000	116	0	0	0	0	0
63.108262	1	58	58	0	18892	5913	12979	14348
64.312106	2	59	5	1	0	0	58800	116	111	7240	303500	3000	1448	536	512000	40000	116	0	0	0	0	0
64.312195	1	59	59	0	18892	5913	12979	14348
65.008836	2	60	5	1	0	0	59496	116	111	7240	303500	3000	1448	536	512000	40000	116	0	0	0	0	0
65.008905	1	60	60	0	18892	5913	12979	14348
66.212712	2	61	5	1	0	0	60700	116	111	7240	303500	3000	1448	536	512000	40000	116	0	0	0	0	0
66.212795	1	61	61	0	18892	5913	12979	14348
67.057410	2	62	5	1	0	0	61544	116	111	7240	303500	3000	1448	536	512000	40000	116	0	0	0	0	0
67.057479	1	62	62	0	18892	5913	12979	14348
68.261380	2	63	5	1	0	0	62748	116	111	7240	303500	3000	1448	536	512000	40000	116	0	0	0	0	0
68.261472	1	63	63	0	18892	5913	12979	14348
69.127652	2	64	5	1	0	0	63616	116	111	7240	304000	4000	1448	536	516000	40000	116	0	0	0	0	0
69.127727	1	64	64	0	18892	5913	12979	14348
70.331401	2	65	5	1	0	0	64820	116	111	7240	304000	4000	1448	536	516000	40000	116	0	0	0	0	0
70.331485	1	65	65	0	18892	5913	12979	14348
71.028278	2	66	5	1	0	0	65516	117	111	7240	303500	3000	1448	536	512000	40000	117	0	0	0	0	0
71.028349	1	66	66	0	18892	5913	12979	14348
72.231863	2	67	5	1	0	0	66720	117	111	7240	304000	4000	1448	536	516000	40000	117	0	0	0	0	0
72.231946	1	67	67	0	18892	5913	12979	14348
73.077754	2	68	5	1	0	0	67564	117	111	7240	303500	4000	1448	536	512000	40000	117	0	0	0	0	0
73.077829	1	68	68	0	18892	5913	12979	14348
74.281557	2	69	5	1	0	0	68768	117	111	7240	303500	4000	1448	536	512000	40000	117	0	0	0	0	0
74.281646	1	69	69	0	18892	5913	12979	14348
75.146551	2	70	5	1	0	0	69632	117	111	7240	303500	3000	1448	536	512000	40000	117	0	0	0	0	0
75.146621	1	70	70	0	18892	5913	12979	14348
76.350483	2	71	5	1	0	0	70836	117	111	7240	303500	3000	1448	536	512000	40000	117	0	0	0	0	0
76.350570	1	71	71	0	18892	5913	12979	14348
77.047232	2	72	5	1	0	0	71536	117	111	7240	304000	4000	1448	536	516000	40000	117	0	0	0	0	0
77.047302	1	72	72	0	18892	5913	12979	14348
78.250868	2	73	5	1	0	0	72736	117	111	7240	303500	3000	1448	536	512000	40000	117	0	0	0	0	0
78.250955	1	73	73	0	18892	5913	12979	14348
79.096787	2	74	5	1	0	0	73584	117	111	7240	303500	3000	1448	536	512000	40000	117	0	0	0	0	0
79.096863	1	74	74	0	18892	5913	12979	14348
80.300522	2	75	5	1	0	0	74788	117	111	7240	303500	3000	1448	536	512000	40000	117	0	0	0	0	0
80.300606	1	75	75	0	18892	5913	12979	14348
81.165354	2	76	5	1	0	0	75652	117	111	7240	303500	3000	1448	536	512000	40000	117	0	0	0	0	0
81.165428	1	76	76	0	18892	5913	12979	14348
82.368953	2	77	5	1	0	0	76856	117	111	7240	303500	4000	1448	536	512000	40000	117	0	0	0	0	0
82.369035	1	77	77	0	18892	5913	12979	14348
83.066574	2	78	5	1	0	0	77552	118	111	7240	303500	3000	1448	536	512000	40000	118	0	0	0	0	0
83.066649	1	78	78	0	18892	5913	12979	14348
84.270302	2	79	5	1	0	0	78756	118	111	7240	303500	4000	1448	536	512000	40000	118	0	0	0	0	0
84.270389	1	79	79	0	18892	5913	12979	14348
85.114329	2	80	5	1	0	0	79600	118	111	7240	303500	3000	1448	536	512000	40000	118	0	0	0	0	0
85.114399	1	80	80	0	18892	5913	12979	14348
86.318133	2	81	5	1	0	0	80804	118	111	7240	303500	3000	1448	536	512000	40000	118	0	0	0	0	0
86.318243	1	81	81	0	18892	5913	12979	14348
87.183495	2	82	5	1	0	0	81672	118	111	7240	304000	4000	1448	536	516000	40000	118	0	0	0	0	0
87.183580	1	82	82	0	18892	5913	12979	14348
88.387145	2	83	5	1	0	0	82876	118	111	7240	304000	4000	1448	536	516000	40000	118	0	0	0	0	0
88.387238	1	83	83	0	18892	5913	12979	14348
89.085118	2	84	5	1	0	0	83572	118	111	7240	303500	3000	1448	536	512000	40000	118	0	0	0	0	0
89.085189	1	84	84	0	18892	5913	12979	14348
90.289123	2	85	5	1	0	0	84776	118	111	7240	303500	3000	1448	536	512000	40000	118	0	0	0	0	0
90.289209	1	85	85	0	18892	5913	12979	14348
91.133288	2	86	5	1	0	0	85620	118	111	7240	303500	4000	1448	536	512000	40000	118	0	0	0	0	0
91.133393	1	86	86	0	18892	5913	12979	14348
92.003076	2	87	5	1	0	8	86492	118	111	7240	303500	3000	1448	536	512000	40000	118	0	0	0	0	0
92.003166	1	87	87	0	18892	5913	12979	14348
93.202349	2	88	5	1	0	0	87688	118	111	7240	303500	3000	1448	536	512000	40000	118	0	0	0	0	0
93.202518	1	88	88	0	18892	5913	12979	14348
94.406055	2	89	5	1	0	0	88892	119	111	7240	303500	3000	1448	536	512000	40000	119	0	0	0	0	0
94.406142	1	89	89	0	18892	5913	12979	14348
95.103904	2	90	5	1	0	0	89592	119	111	7240	304000	4000	1448	536	516000	40000	119	0	0	0	0	0
95.103973	1	90	90	0	18892	5913	12979	14348
96.307699	2	91	5	1	0	0	90796	119	111	7240	304000	4000	1448	536	516000	40000	119	0	0	0	0	0
96.307783	1	91	91	0	18892	5913	12979	14348
97.151718	2	92	5	1	0	0	91640	119	111	7240	304000	4000	1448	536	516000	40000	119	0	0	0	0	0
97.151788	1	92	92	0	18892	5913	12979	14348
98.017392	2	93	5	1	0	0	92504	119	111	7240	303500	3000	1448	536	512000	40000	119	0	0	0	0	0
98.017473	1	93	93	0	18892	5913	12979	14348
99.220903	2	94	5	1	0	0	93708	119	111	7240	303500	4000	1448	536	512000	40000	119	0	0	0	0	0
99.220996	1	94	94	0	18892	5913	12979	14348
100.424710	2	95	5	1	0	0	94912	119	111	7240	303500	4000	1448	536	512000	40000	119	0	0	0	0	0
100.424807	1	95	95	0	18892	5913	12979	14348
101.122278	2	96	5	1	0	0	95608	119	111	7240	303500	4000	1448	536	512000	40000	119	0	0	0	0	0
101.122349	1	96	96	0	18892	5913	12979	14348
102.325941	2	97	5	1	0	0	96812	119	111	7240	303500	4000	1448	536	512000	40000	119	0	0	0	0	0
102.326026	1	97	97	0	18892	5913	12979	14348
103.169993	2	98	5	1	0	0	97656	119	111	7240	303500	3000	1448	536	512000	40000	119	0	0	0	0	0
103.170065	1	98	98	0	18892	5913	12979	14348
104.036042	2	99	5	1	0	0	98524	119	111	7240	303500	3000	1448	536	512000	40000	119	0	0	0	0	0
104.036150	1	99	99	0	18892	5913	12979	14348
105.239869	2	100	5	1	0	0	99728	119	111	7240	304000	4000	1448	536	516000	40000	119	0	0	0	0	0
105.239948	1	100	100	0	18892	5913	12979	14348
106.443857	2	101	5	1	0	0	100932	120	111	7240	304000	4000	1448	536	516000	40000	120	0	0	0	0	0
106.443967	1	101	101	0	18892	5913	12979	14348
107.141230	2	102	5	1	0	0	101628	120	111	7240	303500	3000	1448	536	512000	40000	120	0	0	0	0	0
107.141321	1	102	102	0	18892	5913	12979	14348
108.345050	2	103	5	1	0	0	102832	120	111	7240	303500	3000	1448	536	512000	40000	120	0	0	0	0	0
108.345143	1	103	103	0	18892	5913	12979	14348
109.188869	2	104	5	1	0	0	103676	120	111	7240	303500	3000	1448	536	512000	40000	120	0	0	0	0	0
109.188943	1	104	104	0	18892	5913	12979	14348
110.055860	2	105	5	1	0	0	104544	120	111	7240	304000	4000	1448	536	516000	40000	120	0	0	0	0	0
110.055940	1	105	105	0	18892	5913	12979	14348
111.259599	2	106	5	1	0	0	105748	120	111	7240	304000	4000	1448	536	516000	40000	120	0	0	0	0	0
111.259685	1	106	106	0	18892	5913	12979	14348
112.463663	2	107	5	1	0	0	106952	120	111	7240	304000	4000	1448	536	516000	40000	120	0	0	0	0	0
112.463742	1	107	107	0	18892	5913	12979	14348
113.161240	2	108	5	1	0	0	107648	120	111	7240	303500	3000	1448	536	512000	40000	120	0	0	0	0	0
113.161312	1	108	108	0	18892	5913	12979	14348
114.004585	2	109	5	1	0	0	108492	120	111	7240	303500	3000	1448	536	512000	40000	120	0	0	0	0	0
114.004672	1	109	109	0	18892	5913	12979	14348
115.208603	2	110	5	1	0	0	109696	120	111	7240	303500	3000	1448	536	512000	40000	120	0	0	0	0	0
115.208682	1	110	110	0	18892	5913	12979	14348
116.075842	2	111	5	1	0	0	110564	120	111	7240	304000	4000	1448	536	516000	40000	120	0	0	0	0	0
116.075929	1	111	111	0	18892	5913	12979	14348
117.279657	2	112	5	1	0	0	111768	120	111	7240	304000	4000	1448	536	516000	40000	120	0	0	0	0	0
117.279743	1	112	112	0	18892	5913	12979	14348
118.483692	2	113	5	1	0	0	112972	120	111	7240	304000	4000	1448	536	516000	40000	120	0	0	0	0	0
118.483781	1	113	113	0	18892	5913	12979	14348
119.181335	2	114	5	1	0	0	113668	121	111	7240	303500	3000	1448	536	512000	40000	121	0	0	0	0	0
119.181407	1	114	114	0	18892	5913	12979	14348
120.024435	2	115	5	1	0	0	114512	121	111	7240	303500	3000	1448	536	512000	40000	121	0	0	0	0	0
120.024516	1	115	115	0	18892	5913	12979	14348
121.228289	2	116	5	1	0	0	115716	121	111	7240	303500	3000	1448	536	512000	40000	121	0	0	0	0	0
121.228371	1	116	116	0	18892	5913	12979	14348
122.095682	2	117	5	1	0	0	116584	121	111	7240	304000	4000	1448	536	516000	40000	121	0	0	0	0	0
122.095762	1	117	117	0	18892	5913	12979	14348
123.299596	2	118	5	1	0	0	117788	121	111	7240	304000	4000	1448	536	516000	40000	121	0	0	0	0	0
123.299764	1	118	118	0	18892	5913	12979	14348
124.003071	2	119	5	1	0	8	118492	121	111	7240	303500	3000	1448	536	512000	40000	121	0	0	0	0	0
124.003144	1	119	119	0	18892	5913	12979	14348
125.201027	2	120	5	1	0	0	119688	121	111	7240	303500	3000	1448	536	512000	40000	121	0	0	0	0	0
125.201106	1	120	120	0	18892	5913	12979	14348
126.043581	2	121	5	1	0	0	120532	121	111	7240	304000	3000	1448	536	516000	40000	121	0	0	0	0	0
126.043662	1	121	121	0	18892	5913	12979	14348
127.247437	2	122	5	1	0	0	121736	121	111	7240	304000	3000	1448	536	516000	40000	121	0	0	0	0	0
127.247549	1	122	122	0	18892	5913	12979	14348
128.114797	2	123	5	1	0	0	122600	121	111	7240	303500	3000	1448	536	512000	40000	121	0	0	0	0	0
128.114872	1	123	123	0	18892	5913	12979	14348
129.318717	2	124	5	1	0	0	123804	121	111	7240	303500	3000	1448	536	512000	40000	121	0	0	0	0	0
129.318805	1	124	124	0	18892	5913	12979	14348
130.016331	2	125	5	1	0	0	124504	121	111	7240	303500	4000	1448	536	512000	40000	121	0	0	0	0	0
130.016402	1	125	125	0	18892	5913	12979	14348
131.220113	2	126	5	1	0	0	125708	122	111	7240	303500	4000	1448	536	512000	40000	122	0	0	0	0	0
131.220195	1	126	126	0	18892	5913	12979	14348
132.062407	2	127	5	1	0	0	126548	122	111	7240	303500	4000	1448	536	512000	40000	122	0	0	0	0	0
132.062483	1	127	127	0	18892	5913	12979	14348
133.266249	2	128	5	1	0	0	127752	122	111	7240	303500	4000	1448	536	512000	40000	122	0	0	0	0	0
133.266334	1	128	128	0	18892	5913	12979	14348
134.134185	2	129	5	1	0	0	128620	122	111	7240	303500	3000	1448	536	512000	40000	122	0	0	0	0	0
134.134262	1	129	129	0	18892	5913	12979	14348
135.338050	2	130	5	1	0	0	129824	122	111	7240	303500	3000	1448	536	512000	40000	122	0	0	0	0	0
135.338135	1	130	130	0	18892	5913	12979	14348
136.035455	2	131	5	1	0	0	130524	122	111	7240	304000	4000	1448	536	516000	40000	122	0	0	0	0	0
136.035525	1	131	131	0	18892	5913	12979	14348
137.239335	2	132	5	1	0	0	131728	122	111	7240	304000	4000	1448	536	516000	40000	122	0	0	0	0	0
137.239413	1	132	132	0	18892	5913	12979	14348
138.083858	2	133	5	1	0	0	132572	122	111	7240	304000	4000	1448	536	516000	40000	122	0	0	0	0	0
138.083931	1	133	133	0	18892	5913	12979	14348
139.287719	2	134	5	1	0	0	133776	122	111	7240	304000	4000	1448	536	516000	40000	122	0	0	0	0	0
139.287806	1	134	134	0	18892	5913	12979	14348
140.153142	2	135	5	1	0	0	134640	122	111	7240	303500	4000	1448	536	512000	40000	122	0	0	0	0	0
140.153216	1	135	135	0	18892	5913	12979	14348
141.357054	2	136	5	1	0	0	135844	122	111	7240	303500	4000	1448	536	512000	40000	122	0	0	0	0	0
141.357134	1	136	136	0	18892	5913	12979	14348
142.054760	2	137	5	1	0	0	136540	122	111	7240	303500	3000	1448	536	512000	40000	122	0	0	0	0	0
142.054830	1	137	137	0	18892	5913	12979	14348
143.258490	2	138	5	1	0	0	137744	123	111	7240	303500	3000	1448	536	512000	40000	123	0	0	0	0	0
143.258573	1	138	138	0	18892	5913	12979	14348
144.103079	2	139	5	1	0	4	138592	123	111	7240	303500	3000	1448	536	512000	40000	123	0	0	0	0	0
144.103156	1	139	139	0	18892	5913	12979	14348
145.306950	2	140	5	1	0	0	139792	123	111	7240	303500	3000	1448	536	512000	40000	123	0	0	0	0	0
145.307037	1	140	140	0	18892	5913	12979	14348
146.172402	2	141	5	1	0	0	140660	123	111	7240	303500	4000	1448	536	512000	40000	123	0	0	0	0	0
146.172473	1	141	141	0	18892	5913	12979	14348
147.376361	2	142	5	1	0	0	141864	123	111	7240	303500	3000	1448	536	512000	40000	123	0	0	0	0	0
147.376449	1	142	142	0	18892	5913	12979	14348
148.073763	2	143	5	1	0	0	142560	123	111	7240	303500	4000	1448	536	512000	40000	123	0	0	0	0	0
148.073834	1	143	143	0	18892	5913	12979	14348
149.277654	2	144	5	1	0	0	143764	123	111	7240	303500	4000	1448	536	512000	40000	123	0	0	0	0	0
149.277740	1	144	144	0	18892	5913	12979	14348
150.122455	2	145	5	1	0	0	144608	123	111	7240	303500	3000	1448	536	512000	40000	123	0	0	0	0	0
150.122531	1	145	145	0	18892	5913	12979	14348
151.326359	2	146	5	1	0	0	145812	123	111	7240	303500	3000	1448	536	512000	40000	123	0	0	0	0	0
151.326441	1	146	146	0	18892	5913	12979	14348
152.192421	2	147	5	1	0	0	146680	123	111	7240	303500	3000	1448	536	512000	40000	123	0	0	0	0	0
152.192492	1	147	147	0	18892	5913	12979	14348
153.399953	2	148	5	1	0	0	147888	123	111	7240	304000	4000	1448	536	516000	40000	123	0	0	0	0	0
153.400040	1	148	148	0	18892	5913	12979	14348
154.093122	2	149	5	1	0	0	148580	123	111	7240	303500	4000	1448	536	512000	40000	123	0	0	0	0	0
154.093198	1	149	149	0	18892	5913	12979	14348
155.297026	2	150	5	1	0	0	149784	123	111	7240	303500	4000	1448	536	512000	40000	123	0	0	0	0	0
155.297116	1	150	150	0	18892	5913	12979	14348
156.147333	2	151	5	1	0	0	150636	124	111	7240	304000	4000	1448	536	516000	40000	124	0	0	0	0	0
156.147403	1	151	151	0	18892	5913	12979	14348
157.011451	2	152	5	1	0	0	151500	124	111	7240	304000	4000	1448	536	516000	40000	124	0	0	0	0	0
157.011527	1	152	152	0	18892	5913	12979	14348
158.215257	2	153	5	1	0	0	152704	124	111	7240	304000	4000	1448	536	516000	40000	124	0	0	0	0	0
158.215346	1	153	153	0	18892	5913	12979	14348
159.419006	2	154	5	1	0	0	153904	124	111	7240	303500	3000	1448	536	512000	40000	124	0	0	0	0	0
159.419096	1	154	154	0	18892	5913	12979	14348
160.111573	2	155	5	1	0	0	154600	124	111	7240	304000	4000	1448	536	516000	40000	124	0	0	0	0	0
160.111647	1	155	155	0	18892	5913	12979	14348
161.315259	2	156	5	1	0	0	155804	124	111	7240	304000	4000	1448	536	516000	40000	124	0	0	0	0	0
161.315349	1	156	156	0	18892	5913	12979	14348
162.165408	2	157	5	1	0	0	156652	124	111	7240	303500	4000	1448	536	512000	40000	124	0	0	0	0	0
162.165480	1	157	157	0	18892	5913	12979	14348
163.029948	2	158	5	1	0	0	157516	124	111	7240	303500	3000	1448	536	512000	40000	124	0	0	0	0	0
163.030021	1	158	158	0	18892	5913	12979	14348
164.233606	2	159	5	1	0	0	158720	124	111	7240	303500	4000	1448	536	512000	40000	124	0	0	0	0	0
164.233697	1	159	159	0	18892	5913	12979	14348
165.437662	2	160	5	1	0	0	159924	124	111	7240	303500	4000	1448	536	512000	40000	124	0	0	0	0	0
165.437751	1	160	160	0	18892	5913	12979	14348
166.129900	2	161	5	1	0	0	160616	124	111	7240	303500	3000	1448	536	512000	40000	124	0	0	0	0	0
166.129972	1	161	161	0	18892	5913	12979	14348
167.333584	2	162	5	1	0	0	161820	124	111	7240	303500	3000	1448	536	512000	40000	124	0	0	0	0	0
167.333665	1	162	162	0	18892	5913	12979	14348
168.183461	2	163	5	1	0	0	162672	125	111	7240	304000	4000	1448	536	516000	40000	125	0	0	0	0	0
168.183535	1	163	163	0	18892	5913	12979	14348
169.048594	2	164	5	1	0	0	163536	125	111	7240	303500	3000	1448	536	512000	40000	125	0	0	0	0	0
169.048671	1	164	164	0	18892	5913	12979	14348
170.252564	2	165	5	1	0	0	164740	125	111	7240	303500	3000	1448	536	512000	40000	125	0	0	0	0	0
170.252648	1	165	165	0	18892	5913	12979	14348
171.456496	2	166	5	1	0	0	165944	125	111	7240	303500	3000	1448	536	512000	40000	125	0	0	0	0	0
171.456580	1	166	166	0	18892	5913	12979	14348
172.148306	2	167	5	1	0	0	166636	125	111	7240	303500	4000	1448	536	512000	40000	125	0	0	0	0	0
172.148378	1	167	167	0	18892	5913	12979	14348
173.003074	2	168	5	1	0	8	167492	125	111	7240	303500	3000	1448	536	512000	40000	125	0	0	0	0	0
173.003151	1	168	168	0	18892	5913	12979	14348
174.202906	2	169	5	1	0	0	168688	125	111	7240	303500	3000	1448	536	512000	40000	125	0	0	0	0	0
174.202995	1	169	169	0	18892	5913	12979	14348
175.068406	2	170	5	1	0	0	169556	125	111	7240	303500	3000	1448	536	512000	40000	125	0	0	0	0	0
175.068478	1	170	170	0	18892	5913	12979	14348
176.272155	2	171	5	1	0	0	170760	125	111	7240	303500	3000	1448	536	512000	40000	125	0	0	0	0	0
176.272242	1	171	171	0	18892	5913	12979	14348
177.475888	2	172	5	1	0	0	171964	125	111	7240	304000	4000	1448	536	516000	40000	125	0	0	0	0	0
177.475969	1	172	172	0	18892	5913	12979	14348
178.166562	2	173	5	1	0	0	172652	125	111	7240	303500	3000	1448	536	512000	40000	125	0	0	0	0	0
178.166637	1	173	173	0	18892	5913	12979	14348
179.016675	2	174	5	1	0	0	173504	125	111	7240	303500	3000	1448	536	512000	40000	125	0	0	0	0	0
179.016751	1	174	174	0	18892	5913	12979	14348
180.220469	2	175	5	1	0	0	174708	125	111	7240	303500	3000	1448	536	512000	40000	125	0	0	0	0	0
180.220589	1	175	175	0	18892	5913	12979	14348
181.086921	2	176	5	1	0	0	175572	126	111	7240	303500	3000	1448	536	512000	40000	126	0	0	0	0	0
181.086991	1	176	176	0	18892	5913	12979	14348
182.290522	2	177	5	1	0	0	176776	126	111	7240	303500	3000	1448	536	512000	40000	126	0	0	0	0	0
182.290694	1	177	177	0	18892	5913	12979	14348
183.493887	2	178	5	1	0	0	177980	126	111	7240	303500	3000	1448	536	512000	40000	126	0	0	0	0	0
183.493973	1	178	178	0	18892	5913	12979	14348
184.184712	2	179	5	1	0	0	178672	126	111	7240	303500	3000	1448	536	512000	40000	126	0	0	0	0	0
184.184788	1	179	179	0	18892	5913	12979	14348
185.034609	2	180	5	1	0	0	179520	126	111	7240	303500	3000	1448	536	512000	40000	126	0	0	0	0	0
185.034682	1	180	180	0	18892	5913	12979	14348
186.238423	2	181	5	1	0	0	180724	126	111	7240	303500	3000	1448	536	512000	40000	126	0	0	0	0	0
186.238504	1	181	181	0	18892	5913	12979	14348
187.104294	2	182	5	1	0	0	181592	126	111	7240	303500	3000	1448	536	512000	40000	126	0	0	0	0	0
187.104364	1	182	182	0	18892	5913	12979	14348
188.308009	2	183	5	1	0	0	182796	126	111	7240	303500	3000	1448	536	512000	40000	126	0	0	0	0	0
188.308097	1	183	183	0	18892	5913	12979	14348
189.003071	2	184	5	1	0	8	183492	126	111	7240	303500	3000	1448	536	512000	40000	126	0	0	0	0	0
189.003145	1	184	184	0	18892	5913	12979	14348
190.202693	2	185	5	1	0	0	184688	126	111	7240	303500	3000	1448	536	512000	40000	126	0	0	0	0	0
190.202781	1	185	185	0	18892	5913	12979	14348
191.052656	2	186	5	1	0	0	185540	126	111	7240	303500	3000	1448	536	512000	40000	126	0	0	0	0	0
191.052727	1	186	186	0	18892	5913	12979	14348
192.256200	2	187	5	1	0	0	186744	126	111	7240	303500	3000	1448	536	512000	40000	126	0	0	0	0	0
192.256287	1	187	187	0	18892	5913	12979	14348
193.122958	2	188	5	1	0	0	187608	126	111	7240	303500	3000	1448	536	512000	40000	126	0	0	0	0	0
193.123031	1	188	188	0	18892	5913	12979	14348
194.326673	2	189	5	1	0	0	188812	127	111	7240	303500	3000	1448	536	512000	40000	127	0	0	0	0	0
194.326765	1	189	189	0	18892	5913	12979	14348
195.016945	2	190	5	1	0	0	189504	127	111	7240	303500	3000	1448	536	512000	40000	127	0	0	0	0	0
195.017017	1	190	190	0	18892	5913	12979	14348
196.220454	2	191	5	1	0	0	190708	127	111	7240	303500	4000	1448	536	512000	40000	127	0	0	0	0	0
196.220541	1	191	191	0	18892	5913	12979	14348
197.070440	2	192	5	1	0	0	191556	127	111	7240	303500	3000	1448	536	512000	40000	127	0	0	0	0	0
197.070512	1	192	192	0	18892	5913	12979	14348
198.273997	2	193	5	1	0	0	192760	127	111	7240	303500	3000	1448	536	512000	40000	127	0	0	0	0	0
198.274087	1	193	193	0	18892	5913	12979	14348
199.141476	2	194	5	1	0	0	193628	127	111	7240	303500	3000	1448	536	512000	40000	127	0	0	0	0	0
199.141550	1	194	194	0	18892	5913	12979	14348
200.344936	2	195	5	1	0	0	194832	127	111	7240	303500	3000	1448	536	512000	40000	127	0	0	0	0	0
200.345029	1	195	195	0	18892	5913	12979	14348
201.034899	2	196	5	1	0	0	195520	127	111	7240	303500	3000	1448	536	512000	40000	127	0	0	0	0	0
201.034970	1	196	196	0	18892	5913	12979	14348
202.239072	2	197	5	1	0	4	196728	127	111	7240	303500	3000	1448	536	512000	40000	127	0	0	0	0	0
202.239158	1	197	197	0	18892	5913	12979	14348
203.088394	2	198	5	1	0	0	197576	127	111	7240	303500	3000	1448	536	512000	40000	127	0	0	0	0	0
203.088466	1	198	198	0	18892	5913	12979	14348
204.292014	2	199	5	1	0	0	198780	127	111	7240	303500	3000	1448	536	512000	40000	127	0	0	0	0	0
204.292101	1	199	199	0	18892	5913	12979	14348
205.160624	2	200	5	1	0	0	199648	127	111	7240	303500	4000	1448	536	512000	40000	127	0	0	0	0	0
205.160700	1	200	200	0	18892	5913	12979	14348
206.364006	2	201	5	1	0	0	200852	128	111	7240	303500	3000	1448	536	512000	40000	128	0	0	0	0	0
206.364092	1	201	201	0	18892	5913	12979	14348
207.053295	2	202	5	1	0	0	201540	128	111	7240	303500	3000	1448	536	512000	40000	128	0	0	0	0	0
207.053366	1	202	202	0	18892	5913	12979	14348
208.175366	2	203	5	1	0	0	202664	128	111	7240	304000	4000	1448	536	516000	40000	97	0	0	0	0	0
208.175452	1	203	203	0	18892	5913	12979	14348
209.386713	2	204	5	1	0	0	203872	128	111	7240	303500	3000	1448	536	512000	40000	128	0	0	0	0	0
209.386803	1	204	204	0	18892	5913	12979	14348
210.074687	2	205	5	1	0	0	204560	128	111	7240	303500	3000	1448	536	512000	40000	128	0	0	0	0	0
210.074758	1	205	205	0	18892	5913	12979	14348
211.199908	2	206	5	1	0	0	205688	128	111	7240	304000	4000	1448	536	516000	40000	97	0	0	0	0	0
211.200078	1	206	206	0	18892	5913	12979	14348
212.410807	2	207	5	1	0	0	206896	128	111	7240	303500	3000	1448	536	512000	40000	128	0	0	0	0	0
212.410895	1	207	207	0	18892	5913	12979	14348
213.098929	2	208	5	1	0	0	207584	128	111	7240	303500	3000	1448	536	512000	40000	128	0	0	0	0	0
213.099001	1	208	208	0	18892	5913	12979	14348
214.223600	2	209	5	1	0	0	208712	128	111	7240	304000	4000	1448	536	516000	40000	97	0	0	0	0	0
214.223688	1	209	209	0	18892	5913	12979	14348
215.434649	2	210	5	1	0	0	209920	128	111	7240	303500	3000	1448	536	512000	40000	128	0	0	0	0	0
215.434739	1	210	210	0	18892	5913	12979	14348
216.122782	2	211	5	1	0	0	210608	128	111	7240	307000	11000	1448	536	516000	40000	128	0	0	0	0	0
216.122853	1	211	211	0	18892	5913	12979	14348
217.285085	2	212	5	1	0	0	211772	128	111	7240	303500	4000	1448	536	512000	40000	97	0	0	0	0	0
217.285170	1	212	212	0	18892	5913	12979	14348
218.495001	2	213	5	1	0	0	212980	128	111	7240	303500	3000	1448	536	512000	40000	128	0	0	0	0	0
218.495078	1	213	213	0	18892	5913	12979	14348
219.146644	2	214	5	1	0	0	213632	129	111	7240	303500	3000	1448	536	512000	40000	129	0	0	0	0	0
219.146716	1	214	214	0	18892	5913	12979	14348
220.006913	2	215	5	1	0	0	214492	129	111	7240	303500	3000	1448	536	512000	40000	129	0	0	0	0	0
220.006995	1	215	215	0	18892	5913	12979	14348
221.521469	2	216	5	1	0	0	216008	129	111	7240	303500	3000	1448	536	512000	40000	129	0	0	0	0	0
221.521558	1	216	216	0	18892	5913	12979	14348
222.170376	2	217	5	1	0	0	216656	129	111	7240	303500	3000	1448	536	512000	40000	129	0	0	0	0	0
222.170450	1	217	217	0	18892	5913	12979	14348
223.030701	2	218	5	1	0	0	217516	129	111	7240	303500	3000	1448	536	512000	40000	129	0	0	0	0	0
223.030773	1	218	218	0	18892	5913	12979	14348
224.542283	2	219	5	1	0	0	219028	129	111	7240	303500	3000	1448	536	512000	40000	129	0	0	0	0	0
224.542375	1	219	219	0	18892	5913	12979	14348
225.194570	2	220	5	1	0	0	219680	129	111	7240	303500	3000	1448	536	512000	40000	129	0	0	0	0	0
225.194642	1	220	220	0	18892	5913	12979	14348
226.054667	2	221	5	1	0	0	220540	129	111	7240	303500	3000	1448	536	512000	40000	129	0	0	0	0	0
226.054751	1	221	221	0	18892	5913	12979	14348
227.007592	2	222	5	1	0	0	221496	129	111	7240	304000	4000	1448	536	516000	40000	96	0	0	0	0	0
227.007663	1	222	222	0	18892	5913	12979	14348
228.218665	2	223	5	1	0	0	222704	129	111	7240	303500	3000	1448	536	512000	40000	129	0	0	0	0	0
228.218753	1	223	223	0	18892	5913	12979	14348
229.078737	2	224	5	1	0	0	223564	129	111	7240	303500	3000	1448	536	512000	40000	129	0	0	0	0	0
229.078809	1	224	224	0	18892	5913	12979	14348
230.031681	2	225	5	1	0	0	224520	129	111	7240	304000	4000	1448	536	516000	40000	96	0	0	0	0	0
230.031767	1	225	225	0	18892	5913	12979	14348
231.243025	2	226	5	1	0	0	225728	130	111	7240	303500	3000	1448	536	512000	40000	130	0	0	0	0	0
231.243105	1	226	226	0	18892	5913	12979	14348
232.102798	2	227	5	1	0	0	226588	130	111	7240	303500	3000	1448	536	512000	40000	130	0	0	0	0	0
232.102876	1	227	227	0	18892	5913	12979	14348
233.055980	2	228	5	1	0	0	227544	130	111	7240	304000	4000	1448	536	516000	40000	95	0	0	0	0	0
233.056051	1	228	228	0	18892	5913	12979	14348
234.267162	2	229	5	1	0	0	228756	130	111	7240	304000	4000	1448	536	516000	40000	130	0	0	0	0	0
234.267248	1	229	229	0	18892	5913	12979	14348
235.127136	2	230	5	1	0	0	229616	130	111	7240	304000	4000	1448	536	516000	40000	130	0	0	0	0	0
235.127211	1	230	230	0	18892	5913	12979	14348
236.079742	2	231	5	1	0	0	230568	130	111	7240	304000	4000	1448	536	516000	40000	95	0	0	0	0	0
236.079827	1	231	231	0	18892	5913	12979	14348
237.290633	2	232	5	1	0	0	231776	130	111	7240	303500	3000	1448	536	512000	40000	130	0	0	0	0	0
237.290718	1	232	232	0	18892	5913	12979	14348
238.150624	2	233	5	1	0	0	232636	130	111	7240	303500	3000	1448	536	512000	40000	130	0	0	0	0	0
238.150695	1	233	233	0	18892	5913	12979	14348
239.103641	2	234	5	1	0	0	233592	130	111	7240	304000	4000	1448	536	516000	40000	95	0	0	0	0	0
239.103720	1	234	234	0	18892	5913	12979	14348
240.314735	2	235	5	1	0	0	234800	130	111	7240	303500	3000	1448	536	512000	40000	130	0	0	0	0	0
240.314821	1	235	235	0	18892	5913	12979	14348
241.174744	2	236	5	1	0	0	235660	130	111	7240	303500	3000	1448	536	512000	40000	130	0	0	0	0	0
241.174909	1	236	236	0	18892	5913	12979	14348
242.127531	2	237	5	1	0	0	236616	130	111	7240	304000	4000	1448	536	516000	40000	95	0	0	0	0	0
242.127610	1	237	237	0	18892	5913	12979	14348
243.338719	2	238	5	1	0	0	237824	131	111	7240	303500	3000	1448	536	512000	40000	131	0	0	0	0	0
243.338808	1	238	238	0	18892	5913	12979	14348
244.201272	2	239	5	1	0	0	238688	131	111	7240	303500	3000	1448	536	512000	40000	131	0	0	0	0	0
244.201344	1	239	239	0	18892	5913	12979	14348
245.151614	2	240	5	1	0	0	239640	131	111	7240	304000	4000	1448	536	516000	40000	94	0	0	0	0	0
245.151689	1	240	240	0	18892	5913	12979	14348
246.011748	2	241	5	1	0	0	240500	131	111	7240	304000	4000	1448	536	516000	40000	94	0	0	0	0	0
246.011830	1	241	241	0	18892	5913	12979	14348
247.222573	2	242	5	1	0	0	241708	131	111	7240	303500	3000	1448	536	512000	40000	131	0	0	0	0	0
247.222646	1	242	242	0	18892	5913	12979	14348
248.175642	2	243	5	1	0	0	242664	131	111	7240	304000	4000	1448	536	516000	40000	94	0	0	0	0	0
248.175724	1	243	243	0	18892	5913	12979	14348
249.035708	2	244	5	1	0	0	243524	131	111	7240	304000	4000	1448	536	516000	40000	94	0	0	0	0	0
249.035792	1	244	244	0	18892	5913	12979	14348
250.246528	2	245	5	1	0	0	244732	131	111	7240	303500	3000	1448	536	512000	40000	131	0	0	0	0	0
250.246611	1	245	245	0	18892	5913	12979	14348
251.199576	2	246	5	1	0	0	245688	131	111	7240	304000	4000	1448	536	516000	40000	94	0	0	0	0	0
251.199655	1	246	246	0	18892	5913	12979	14348
252.059739	2	247	5	1	0	0	246548	131	111	7240	304000	4000	1448	536	516000	40000	94	0	0	0	0	0
252.059838	1	247	247	0	18892	5913	12979	14348
253.270959	2	248	5	1	0	0	247756	131	111	7240	303500	3000	1448	536	512000	40000	131	0	0	0	0	0
253.271036	1	248	248	0	18892	5913	12979	14348
254.227831	2	249	5	1	0	0	248716	131	111	7240	304000	4000	1448	536	516000	40000	94	0	0	0	0	0
254.227909	1	249	249	0	18892	5913	12979	14348
255.083628	2	250	5	1	0	0	249572	131	111	7240	304000	4000	1448	536	516000	40000	94	0	0	0	0	0
255.083704	1	250	250	0	18892	5913	12979	14348
256.047981	2	251	5	1	0	0	250536	132	111	7240	303500	3000	1448	536	512000	40000	97	0	0	0	0	0
256.048061	1	251	251	0	18892	5913	12979	14348
257.272022	2	252	5	1	0	0	251760	132	111	7240	303500	3000	1448	536	512000	40000	96	0	0	0	0	0
257.272099	1	252	252	0	18892	5913	12979	14348
258.188223	2	253	5	1	0	0	252676	132	111	7240	303500	3000	1448	536	512000	40000	93	0	0	0	0	0
258.188295	1	253	253	0	18892	5913	12979	14348
259.090809	2	254	5	1	0	0	253576	132	111	7240	303500	3000	1448	536	512000	40000	132	0	0	0	0	0
259.090880	1	254	254	0	18892	5913	12979	14348
260.314556	2	255	5	1	0	0	254800	132	111	7240	303500	3000	1448	536	512000	40000	132	0	0	0	0	0
260.314647	1	255	255	0	18892	5913	12979	14348
261.538552	2	256	5	1	0	0	256024	132	111	7240	303500	3000	1448	536	512000	40000	132	0	0	0	0	0
261.538646	1	256	256	0	18892	5913	12979	14348
262.168021	2	257	5	1	0	0	256656	132	111	7240	303500	3000	1448	536	512000	40000	96	0	0	0	0	0
262.168092	1	257	257	0	18892	5913	12979	14348
263.083825	2	258	5	1	0	0	257572	132	111	7240	303500	3000	1448	536	512000	40000	93	0	0	0	0	0
263.083897	1	258	258	0	18892	5913	12979	14348
264.003083	2	259	5	1	0	4	258492	132	111	7240	303500	3000	1448	536	512000	40000	90	0	0	0	0	0
264.003173	1	259	259	0	18892	5913	12979	14348
265.210632	2	260	5	1	0	0	259696	132	111	7240	303500	3000	1448	536	512000	40000	132	0	0	0	0	0
265.210715	1	260	260	0	18892	5913	12979	14348
266.434231	2	261	5	1	0	0	260920	133	111	7240	303500	3000	1448	536	512000	40000	133	0	0	0	0	0
266.434318	1	261	261	0	18892	5913	12979	14348
267.063918	2	262	5	1	0	0	261552	133	111	7240	303500	3000	1448	536	512000	40000	94	0	0	0	0	0
267.063989	1	262	262	0	18892	5913	12979	14348
268.271955	2	263	5	1	0	0	262760	133	111	7240	303500	3000	1448	536	512000	40000	94	0	0	0	0	0
268.272042	1	263	263	0	18892	5913	12979	14348
269.174513	2	264	5	1	0	0	263660	133	111	7240	303500	3000	1448	536	512000	40000	133	0	0	0	0	0
269.174590	1	264	264	0	18892	5913	12979	14348
270.111960	2	265	5	1	0	0	264600	133	111	7240	303500	3000	1448	536	512000	40000	96	0	0	0	0	0
270.112040	1	265	265	0	18892	5913	12979	14348
271.027896	2	266	5	1	0	0	265516	133	111	7240	303500	3000	1448	536	512000	40000	92	0	0	0	0	0
271.027980	1	266	266	0	18892	5913	12979	14348
272.239123	2	267	5	1	0	0	266728	133	111	7240	304000	4000	1448	536	516000	40000	133	0	0	0	0	0
272.239206	1	267	267	0	18892	5913	12979	14348
273.176044	2	268	5	1	0	0	267664	133	111	7240	303500	3000	1448	536	512000	40000	96	0	0	0	0	0
273.176116	1	268	268	0	18892	5913	12979	14348
274.091820	2	269	5	1	0	0	268580	133	111	7240	303500	3000	1448	536	512000	40000	92	0	0	0	0	0
274.091906	1	269	269	0	18892	5913	12979	14348
275.302622	2	270	5	1	0	0	269788	133	111	7240	303500	3000	1448	536	512000	40000	133	0	0	0	0	0
275.302707	1	270	270	0	18892	5913	12979	14348
276.240040	2	271	5	1	0	0	270728	134	111	7240	303500	3000	1448	536	512000	40000	95	0	0	0	0	0
276.240118	1	271	271	0	18892	5913	12979	14348
277.450685	2	272	5	1	0	0	271936	134	111	7240	303500	3000	1448	536	512000	40000	134	0	0	0	0	0
277.450763	1	272	272	0	18892	5913	12979	14348
278.089619	2	273	5	1	0	0	272576	134	111	7240	309000	11000	1448	536	520000	40000	92	0	0	0	0	0
278.089690	1	273	273	0	18892	5913	12979	14348
279.004075	2	274	5	1	0	0	273492	134	111	7240	304500	5000	1448	536	516000	40000	91	0	0	0	0	0
279.004154	1	274	274	0	18892	5913	12979	14348
280.236054	2	275	5	1	0	0	274724	134	111	7240	303500	3000	1448	536	512000	40000	95	0	0	0	0	0
280.236136	1	275	275	0	18892	5913	12979	14348
281.446769	2	276	5	1	0	0	275932	134	111	7240	303500	3000	1448	536	512000	40000	134	0	0	0	0	0
281.446860	1	276	276	0	18892	5913	12979	14348
282.075967	2	277	5	1	0	0	276564	134	111	7240	305000	5000	1448	536	516000	40000	92	0	0	0	0	0
282.076037	1	277	277	0	18892	5913	12979	14348
283.003081	2	278	5	1	0	4	277492	134	111	7240	303500	3000	1448	536	512000	40000	95	0	0	0	0	0
283.003159	1	278	278	0	18892	5913	12979	14348
284.210404	2	279	5	1	0	0	278696	134	111	7240	303500	3000	1448	536	512000	40000	134	0	0	0	0	0
284.210496	1	279	279	0	18892	5913	12979	14348
285.148085	2	280	5	1	0	0	279636	134	111	7240	303500	4000	1448	536	512000	40000	93	0	0	0	0	0
285.148167	1	280	280	0	18892	5913	12979	14348
286.071708	2	281	5	1	0	0	280560	134	111	7240	303500	3000	1448	536	512000	40000	96	0	0	0	0	0
286.071799	1	281	281	0	18892	5913	12979	14348
287.295946	2	282	5	1	0	0	281784	134	111	7240	305000	4000	1448	536	516000	40000	91	0	0	0	0	0
287.296032	1	282	282	0	18892	5913	12979	14348
288.220058	2	283	5	1	0	16	282708	135	111	7240	303500	3000	1448	536	512000	40000	92	0	0	0	0	0
288.220134	1	283	283	0	18892	5913	12979	14348
289.143990	2	284	5	1	0	36	283632	135	111	7240	303500	3000	1448	536	512000	40000	92	0	0	0	0	0
289.144076	1	284	284	0	18892	5913	12979	14348
290.068055	2	285	5	1	0	60	284556	135	111	7240	303500	3000	1448	536	512000	40000	92	0	0	0	0	0
290.068144	1	285	285	0	18892	5913	12979	14348
291.003071	2	286	5	1	0	4	285492	135	111	7240	303500	3000	1448	536	512000	40000	135	0	0	0	0	0
291.003146	1	286	286	0	18892	5913	12979	14348
292.224127	2	287	5	1	0	108	286712	135	111	7240	303500	3000	1448	536	512000	40000	92	0	0	0	0	0
292.224218	1	287	287	0	18892	5913	12979	14348
293.148180	2	288	5	1	0	128	287636	135	111	7240	303500	3000	1448	536	512000	40000	92	0	0	0	0	0
293.148261	1	288	288	0	18892	5913	12979	14348
294.072034	2	289	5	1	0	148	288560	135	111	7240	303500	4000	1448	536	512000	40000	92	0	0	0	0	0
294.072127	1	289	289	0	18892	5913	12979	14348
295.003080	2	290	5	1	0	0	289492	135	111	7240	303500	3000	1448	536	512000	40000	135	0	0	0	0	0
295.003152	1	290	290	0	18892	5913	12979	14348
296.228105	2	291	5	1	0	200	290716	135	111	7240	303500	3000	1448	536	512000	40000	92	0	0	0	0	0
296.228198	1	291	291	0	18892	5913	12979	14348
297.152020	2	292	5	1	0	220	291640	135	111	7240	303500	3000	1448	536	512000	40000	92	0	0	0	0	0
297.152093	1	292	292	0	18892	5913	12979	14348
298.076030	2	293	5	1	0	244	292564	136	111	7240	303500	3000	1448	536	512000	40000	92	0	0	0	0	0
298.076116	1	293	293	0	18892	5913	12979	14348
299.287195	2	294	5	1	0	0	293776	136	111	7240	306500	9000	1448	536	516000	40000	135	0	0	0	0	0
299.287286	1	294	294	0	18892	5913	12979	14348
300.190271	2	295	5	1	0	0	294676	136	111	7240	311000	17000	1448	536	520000	40000	135	0	0	0	0	0
300.190435	1	295	295	0	18892	5913	12979	14348
301.093193	2	296	5	1	0	0	295580	136	111	7240	313000	18000	1448	536	524000	40000	135	0	0	0	0	0
301.093267	1	296	296	0	18892	5913	12979	14348
302.003081	2	297	5	1	0	8	296492	136	111	7240	312500	15000	1448	536	524000	40000	135	0	0	0	0	0
302.003170	1	297	297	0	18892	5913	12979	14348
303.200330	2	298	5	1	0	0	297688	136	111	7240	312000	15000	1448	536	524000	40000	135	0	0	0	0	0
303.200410	1	298	298	0	18892	5913	12979	14348
304.103398	2	299	5	1	0	0	298592	136	111	7240	312500	17000	1448	536	524000	40000	135	0	0	0	0	0
304.103487	1	299	299	0	18892	5913	12979	14348
305.006427	2	300	5	1	0	0	299492	136	111	7240	311000	17000	1448	536	520000	40000	135	0	0	0	0	0
305.006499	1	300	300	0	18892	5913	12979	14348
306.210459	2	301	5	1	0	0	300696	136	111	7240	313500	18000	1448	536	524000	40000	135	0	0	0	0	0
306.210548	1	301	301	0	18892	5913	12979	14348
307.113393	2	302	5	1	0	0	301600	136	111	7240	314000	18000	1448	536	524000	40000	135	0	0	0	0	0
307.113501	1	302	302	0	18892	5913	12979	14348
308.016207	2	303	5	1	0	0	302504	136	111	7240	314000	19000	1448	536	524000	40000	135	0	0	0	0	0
308.016292	1	303	303	0	18892	5913	12979	14348
308.022661	3	1	5	10.1.1.1	37005	htdocs/file.txt
