9.166747	2	4	5	1	0	0	4156	112	111	7240	103500	3000	1448	536	312000	40000	90	0	0	0	0	0
10.007073	2	5	5	1	0	4	5000	112	111	7240	103500	3000	1448	536	312000	40000	90	0	0	0	0	0
11.037121	2	6	5	1	0	0	6028	112	111	7240	103500	3000	1448	536	312000	40000	92	0	0	0	0	0
12.076900	2	7	5	1	0	0	7068	113	111	7240	103500	3000	1448	536	312000	40000	90	0	0	0	0	0
13.116795	2	8	5	1	0	0	8108	113	111	7240	103500	3000	1448	536	312000	40000	90	0	0	0	0	0
14.156929	2	9	5	1	0	0	9148	114	111	7240	103500	3000	1448	536	312000	40000	114	0	0	0	0	0
15.160314	2	10	5	1	0	0	10152	114	111	7240	103500	3000	1448	536	312000	40000	114	0	0	0	0	0
16.068369	2	11	5	1	0	0	11060	114	111	7240	103500	3000	1448	536	312000	40000	114	0	0	0	0	0
17.102034	2	12	5	1	0	0	12092	115	111	7240	103500	3000	1448	536	312000	40000	90	0	0	0	0	0
18.010108	2	13	5	1	0	4	13000	115	111	7240	103500	3000	1448	536	312000	40000	90	0	0	0	0	0
19.107354	2	14	5	1	0	0	14100	115	111	7240	104000	4000	1448	536	316000	40000	115	0	0	0	0	0
20.035597	2	15	5	1	0	0	15028	115	111	7240	104000	4000	1448	536	316000	40000	90	0	0	0	0	0
21.071473	2	16	5	1	0	0	16064	116	111	7240	104000	4000	1448	536	316000	40000	90	0	0	0	0	0
22.007077	2	17	5	1	0	8	17000	116	111	7240	103500	3000	1448	536	312000	40000	116	0	0	0	0	0
23.087591	2	18	5	1	0	0	18080	117	111	7240	104000	4000	1448	536	316000	40000	117	0	0	0	0	0
24.096105	2	19	5	1	0	0	19088	117	111	7240	103500	3000	1448	536	312000	40000	117	0	0	0	0	0
25.007076	2	20	5	1	0	4	20000	117	111	7240	103500	3000	1448	536	312000	40000	117	0	0	0	0	0
26.049824	2	21	5	1	0	0	21040	118	111	7240	103500	3000	1448	536	312000	40000	90	0	0	0	0	0
27.134098	2	22	5	1	0	0	22124	118	111	7240	103500	3000	1448	536	312000	40000	118	0	0	0	0	0
28.042210	2	23	5	1	0	0	23032	118	111	7240	103500	3000	1448	536	312000	40000	118	0	0	0	0	0
29.080464	2	24	5	1	0	0	24072	118	111	7240	103500	3000	1448	536	312000	40000	118	0	0	0	0	0
30.059821	2	25	5	1	0	0	25052	119	111	7240	104000	4000	1448	536	316000	40000	119	0	0	0	0	0
31.102533	2	26	5	1	0	0	26092	119	111	7240	103500	3000	1448	536	312000	40000	119	0	0	0	0	0
32.021770	2	27	5	1	0	0	27012	119	111	7240	103500	3000	1448	536	312000	40000	90	0	0	0	0	0
33.012686	2	28	5	1	0	0	28004	120	111	7240	103500	3000	1448	536	312000	40000	120	0	0	0	0	0
34.051765	2	29	5	1	0	0	29044	120	111	7240	104000	4000	1448	536	316000	40000	120	0	0	0	0	0
35.029966	2	30	5	1	0	0	30020	120	111	7240	103500	4000	1448	536	312000	40000	120	0	0	0	0	0
36.068995	2	31	5	1	0	0	31060	121	111	7240	103500	3000	1448	536	312000	40000	121	0	0	0	0	0
37.065395	2	32	5	1	0	4	32056	121	111	7240	103500	3000	1448	536	312000	40000	90	0	0	0	0	0
38.156556	2	33	5	1	0	0	33148	121	111	7240	103500	3000	1448	536	312000	40000	121	0	0	0	0	0
39.064864	2	34	5	1	0	0	34056	121	111	7240	103500	3000	1448	536	312000	40000	121	0	0	0	0	0
40.086414	2	35	5	1	0	0	35076	122	111	7240	103500	4000	1448	536	312000	40000	122	0	0	0	0	0
41.108580	2	36	5	1	0	0	36100	122	111	7240	103500	3000	1448	536	312000	40000	122	0	0	0	0	0
42.030271	2	37	5	1	0	0	37020	122	111	7240	103500	3000	1448	536	312000	40000	122	0	0	0	0	0
43.039702	2	38	5	1	0	0	38032	123	111	7240	104000	4000	1448	536	316000	40000	123	0	0	0	0	0
44.150617	2	39	5	1	0	0	39140	123	111	7240	103500	3000	1448	536	312000	40000	123	0	0	0	0	0
45.160648	2	40	5	1	0	0	40152	123	111	7240	103500	3000	1448	536	312000	40000	123	0	0	0	0	0
46.089671	2	41	5	1	0	4	41080	124	111	7240	103500	3000	1448	536	312000	40000	90	0	0	0	0	0
47.097198	2	42	5	1	0	4	42088	124	111	7240	103500	3000	1448	536	312000	40000	90	0	0	0	0	0
48.087555	2	43	5	1	0	0	43080	124	111	7240	104000	4000	1448	536	316000	40000	124	0	0	0	0	0
49.008573	2	44	5	1	0	0	44000	125	111	7240	103500	4000	1448	536	312000	40000	125	0	0	0	0	0
50.130470	2	45	5	1	0	0	45120	125	111	7240	103500	3000	1448	536	312000	40000	125	0	0	0	0	0
51.038266	2	46	5	1	0	0	46028	125	111	7240	103500	3000	1448	536	312000	40000	125	0	0	0	0	0
52.097540	2	47	5	1	0	4	47088	125	111	7240	103500	3000	1448	536	312000	40000	90	0	0	0	0	0
53.105923	2	48	5	1	0	4	48096	126	111	7240	103500	3000	1448	536	312000	40000	90	0	0	0	0	0
54.096059	2	49	5	1	0	0	49088	126	111	7240	103500	3000	1448	536	312000	40000	126	0	0	0	0	0
55.004525	2	50	5	1	0	0	49996	126	111	7240	103500	3000	1448	536	312000	40000	90	0	0	0	0	0
56.030586	2	51	5	1	0	0	51020	127	111	7240	103500	3000	1448	536	312000	40000	90	0	0	0	0	0
57.032979	2	52	5	1	0	0	52024	127	111	7240	103500	3000	1448	536	312000	40000	127	0	0	0	0	0
58.066911	2	53	5	1	0	0	53056	127	111	7240	103500	3000	1448	536	312000	40000	90	0	0	0	0	0
59.151296	2	54	5	1	0	0	54144	128	111	7240	104000	4000	1448	536	316000	40000	128	0	0	0	0	0
60.174645	2	55	5	1	0	0	55164	128	111	7240	103500	3000	1448	536	312000	40000	128	0	0	0	0	0
61.003097	2	56	5	1	0	16	55996	128	111	7240	103500	3000	1448	536	312000	40000	128	0	0	0	0	0
62.017766	2	57	5	1	0	0	57008	128	111	7240	103500	3000	1448	536	312000	40000	128	0	0	0	0	0
63.135295	2	58	5	1	0	0	58128	129	111	7240	104000	4000	1448	536	316000	40000	129	0	0	0	0	0
64.064080	2	59	5	1	0	0	59056	129	111	7240	103500	3000	1448	536	312000	40000	96	0	0	0	0	0
65.173709	2	60	5	1	0	0	60164	129	111	7240	103500	3000	1448	536	312000	40000	129	0	0	0	0	0
66.008073	2	61	5	1	0	0	61000	130	111	7240	103500	3000	1448	536	312000	40000	95	0	0	0	0	0
67.009530	2	62	5	1	0	0	62000	130	111	7240	103500	3000	1448	536	312000	40000	130	0	0	0	0	0
68.031403	2	63	5	1	0	0	63024	130	111	7240	104000	4000	1448	536	316000	40000	130	0	0	0	0	0
69.155452	2	64	5	1	0	0	64148	131	111	7240	104000	4000	1448	536	316000	40000	131	0	0	0	0	0
70.075808	2	65	5	1	0	0	65068	131	111	7240	104000	4000	1448	536	316000	40000	131	0	0	0	0	0
71.117532	2	66	5	1	0	0	66108	131	111	7240	103500	3000	1448	536	312000	40000	131	0	0	0	0	0
72.068153	2	67	5	1	0	0	67060	131	111	7240	103500	3000	1448	536	312000	40000	94	0	0	0	0	0
73.093291	2	68	5	1	0	0	68084	132	111	7240	103500	3000	1448	536	312000	40000	90	0	0	0	0	0
74.059866	2	69	5	1	0	0	69052	132	111	7240	103500	3000	1448	536	312000	40000	93	0	0	0	0	0
75.016040	2	70	5	1	0	0	70008	132	111	7240	103500	3000	1448	536	312000	40000	96	0	0	0	0	0
76.058547	2	71	5	1	0	0	71048	132	111	7240	103500	3000	1448	536	312000	40000	132	0	0	0	0	0
77.122640	2	72	5	1	0	0	72112	133	111	7240	103500	3000	1448	536	312000	40000	133	0	0	0	0	0
78.003085	2	73	5	1	0	0	72996	133	111	7240	103500	3000	1448	536	312000	40000	133	0	0	0	0	0
79.060067	2	74	5	1	0	0	74052	133	111	7240	103500	3000	1448	536	312000	40000	96	0	0	0	0	0
80.016001	2	75	5	1	0	0	75008	134	111	7240	105000	4000	1448	536	316000	40000	91	0	0	0	0	0
81.088015	2	76	5	1	0	0	76080	134	111	7240	105000	5000	1448	536	316000	40000	92	0	0	0	0	0
82.052083	2	77	5	1	0	0	77044	134	111	7240	105000	5000	1448	536	316000	40000	92	0	0	0	0	0
83.016086	2	78	5	1	0	0	78008	134	111	7240	105000	5000	1448	536	316000	40000	92	0	0	0	0	0
84.096509	2	79	5	1	0	44	79088	135	111	7240	103500	3000	1448	536	312000	40000	97	0	0	0	0	0
85.064510	2	80	5	1	0	0	80056	135	111	7240	103500	4000	1448	536	312000	40000	135	0	0	0	0	0
86.073892	2	81	5	1	0	0	81064	135	111	7240	103500	3000	1448	536	312000	40000	135	0	0	0	0	0
87.083698	2	82	5	1	0	0	82076	135	111	7240	104000	4000	1448	536	316000	40000	135	0	0	0	0	0
88.003080	2	83	5	1	0	4	82996	136	111	7240	108000	11000	1448	536	320000	40000	136	0	0	0	0	0
89.003080	2	84	5	1	0	4	83996	136	111	7240	112500	17000	1448	536	324000	40000	135	0	0	0	0	0
90.011119	2	85	5	1	0	0	85004	136	111	7240	112000	17000	1448	536	324000	40000	135	0	0	0	0	0
91.020928	2	86	5	1	0	0	86012	136	111	7240	112500	16000	1448	536	324000	40000	135	0	0	0	0	0
92.030994	2	87	5	1	0	0	87020	137	111	7240	103500	3000	1448	536	312000	40000	135	0	0	0	0	0
93.040947	2	88	5	1	0	0	88032	137	111	7240	103500	4000	1448	536	312000	40000	135	0	0	0	0	0
94.051016	2	89	5	1	0	0	89040	137	111	7240	103500	3000	1448	536	312000	40000	135	0	0	0	0	0
95.064817	2	90	5	1	0	0	90056	138	111	7240	103500	4000	1448	536	312000	40000	135	0	0	0	0	0
96.074974	2	91	5	1	0	0	91064	138	111	7240	103500	3000	1448	536	312000	40000	135	0	0	0	0	0
97.085183	2	92	5	1	0	0	92076	138	111	7240	103500	3000	1448	536	312000	40000	135	0	0	0	0	0
98.003079	2	93	5	1	0	4	92996	139	111	7240	103500	3000	1448	536	312000	40000	135	0	0	0	0	0
99.011691	2	94	5	1	0	0	94004	139	111	7240	104000	4000	1448	536	316000	40000	135	0	0	0	0	0
100.021986	2	95	5	1	0	0	95012	139	111	7240	103500	3000	1448	536	312000	40000	135	0	0	0	0	0
