protocol: 5
domain: reno_10Mbps_1ms
start-time: 1424601299
sender-id: 2
app-name: tinyhttpd
schema: 0 _experiment_metadata subject:string key:string value:string 
schema: 1 _client_instrumentation measurements_injected:uint32 measurements_dropped:uint32 bytes_allocated:uint64 bytes_freed:uint64 bytes_in_use:uint64 bytes_max:uint64 
schema: 2 tinyhttpd_tcp socket:int32 state:int32 ca_state:int32 last_data_sent:int32 last_data_recv:int32 snd_cwnd:int32 snd_ssthresh:int32 rcv_ssthresh:int32 rtt:int32 rttvar:int32 snd_mss:int32 rcv_mss:int32 rto:int32 ato:int32 unacked:int32 sacked:int32 lost:int32 retrans:int32 fackets:int32 total_retrans:int32 
schema: 3 tinyhttpd_peer socket:int32 ip:string port:int32 file:string 
content: text

6.016685	2	1	5	1	0	0	412	57	75	14480	50500	12000	1448	536	260000	40000	57	0	0	0	0	0
6.017346	1	1	1	0	18883	5907	12976	14345
7.113670	2	2	5	1	0	0	1508	76	75	14480	83000	11000	1448	536	292000	40000	59	0	0	0	0	0
7.113761	1	2	2	0	18883	5907	12976	14345
8.053575	2	3	5	1	0	0	2448	76	75	14480	83500	9000	1448	536	292000	40000	59	0	0	0	0	0
8.053666	1	3	3	0	18883	5907	12976	14345
9.000608	2	4	5	1	0	0	3396	77	75	14480	83000	9000	1448	536	292000	40000	77	0	0	0	0	0
9.000700	1	4	4	0	18883	5907	12976	14345
10.090670	2	5	5	1	0	0	4484	77	75	14480	82500	9000	1448	536	292000	40000	58	0	0	0	0	0
10.090763	1	5	5	0	18883	5907	12976	14345
11.030791	2	6	5	1	0	0	5424	78	75	14480	83000	9000	1448	536	292000	40000	57	0	0	0	0	0
11.030884	1	6	6	0	18883	5907	12976	14345
12.127510	2	7	5	1	0	0	6520	78	75	14480	83000	11000	1448	536	292000	40000	57	0	0	0	0	0
12.127600	1	7	7	0	18883	5907	12976	14345
13.067525	2	8	5	1	0	0	7460	79	75	14480	83500	10000	1448	536	292000	40000	56	0	0	0	0	0
13.067615	1	8	8	0	18883	5907	12976	14345
14.007656	2	9	5	1	0	0	8400	79	75	14480	83500	10000	1448	536	292000	40000	56	0	0	0	0	0
14.007749	1	9	9	0	18883	5907	12976	14345
15.104554	2	10	5	1	0	0	9496	80	75	14480	84000	9000	1448	536	296000	40000	55	0	0	0	0	0
15.104648	1	10	10	0	18883	5907	12976	14345
16.044653	2	11	5	1	0	0	10440	80	75	14480	84500	9000	1448	536	296000	40000	55	0	0	0	0	0
16.044744	1	11	11	0	18883	5907	12976	14345
17.141342	2	12	5	1	0	0	11536	81	75	14480	90000	13000	1448	536	300000	40000	63	0	0	0	0	0
17.141426	1	12	12	0	18883	5907	12976	14345
18.081457	2	13	5	1	0	0	12476	81	75	14480	92000	12000	1448	536	304000	40000	63	0	0	0	0	0
18.081547	1	13	13	0	18883	5907	12976	14345
19.021625	2	14	5	1	0	0	13416	82	75	14480	92000	13000	1448	536	304000	40000	62	0	0	0	0	0
19.021717	1	14	14	0	18883	5907	12976	14345
20.118461	2	15	5	1	0	0	14512	82	75	14480	92500	13000	1448	536	304000	40000	61	0	0	0	0	0
20.118554	1	15	15	0	18883	5907	12976	14345
21.058458	2	16	5	1	0	0	15452	82	75	14480	92500	13000	1448	536	304000	40000	61	0	0	0	0	0
21.058549	1	16	16	0	18883	5907	12976	14345
22.004593	2	17	5	1	0	8	16400	83	75	14480	93000	12000	1448	536	304000	40000	59	0	0	0	0	0
22.004685	1	17	17	0	18883	5907	12976	14345
23.095273	2	18	5	1	0	0	17488	83	75	14480	93000	12000	1448	536	304000	40000	59	0	0	0	0	0
23.095363	1	18	18	0	18883	5907	12976	14345
24.014613	2	19	5	1	0	0	18408	84	75	14480	92500	7000	1448	536	304000	40000	84	0	0	0	0	0
24.014706	1	19	19	0	18883	5907	12976	14345
25.111520	2	20	5	1	0	0	19504	84	75	14480	92500	8000	1448	536	304000	40000	84	0	0	0	0	0
25.111612	1	20	20	0	18883	5907	12976	14345
26.055051	2	21	5	1	0	0	20448	85	75	14480	94000	10000	1448	536	304000	40000	85	0	0	0	0	0
26.055144	1	21	21	0	18883	5907	12976	14345
27.004592	2	22	5	1	0	12	21400	85	75	14480	94500	8000	1448	536	304000	40000	85	0	0	0	0	0
27.004677	1	22	22	0	18883	5907	12976	14345
28.095540	2	23	5	1	0	36	22488	86	75	14480	95000	8000	1448	536	304000	40000	74	0	0	0	0	0
28.095631	1	23	23	0	18883	5907	12976	14345
29.035746	2	24	5	1	0	36	23428	86	75	14480	96500	8000	1448	536	308000	40000	74	0	0	0	0	0
29.035857	1	24	24	0	18883	5907	12976	14345
30.004598	2	25	5	1	0	16	24400	87	75	14480	93500	7000	1448	536	304000	40000	87	0	0	0	0	0
30.004693	1	25	25	0	18883	5907	12976	14345
31.021027	2	26	5	1	0	40	25416	87	75	14480	95500	7000	1448	536	304000	40000	75	0	0	0	0	0
31.021120	1	26	26	0	18883	5907	12976	14345
32.064663	2	27	5	1	0	40	26460	88	75	14480	97000	7000	1448	536	308000	40000	75	0	0	0	0	0
32.064845	1	27	27	0	18883	5907	12976	14345
33.162713	2	28	5	1	0	40	27556	88	75	14480	99500	8000	1448	536	308000	40000	76	0	0	0	0	0
33.162800	1	28	28	0	18883	5907	12976	14345
34.048417	2	29	5	1	0	36	28440	89	75	14480	96500	8000	1448	536	308000	40000	75	0	0	0	0	0
34.048510	1	29	29	0	18883	5907	12976	14345
35.144212	2	30	5	1	0	0	29536	89	75	14480	98500	8000	1448	536	308000	40000	89	0	0	0	0	0
35.144304	1	30	30	0	18883	5907	12976	14345
36.049597	2	31	5	1	0	0	30444	89	75	14480	102500	5000	1448	536	312000	40000	89	0	0	0	0	0
36.049690	1	31	31	0	18883	5907	12976	14345
37.027891	2	32	5	1	0	0	31420	90	75	14480	105000	3000	1448	536	316000	40000	90	0	0	0	0	0
37.027979	1	32	32	0	18883	5907	12976	14345
38.176908	2	33	5	1	0	0	32572	90	75	14480	108000	4000	1448	536	320000	40000	90	0	0	0	0	0
38.176999	1	33	33	0	18883	5907	12976	14345
39.130971	2	34	5	1	0	0	33524	91	75	14480	107500	3000	1448	536	316000	40000	91	0	0	0	0	0
39.131064	1	34	34	0	18883	5907	12976	14345
40.070937	2	35	5	1	0	0	34464	91	75	14480	111000	10000	1448	536	320000	40000	90	0	0	0	0	0
40.071050	1	35	35	0	18883	5907	12976	14345
41.011392	2	36	5	1	0	0	35404	91	75	14480	121000	23000	1448	536	332000	40000	90	0	0	0	0	0
41.011480	1	36	36	0	18883	5907	12976	14345
42.107432	2	37	5	1	0	0	36500	91	75	14480	122500	25000	1448	536	332000	40000	90	0	0	0	0	0
42.107524	1	37	37	0	18883	5907	12976	14345
43.048219	2	38	5	1	0	0	37440	92	75	14480	116500	19000	1448	536	328000	40000	90	0	0	0	0	0
43.048310	1	38	38	0	18883	5907	12976	14345
44.145102	2	39	5	1	0	0	38540	92	75	14480	114500	18000	1448	536	324000	40000	90	0	0	0	0	0
44.145194	1	39	39	0	18883	5907	12976	14345
45.085448	2	40	5	1	0	0	39480	93	75	14480	114500	18000	1448	536	324000	40000	90	0	0	0	0	0
45.085541	1	40	40	0	18883	5907	12976	14345
46.026224	2	41	5	1	0	0	40420	93	75	14480	113500	16000	1448	536	324000	40000	90	0	0	0	0	0
46.026314	1	41	41	0	18883	5907	12976	14345
47.123213	2	42	5	1	0	0	41516	93	75	14480	113500	16000	1448	536	324000	40000	90	0	0	0	0	0
47.123300	1	42	42	0	18883	5907	12976	14345
48.064486	2	43	5	1	0	0	42456	94	75	14480	113000	16000	1448	536	324000	40000	90	0	0	0	0	0
48.064577	1	43	43	0	18883	5907	12976	14345
49.004575	2	44	5	1	0	4	43400	94	75	14480	113000	17000	1448	536	324000	40000	90	0	0	0	0	0
49.004665	1	44	44	0	18883	5907	12976	14345
50.101312	2	45	5	1	0	0	44496	95	75	14480	113500	17000	1448	536	324000	40000	90	0	0	0	0	0
50.101405	1	45	45	0	18883	5907	12976	14345
51.042594	2	46	5	1	0	0	45436	95	75	14480	113000	16000	1448	536	324000	40000	90	0	0	0	0	0
51.042684	1	46	46	0	18883	5907	12976	14345
52.139405	2	47	5	1	0	0	46532	95	75	14480	113000	15000	1448	536	324000	40000	90	0	0	0	0	0
52.139497	1	47	47	0	18883	5907	12976	14345
53.080633	2	48	5	1	0	0	47476	96	75	14480	113000	15000	1448	536	324000	40000	90	0	0	0	0	0
53.080720	1	48	48	0	18883	5907	12976	14345
54.020735	2	49	5	1	0	0	48416	96	75	14480	113000	17000	1448	536	324000	40000	90	0	0	0	0	0
54.020828	1	49	49	0	18883	5907	12976	14345
55.117596	2	50	5	1	0	0	49512	97	75	14480	112500	15000	1448	536	324000	40000	90	0	0	0	0	0
55.117694	1	50	50	0	18883	5907	12976	14345
56.058770	2	51	5	1	0	0	50452	97	75	14480	112500	13000	1448	536	324000	40000	90	0	0	0	0	0
56.058864	1	51	51	0	18883	5907	12976	14345
57.004612	2	52	5	1	0	0	51400	97	75	14480	112500	16000	1448	536	324000	40000	97	0	0	0	0	0
57.004700	1	52	52	0	18883	5907	12976	14345
58.139784	2	53	5	1	0	0	52532	98	75	14480	111000	7000	1448	536	320000	40000	90	0	0	0	0	0
58.139877	1	53	53	0	18883	5907	12976	14345
59.183704	2	54	5	1	0	0	53576	98	75	14480	113000	17000	1448	536	324000	40000	90	0	0	0	0	0
59.183793	1	54	54	0	18883	5907	12976	14345
60.018800	2	55	5	1	0	0	54412	98	75	14480	112500	17000	1448	536	324000	40000	90	0	0	0	0	0
60.018895	1	55	55	0	18883	5907	12976	14345
61.062820	2	56	5	1	0	0	55456	99	75	14480	112500	17000	1448	536	324000	40000	90	0	0	0	0	0
61.062913	1	56	56	0	18883	5907	12976	14345
62.106950	2	57	5	1	0	0	56500	99	75	14480	113000	17000	1448	536	324000	40000	90	0	0	0	0	0
62.107041	1	57	57	0	18883	5907	12976	14345
63.150896	2	58	5	1	0	0	57544	99	75	14480	113000	17000	1448	536	324000	40000	90	0	0	0	0	0
63.151048	1	58	58	0	18883	5907	12976	14345
64.194884	2	59	5	1	0	0	58588	99	75	14480	113000	17000	1448	536	324000	40000	90	0	0	0	0	0
64.194977	1	59	59	0	18883	5907	12976	14345
65.029976	2	60	5	1	0	0	59424	100	75	14480	112500	16000	1448	536	324000	40000	90	0	0	0	0	0
65.030066	1	60	60	0	18883	5907	12976	14345
66.074119	2	61	5	1	0	0	60468	100	75	14480	112500	17000	1448	536	324000	40000	90	0	0	0	0	0
66.074213	1	61	61	0	18883	5907	12976	14345
67.118035	2	62	5	1	0	0	61512	100	75	14480	113000	17000	1448	536	324000	40000	90	0	0	0	0	0
67.118123	1	62	62	0	18883	5907	12976	14345
68.162013	2	63	5	1	0	0	62556	101	75	14480	113000	17000	1448	536	324000	40000	90	0	0	0	0	0
68.162098	1	63	63	0	18883	5907	12976	14345
69.004608	2	64	5	1	0	0	63400	101	75	14480	113000	17000	1448	536	324000	40000	101	0	0	0	0	0
69.004700	1	64	64	0	18883	5907	12976	14345
70.041239	2	65	5	1	0	0	64436	101	75	14480	113000	17000	1448	536	324000	40000	90	0	0	0	0	0
70.041332	1	65	65	0	18883	5907	12976	14345
71.085178	2	66	5	1	0	0	65480	101	75	14480	113000	17000	1448	536	324000	40000	90	0	0	0	0	0
71.085272	1	66	66	0	18883	5907	12976	14345
72.129161	2	67	5	1	0	0	66524	102	75	14480	113000	17000	1448	536	324000	40000	90	0	0	0	0	0
72.129254	1	67	67	0	18883	5907	12976	14345
73.173160	2	68	5	1	0	0	67568	102	75	14480	113000	17000	1448	536	324000	40000	90	0	0	0	0	0
73.173247	1	68	68	0	18883	5907	12976	14345
74.008402	2	69	5	1	0	0	68400	102	75	14480	112500	17000	1448	536	324000	40000	90	0	0	0	0	0
74.008491	1	69	69	0	18883	5907	12976	14345
75.052563	2	70	5	1	0	4	69448	103	75	14480	112500	17000	1448	536	324000	40000	90	0	0	0	0	0
75.052655	1	70	70	0	18883	5907	12976	14345
76.096333	2	71	5	1	0	0	70488	103	75	14480	112000	18000	1448	536	324000	40000	90	0	0	0	0	0
76.096424	1	71	71	0	18883	5907	12976	14345
77.140590	2	72	5	1	0	4	71536	103	75	14480	112000	18000	1448	536	324000	40000	90	0	0	0	0	0
77.140681	1	72	72	0	18883	5907	12976	14345
78.184378	2	73	5	1	0	0	72576	103	75	14480	112000	18000	1448	536	324000	40000	90	0	0	0	0	0
78.184470	1	73	73	0	18883	5907	12976	14345
79.019752	2	74	5	1	0	0	73412	104	75	14480	112000	18000	1448	536	324000	40000	90	0	0	0	0	0
79.019840	1	74	74	0	18883	5907	12976	14345
80.063556	2	75	5	1	0	0	74456	104	75	14480	112000	18000	1448	536	324000	40000	90	0	0	0	0	0
80.063649	1	75	75	0	18883	5907	12976	14345
81.107708	2	76	5	1	0	0	75500	104	75	14480	112000	18000	1448	536	324000	40000	90	0	0	0	0	0
81.107801	1	76	76	0	18883	5907	12976	14345
82.151796	2	77	5	1	0	0	76544	104	75	14480	112000	18000	1448	536	324000	40000	90	0	0	0	0	0
82.151888	1	77	77	0	18883	5907	12976	14345
83.108939	2	78	5	1	0	0	77504	105	75	14480	120000	12000	1448	536	332000	40000	90	0	0	0	0	0
83.109014	1	78	78	0	18883	5907	12976	14345
84.048703	2	79	5	1	0	0	78444	105	75	14480	120500	11000	1448	536	332000	40000	90	0	0	0	0	0
84.048797	1	79	79	0	18883	5907	12976	14345
85.145084	2	80	5	1	0	0	79540	105	75	14480	120500	10000	1448	536	332000	40000	90	0	0	0	0	0
85.145175	1	80	80	0	18883	5907	12976	14345
86.086150	2	81	5	1	0	0	80480	106	75	14480	120000	10000	1448	536	332000	40000	90	0	0	0	0	0
86.086243	1	81	81	0	18883	5907	12976	14345
87.026172	2	82	5	1	0	0	81420	106	75	14480	119000	9000	1448	536	328000	40000	90	0	0	0	0	0
87.026263	1	82	82	0	18883	5907	12976	14345
88.122910	2	83	5	1	0	0	82516	106	75	14480	118000	8000	1448	536	328000	40000	90	0	0	0	0	0
88.122999	1	83	83	0	18883	5907	12976	14345
89.064044	2	84	5	1	0	0	83456	107	75	14480	118000	9000	1448	536	328000	40000	90	0	0	0	0	0
89.064137	1	84	84	0	18883	5907	12976	14345
90.004265	2	85	5	1	0	0	84396	107	75	14480	118000	9000	1448	536	328000	40000	90	0	0	0	0	0
90.004358	1	85	85	0	18883	5907	12976	14345
91.100961	2	86	5	1	0	0	85496	107	75	14480	120500	10000	1448	536	332000	40000	90	0	0	0	0	0
91.101053	1	86	86	0	18883	5907	12976	14345
92.042322	2	87	5	1	0	0	86436	108	75	14480	120000	11000	1448	536	332000	40000	90	0	0	0	0	0
92.042416	1	87	87	0	18883	5907	12976	14345
93.139134	2	88	5	1	0	0	87532	108	75	14480	118000	10000	1448	536	328000	40000	90	0	0	0	0	0
93.139212	1	88	88	0	18883	5907	12976	14345
94.079048	2	89	5	1	0	0	88472	108	75	14480	118000	9000	1448	536	328000	40000	90	0	0	0	0	0
94.079140	1	89	89	0	18883	5907	12976	14345
95.020487	2	90	5	1	0	0	89412	109	75	14480	118000	12000	1448	536	328000	40000	90	0	0	0	0	0
95.020581	1	90	90	0	18883	5907	12976	14345
96.117220	2	91	5	1	0	0	90512	109	75	14480	121000	12000	1448	536	332000	40000	90	0	0	0	0	0
96.117311	1	91	91	0	18883	5907	12976	14345
97.057301	2	92	5	1	0	0	91452	110	75	14480	120500	12000	1448	536	332000	40000	90	0	0	0	0	0
97.057393	1	92	92	0	18883	5907	12976	14345
98.000601	2	93	5	1	0	4	92396	110	75	14480	120000	12000	1448	536	332000	40000	90	0	0	0	0	0
98.000692	1	93	93	0	18883	5907	12976	14345
99.095312	2	94	5	1	0	0	93488	110	75	14480	116500	11000	1448	536	328000	40000	90	0	0	0	0	0
99.095398	1	94	94	0	18883	5907	12976	14345
100.036518	2	95	5	1	0	0	94428	111	75	14480	116500	11000	1448	536	328000	40000	90	0	0	0	0	0
100.036611	1	95	95	0	18883	5907	12976	14345
101.133418	2	96	5	1	0	0	95528	111	75	14480	121000	12000	1448	536	332000	40000	90	0	0	0	0	0
101.133509	1	96	96	0	18883	5907	12976	14345
102.073539	2	97	5	1	0	0	96468	111	75	14480	121000	12000	1448	536	332000	40000	90	0	0	0	0	0
102.073632	1	97	97	0	18883	5907	12976	14345
103.014822	2	98	5	1	0	0	97408	112	75	14480	121000	12000	1448	536	332000	40000	90	0	0	0	0	0
103.014897	1	98	98	0	18883	5907	12976	14345
104.111395	2	99	5	1	0	0	98504	112	75	14480	121000	14000	1448	536	332000	40000	90	0	0	0	0	0
104.111487	1	99	99	0	18883	5907	12976	14345
105.051117	2	100	5	1	0	0	99444	112	75	14480	121000	14000	1448	536	332000	40000	90	0	0	0	0	0
105.051208	1	100	100	0	18883	5907	12976	14345
106.004594	2	101	5	1	0	8	100400	112	75	14480	121000	14000	1448	536	332000	40000	112	0	0	0	0	0
106.004684	1	101	101	0	18883	5907	12976	14345
107.087179	2	102	5	1	0	24	101480	113	75	14480	121000	14000	1448	536	332000	40000	90	0	0	0	0	0
107.087272	1	102	102	0	18883	5907	12976	14345
108.027751	2	103	5	1	0	0	102420	113	75	14480	121000	14000	1448	536	332000	40000	113	0	0	0	0	0
108.027839	1	103	103	0	18883	5907	12976	14345
109.123705	2	104	5	1	0	0	103516	113	75	14480	121500	14000	1448	536	332000	40000	113	0	0	0	0	0
109.123793	1	104	104	0	18883	5907	12976	14345
110.062986	2	105	5	1	0	0	104456	113	75	14480	121500	16000	1448	536	332000	40000	113	0	0	0	0	0
110.063080	1	105	105	0	18883	5907	12976	14345
111.002597	2	106	5	1	0	0	105396	113	75	14480	121500	16000	1448	536	332000	40000	113	0	0	0	0	0
111.002689	1	106	106	0	18883	5907	12976	14345
112.099836	2	107	5	1	0	0	106492	114	75	14480	121500	16000	1448	536	332000	40000	114	0	0	0	0	0
112.099952	1	107	107	0	18883	5907	12976	14345
113.039194	2	108	5	1	0	0	107432	114	75	14480	121500	16000	1448	536	332000	40000	114	0	0	0	0	0
113.039291	1	108	108	0	18883	5907	12976	14345
114.135694	2	109	5	1	0	0	108528	114	75	14480	121500	16000	1448	536	332000	40000	114	0	0	0	0	0
114.135784	1	109	109	0	18883	5907	12976	14345
115.074599	2	110	5	1	0	0	109468	114	75	14480	121500	16000	1448	536	332000	40000	114	0	0	0	0	0
115.074693	1	110	110	0	18883	5907	12976	14345
116.014009	2	111	5	1	0	0	110408	115	75	14480	121500	16000	1448	536	332000	40000	115	0	0	0	0	0
116.014104	1	111	111	0	18883	5907	12976	14345
117.111068	2	112	5	1	0	0	111504	115	75	14480	121500	16000	1448	536	332000	40000	115	0	0	0	0	0
117.111196	1	112	112	0	18883	5907	12976	14345
118.050564	2	113	5	1	0	0	112444	115	75	14480	121500	16000	1448	536	332000	40000	115	0	0	0	0	0
118.050657	1	113	113	0	18883	5907	12976	14345
119.146595	2	114	5	1	0	0	113540	115	75	14480	121500	16000	1448	536	332000	40000	115	0	0	0	0	0
119.146688	1	114	114	0	18883	5907	12976	14345
120.085995	2	115	5	1	0	0	114480	115	75	14480	122000	16000	1448	536	332000	40000	115	0	0	0	0	0
120.086087	1	115	115	0	18883	5907	12976	14345
121.026531	2	116	5	1	0	0	115420	116	75	14480	121500	16000	1448	536	332000	40000	116	0	0	0	0	0
121.026625	1	116	116	0	18883	5907	12976	14345
122.129332	2	117	5	1	0	0	116524	116	75	14480	122500	18000	1448	536	332000	40000	116	0	0	0	0	0
122.129424	1	117	117	0	18883	5907	12976	14345
123.061875	2	118	5	1	0	0	117456	116	75	14480	121500	16000	1448	536	332000	40000	116	0	0	0	0	0
123.061965	1	118	118	0	18883	5907	12976	14345
124.004602	2	119	5	1	0	4	118400	116	75	14480	121500	17000	1448	536	332000	40000	116	0	0	0	0	0
124.004696	1	119	119	0	18883	5907	12976	14345
125.097315	2	120	5	1	0	0	119492	116	75	14480	121500	17000	1448	536	332000	40000	116	0	0	0	0	0
125.097408	1	120	120	0	18883	5907	12976	14345
126.037955	2	121	5	1	0	0	120432	117	75	14480	121500	16000	1448	536	332000	40000	117	0	0	0	0	0
126.038049	1	121	121	0	18883	5907	12976	14345
127.133958	2	122	5	1	0	0	121528	117	75	14480	121500	16000	1448	536	332000	40000	117	0	0	0	0	0
127.134052	1	122	122	0	18883	5907	12976	14345
128.073361	2	123	5	1	0	0	122468	117	75	14480	121500	17000	1448	536	332000	40000	117	0	0	0	0	0
128.073452	1	123	123	0	18883	5907	12976	14345
128.543269	3	1	5	10.1.1.1	45218	htdocs/file.txt
