protocol: 5
domain: scalable_500Mbps_100ms
start-time: 1424580795
sender-id: 2
app-name: tinyhttpd
schema: 0 _experiment_metadata subject:string key:string value:string 
schema: 1 _client_instrumentation measurements_injected:uint32 measurements_dropped:uint32 bytes_allocated:uint64 bytes_freed:uint64 bytes_in_use:uint64 bytes_max:uint64 
schema: 2 tinyhttpd_tcp socket:int32 state:int32 ca_state:int32 last_data_sent:int32 last_data_recv:int32 snd_cwnd:int32 snd_ssthresh:int32 rcv_ssthresh:int32 rtt:int32 rttvar:int32 snd_mss:int32 rcv_mss:int32 rto:int32 ato:int32 unacked:int32 sacked:int32 lost:int32 retrans:int32 fackets:int32 total_retrans:int32 
schema: 3 tinyhttpd_peer socket:int32 ip:string port:int32 file:string 
content: text

7.130140	2	1	5	1	0	0	908	20	111	7240	112000	20000	1448	536	416000	40000	16	0	0	0	0	0
7.130807	1	1	1	0	18904	5921	12983	14352
8.037579	2	2	5	1	0	0	1816	45	111	7240	103500	3000	1448	536	312000	40000	45	0	0	0	0	0
8.037663	1	2	2	0	18904	5921	12983	14352
9.051404	2	3	5	1	0	0	2828	68	111	7240	103500	3000	1448	536	312000	40000	68	0	0	0	0	0
9.051490	1	3	3	0	18904	5921	12983	14352
10.076079	2	4	5	1	0	4	3856	103	111	7240	103500	4000	1448	536	312000	40000	84	0	0	0	0	0
10.076162	1	4	4	0	18904	5921	12983	14352
11.097730	2	5	5	1	0	0	4876	112	111	7240	103500	3000	1448	536	312000	40000	91	0	0	0	0	0
11.097846	1	5	5	0	18904	5921	12983	14352
12.119179	2	6	5	1	0	0	5896	113	111	7240	107500	11000	1448	536	316000	40000	90	0	0	0	0	0
12.119274	1	6	6	0	18904	5921	12983	14352
13.027493	2	7	5	1	0	4	6808	114	111	7240	103500	3000	1448	536	312000	40000	114	0	0	0	0	0
13.027616	1	7	7	0	18904	5921	12983	14352
14.095588	2	8	5	1	0	0	7876	114	111	7240	104000	4000	1448	536	316000	40000	114	0	0	0	0	0
14.095660	1	8	8	0	18904	5921	12983	14352
15.039405	2	9	5	1	0	0	8816	115	111	7240	103500	3000	1448	536	312000	40000	90	0	0	0	0	0
15.039491	1	9	9	0	18904	5921	12983	14352
16.068661	2	10	5	1	0	0	9848	116	111	7240	103500	3000	1448	536	312000	40000	90	0	0	0	0	0
16.068751	1	10	10	0	18904	5921	12983	14352
17.134852	2	11	5	1	0	0	10912	117	111	7240	103500	3000	1448	536	312000	40000	117	0	0	0	0	0
17.134946	1	11	11	0	18904	5921	12983	14352
18.003488	2	12	5	1	0	8	11784	118	111	7240	103500	3000	1448	536	312000	40000	118	0	0	0	0	0
18.003582	1	12	12	0	18904	5921	12983	14352
19.018790	2	13	5	1	0	0	12796	119	111	7240	103500	4000	1448	536	312000	40000	119	0	0	0	0	0
19.018875	1	13	13	0	18904	5921	12983	14352
20.085778	2	14	5	1	0	0	13864	119	111	7240	103500	3000	1448	536	312000	40000	119	0	0	0	0	0
20.085855	1	14	14	0	18904	5921	12983	14352
21.036916	2	15	5	1	0	0	14816	120	111	7240	103500	3000	1448	536	312000	40000	120	0	0	0	0	0
21.037006	1	15	15	0	18904	5921	12983	14352
22.090551	2	16	5	1	0	0	15868	120	111	7240	103500	3000	1448	536	312000	40000	120	0	0	0	0	0
22.090642	1	16	16	0	18904	5921	12983	14352
23.011261	2	17	5	1	0	0	16788	121	111	7240	103500	3000	1448	536	312000	40000	90	0	0	0	0	0
23.011352	1	17	17	0	18904	5921	12983	14352
24.063912	2	18	5	1	0	0	17844	122	111	7240	104000	4000	1448	536	316000	40000	122	0	0	0	0	0
24.063985	1	18	18	0	18904	5921	12983	14352
25.029636	2	19	5	1	0	0	18808	123	111	7240	103500	3000	1448	536	312000	40000	123	0	0	0	0	0
25.029729	1	19	19	0	18904	5921	12983	14352
26.139974	2	20	5	1	0	0	19920	124	111	7240	104000	4000	1448	536	316000	40000	124	0	0	0	0	0
26.140054	1	20	20	0	18904	5921	12983	14352
27.078101	2	21	5	1	0	4	20856	124	111	7240	103500	3000	1448	536	312000	40000	90	0	0	0	0	0
27.078190	1	21	21	0	18904	5921	12983	14352
28.068507	2	22	5	1	0	0	21848	125	111	7240	103500	3000	1448	536	312000	40000	125	0	0	0	0	0
28.068587	1	22	22	0	18904	5921	12983	14352
29.003488	2	23	5	1	0	4	22784	126	111	7240	103500	3000	1448	536	312000	40000	99	0	0	0	0	0
29.003579	1	23	23	0	18904	5921	12983	14352
30.108947	2	24	5	1	0	0	23888	127	111	7240	103500	3000	1448	536	312000	40000	127	0	0	0	0	0
30.109021	1	24	24	0	18904	5921	12983	14352
31.117909	2	25	5	1	0	0	24896	127	111	7240	103500	3000	1448	536	312000	40000	127	0	0	0	0	0
31.117994	1	25	25	0	18904	5921	12983	14352
32.126394	2	26	5	1	0	0	25904	128	111	7240	103500	3000	1448	536	312000	40000	128	0	0	0	0	0
32.126570	1	26	26	0	18904	5921	12983	14352
33.036431	2	27	5	1	0	0	26816	129	111	7240	103500	3000	1448	536	312000	40000	129	0	0	0	0	0
33.036523	1	27	27	0	18904	5921	12983	14352
34.173290	2	28	5	1	0	0	27952	130	111	7240	103500	3000	1448	536	312000	40000	130	0	0	0	0	0
34.173366	1	28	28	0	18904	5921	12983	14352
35.006143	2	29	5	1	0	0	28784	130	111	7240	103500	3000	1448	536	312000	40000	130	0	0	0	0	0
35.006222	1	29	29	0	18904	5921	12983	14352
36.064467	2	30	5	1	0	0	29844	131	111	7240	103500	3000	1448	536	312000	40000	94	0	0	0	0	0
36.064556	1	30	30	0	18904	5921	12983	14352
37.004620	2	31	5	1	0	0	30784	132	111	7240	103500	3000	1448	536	312000	40000	97	0	0	0	0	0
37.004707	1	31	31	0	18904	5921	12983	14352
38.046988	2	32	5	1	0	0	31824	132	111	7240	103500	3000	1448	536	312000	40000	132	0	0	0	0	0
38.047073	1	32	32	0	18904	5921	12983	14352
39.111184	2	33	5	1	0	0	32888	133	111	7240	103500	3000	1448	536	312000	40000	133	0	0	0	0	0
39.111268	1	33	33	0	18904	5921	12983	14352
40.088421	2	34	5	1	0	0	33868	134	111	7240	103500	3000	1448	536	312000	40000	94	0	0	0	0	0
40.088496	1	34	34	0	18904	5921	12983	14352
41.052452	2	35	5	1	0	0	34832	135	111	7240	103500	3000	1448	536	312000	40000	94	0	0	0	0	0
41.052536	1	35	35	0	18904	5921	12983	14352
42.024506	2	36	5	1	0	64	35804	135	111	7240	103500	3000	1448	536	312000	40000	94	0	0	0	0	0
42.024598	1	36	36	0	18904	5921	12983	14352
43.072058	2	37	5	1	0	0	36852	136	111	7240	111000	13000	1448	536	320000	40000	135	0	0	0	0	0
43.072152	1	37	37	0	18904	5921	12983	14352
44.081870	2	38	5	1	0	0	37860	137	111	7240	105500	8000	1448	536	316000	40000	135	0	0	0	0	0
44.081945	1	38	38	0	18904	5921	12983	14352
45.003484	2	39	5	1	0	8	38784	138	111	7240	103500	3000	1448	536	312000	40000	136	0	0	0	0	0
45.003566	1	39	39	0	18904	5921	12983	14352
46.003489	2	40	5	1	0	4	39784	138	111	7240	104000	4000	1448	536	316000	40000	135	0	0	0	0	0
46.003574	1	40	40	0	18904	5921	12983	14352
47.010048	2	41	5	1	0	0	40788	139	111	7240	103500	3000	1448	536	312000	40000	135	0	0	0	0	0
47.010137	1	41	41	0	18904	5921	12983	14352
48.019619	2	42	5	1	0	0	41800	140	111	7240	104000	4000	1448	536	316000	40000	135	0	0	0	0	0
48.019708	1	42	42	0	18904	5921	12983	14352
49.114067	2	43	5	1	0	0	42892	141	111	7240	103500	3000	1448	536	312000	40000	135	0	0	0	0	0
49.114160	1	43	43	0	18904	5921	12983	14352
50.022227	2	44	5	1	0	0	43800	142	111	7240	103500	3000	1448	536	312000	40000	135	0	0	0	0	0
50.022299	1	44	44	0	18904	5921	12983	14352
51.031007	2	45	5	1	0	0	44808	143	111	7240	103500	3000	1448	536	312000	40000	135	0	0	0	0	0
51.031096	1	45	45	0	18904	5921	12983	14352
52.141116	2	46	5	1	0	0	45920	144	111	7240	103500	3000	1448	536	312000	40000	135	0	0	0	0	0
52.141195	1	46	46	0	18904	5921	12983	14352
53.161991	2	47	5	1	0	0	46940	145	111	7240	103500	3000	1448	536	312000	40000	135	0	0	0	0	0
53.162082	1	47	47	0	18904	5921	12983	14352
54.070751	2	48	5	1	0	0	47848	146	111	7240	103500	3000	1448	536	312000	40000	135	0	0	0	0	0
54.070837	1	48	48	0	18904	5921	12983	14352
55.011452	2	49	5	1	0	4	48792	147	111	7240	103500	3000	1448	536	312000	40000	135	0	0	0	0	0
55.011531	1	49	49	0	18904	5921	12983	14352
56.034651	2	50	5	1	0	0	49812	148	111	7240	103500	3000	1448	536	312000	40000	135	0	0	0	0	0
56.034744	1	50	50	0	18904	5921	12983	14352
57.061393	2	51	5	1	0	0	50840	149	111	7240	103500	3000	1448	536	312000	40000	135	0	0	0	0	0
57.061483	1	51	51	0	18904	5921	12983	14352
58.052014	2	52	5	1	0	0	51832	150	111	7240	104000	4000	1448	536	316000	40000	135	0	0	0	0	0
58.052102	1	52	52	0	18904	5921	12983	14352
59.086451	2	53	5	1	0	0	52864	151	111	7240	106000	9000	1448	536	316000	40000	135	0	0	0	0	0
59.086539	1	53	53	0	18904	5921	12983	14352
60.085111	2	54	5	1	0	0	53864	152	111	7240	103500	3000	1448	536	312000	40000	152	0	0	0	0	0
60.085181	1	54	54	0	18904	5921	12983	14352
61.026261	2	55	5	1	0	0	54804	153	111	7240	103500	3000	1448	536	312000	40000	135	0	0	0	0	0
61.026350	1	55	55	0	18904	5921	12983	14352
62.139938	2	56	5	1	0	0	55920	154	111	7240	104000	4000	1448	536	316000	40000	154	0	0	0	0	0
62.140028	1	56	56	0	18904	5921	12983	14352
63.003493	2	57	5	1	0	4	56784	155	111	7240	103500	3000	1448	536	312000	40000	155	0	0	0	0	0
63.003666	1	57	57	0	18904	5921	12983	14352
64.009230	2	58	5	1	0	0	57788	156	111	7240	103500	4000	1448	536	312000	40000	139	0	0	0	0	0
64.009308	1	58	58	0	18904	5921	12983	14352
65.034582	2	59	5	1	0	0	58812	157	111	7240	103500	3000	1448	536	312000	40000	135	0	0	0	0	0
65.034663	1	59	59	0	18904	5921	12983	14352
66.073369	2	60	5	1	0	0	59852	158	111	7240	103500	4000	1448	536	312000	40000	137	0	0	0	0	0
66.073455	1	60	60	0	18904	5921	12983	14352
67.003485	2	61	5	1	0	12	60784	159	111	7240	103500	3000	1448	536	312000	40000	140	0	0	0	0	0
67.003577	1	61	61	0	18904	5921	12983	14352
68.029084	2	62	5	1	0	0	61808	160	111	7240	103500	3000	1448	536	312000	40000	160	0	0	0	0	0
68.029173	1	62	62	0	18904	5921	12983	14352
69.061405	2	63	5	1	0	0	62840	161	111	7240	103500	4000	1448	536	312000	40000	135	0	0	0	0	0
69.061493	1	63	63	0	18904	5921	12983	14352
70.003495	2	64	5	1	0	4	63784	162	111	7240	103500	3000	1448	536	312000	40000	135	0	0	0	0	0
70.003578	1	64	64	0	18904	5921	12983	14352
71.041229	2	65	5	1	0	0	64820	163	111	7240	103500	3000	1448	536	312000	40000	135	0	0	0	0	0
71.041318	1	65	65	0	18904	5921	12983	14352
72.081220	2	66	5	1	0	0	65860	164	111	7240	103500	3000	1448	536	312000	40000	135	0	0	0	0	0
72.081306	1	66	66	0	18904	5921	12983	14352
73.021009	2	67	5	1	0	0	66800	165	111	7240	103500	3000	1448	536	312000	40000	135	0	0	0	0	0
73.021099	1	67	67	0	18904	5921	12983	14352
74.069207	2	68	5	1	0	0	67848	166	111	7240	103500	3000	1448	536	312000	40000	135	0	0	0	0	0
74.069285	1	68	68	0	18904	5921	12983	14352
75.017291	2	69	5	1	0	0	68796	167	111	7240	103500	3000	1448	536	312000	40000	135	0	0	0	0	0
75.017372	1	69	69	0	18904	5921	12983	14352
76.073103	2	70	5	1	0	0	69852	168	111	7240	103500	3000	1448	536	312000	40000	135	0	0	0	0	0
76.073195	1	70	70	0	18904	5921	12983	14352
77.020943	2	71	5	1	0	0	70800	169	111	7240	103500	3000	1448	536	312000	40000	135	0	0	0	0	0
77.021037	1	71	71	0	18904	5921	12983	14352
78.068930	2	72	5	1	0	0	71848	170	111	7240	103500	3000	1448	536	312000	40000	135	0	0	0	0	0
78.069021	1	72	72	0	18904	5921	12983	14352
79.017244	2	73	5	1	0	0	72796	171	111	7240	103500	3000	1448	536	312000	40000	135	0	0	0	0	0
79.017331	1	73	73	0	18904	5921	12983	14352
80.072935	2	74	5	1	0	0	73852	172	111	7240	103500	3000	1448	536	312000	40000	135	0	0	0	0	0
80.073005	1	74	74	0	18904	5921	12983	14352
81.021380	2	75	5	1	0	0	74800	173	111	7240	103500	3000	1448	536	312000	40000	135	0	0	0	0	0
81.021470	1	75	75	0	18904	5921	12983	14352
82.077061	2	76	5	1	0	0	75856	174	111	7240	103500	3000	1448	536	312000	40000	135	0	0	0	0	0
82.077149	1	76	76	0	18904	5921	12983	14352
83.024938	2	77	5	1	0	0	76804	175	111	7240	103500	5000	1448	536	312000	40000	135	0	0	0	0	0
83.025027	1	77	77	0	18904	5921	12983	14352
84.089076	2	78	5	1	0	0	77868	176	111	7240	103500	3000	1448	536	312000	40000	135	0	0	0	0	0
84.089167	1	78	78	0	18904	5921	12983	14352
85.037279	2	79	5	1	0	0	78816	177	111	7240	103500	3000	1448	536	312000	40000	135	0	0	0	0	0
85.037356	1	79	79	0	18904	5921	12983	14352
86.003483	2	80	5	1	0	4	79784	178	111	7240	103500	3000	1448	536	312000	40000	142	0	0	0	0	0
86.003565	1	80	80	0	18904	5921	12983	14352
87.057059	2	81	5	1	0	0	80836	179	111	7240	103500	3000	1448	536	312000	40000	135	0	0	0	0	0
87.057148	1	81	81	0	18904	5921	12983	14352
88.005483	2	82	5	1	0	0	81784	180	111	7240	103500	3000	1448	536	312000	40000	135	0	0	0	0	0
88.005571	1	82	82	0	18904	5921	12983	14352
89.068934	2	83	5	1	0	0	82848	181	111	7240	103500	3000	1448	536	312000	40000	135	0	0	0	0	0
89.069025	1	83	83	0	18904	5921	12983	14352
89.282269	3	1	5	10.1.1.1	36989	htdocs/file.txt
