protocol: 5
domain: scalable_10Mbps_3ms
start-time: 1424599281
sender-id: 2
app-name: tinyhttpd
schema: 0 _experiment_metadata subject:string key:string value:string 
schema: 1 _client_instrumentation measurements_injected:uint32 measurements_dropped:uint32 bytes_allocated:uint64 bytes_freed:uint64 bytes_in_use:uint64 bytes_max:uint64 
schema: 2 tinyhttpd_tcp socket:int32 state:int32 ca_state:int32 last_data_sent:int32 last_data_recv:int32 snd_cwnd:int32 snd_ssthresh:int32 rcv_ssthresh:int32 rtt:int32 rttvar:int32 snd_mss:int32 rcv_mss:int32 rto:int32 ato:int32 unacked:int32 sacked:int32 lost:int32 retrans:int32 fackets:int32 total_retrans:int32 
schema: 3 tinyhttpd_peer socket:int32 ip:string port:int32 file:string 
content: text

3.068798	2	1	5	1	0	0	620	59	69	14480	50500	8000	1448	536	248000	40000	45	0	0	0	0	0
3.069481	1	1	1	0	18895	5915	12980	14349
4.037675	2	2	5	1	0	0	1588	70	69	14480	80500	8000	1448	536	280000	40000	70	0	0	0	0	0
4.037766	1	2	2	0	18895	5915	12980	14349
5.135536	2	3	5	1	0	0	2684	71	69	14480	80000	6000	1448	536	280000	40000	71	0	0	0	0	0
5.135623	1	3	3	0	18895	5915	12980	14349
6.045538	2	4	5	1	0	0	3596	72	69	14480	79500	6000	1448	536	276000	40000	64	0	0	0	0	0
6.045629	1	4	4	0	18895	5915	12980	14349
7.089822	2	5	5	1	0	0	4640	72	69	14480	81500	10000	1448	536	280000	40000	63	0	0	0	0	0
7.089909	1	5	5	0	18895	5915	12980	14349
8.000593	2	6	5	1	0	12	5552	73	69	14480	81000	10000	1448	536	280000	40000	73	0	0	0	0	0
8.000682	1	6	6	0	18895	5915	12980	14349
9.037593	2	7	5	1	0	0	6588	74	69	14480	81000	11000	1448	536	280000	40000	74	0	0	0	0	0
9.037681	1	7	7	0	18895	5915	12980	14349
10.082123	2	8	5	1	0	0	7632	75	69	14480	81000	11000	1448	536	280000	40000	75	0	0	0	0	0
10.082217	1	8	8	0	18895	5915	12980	14349
11.007069	2	9	5	1	0	0	8556	75	69	14480	82000	9000	1448	536	280000	40000	60	0	0	0	0	0
11.007156	1	9	9	0	18895	5915	12980	14349
12.103700	2	10	5	1	0	0	9652	76	69	14480	82500	9000	1448	536	280000	40000	59	0	0	0	0	0
12.103793	1	10	10	0	18895	5915	12980	14349
13.043952	2	11	5	1	0	0	10592	77	69	14480	83000	9000	1448	536	280000	40000	58	0	0	0	0	0
13.044046	1	11	11	0	18895	5915	12980	14349
14.140636	2	12	5	1	0	0	11692	78	69	14480	83500	10000	1448	536	280000	40000	57	0	0	0	0	0
14.140729	1	12	12	0	18895	5915	12980	14349
15.080676	2	13	5	1	0	0	12632	78	69	14480	84000	10000	1448	536	284000	40000	57	0	0	0	0	0
15.080768	1	13	13	0	18895	5915	12980	14349
16.020892	2	14	5	1	0	0	13572	79	69	14480	83500	9000	1448	536	280000	40000	56	0	0	0	0	0
16.020986	1	14	14	0	18895	5915	12980	14349
17.117624	2	15	5	1	0	0	14668	80	69	14480	84500	10000	1448	536	284000	40000	55	0	0	0	0	0
17.117715	1	15	15	0	18895	5915	12980	14349
18.057764	2	16	5	1	0	0	15608	81	69	14480	84500	10000	1448	536	284000	40000	55	0	0	0	0	0
18.057857	1	16	16	0	18895	5915	12980	14349
19.000613	2	17	5	1	0	4	16552	81	69	14480	92000	12000	1448	536	292000	40000	63	0	0	0	0	0
19.000764	1	17	17	0	18895	5915	12980	14349
20.097285	2	18	5	1	0	0	17648	82	69	14480	92500	14000	1448	536	292000	40000	61	0	0	0	0	0
20.097377	1	18	18	0	18895	5915	12980	14349
21.034592	2	19	5	1	0	0	18584	83	69	14480	93000	13000	1448	536	292000	40000	59	0	0	0	0	0
21.034682	1	19	19	0	18895	5915	12980	14349
22.106753	2	20	5	1	0	0	19656	84	69	14480	91000	10000	1448	536	288000	40000	84	0	0	0	0	0
22.106844	1	20	20	0	18895	5915	12980	14349
23.050603	2	21	5	1	0	0	20600	84	69	14480	92000	7000	1448	536	292000	40000	84	0	0	0	0	0
23.050691	1	21	21	0	18895	5915	12980	14349
24.000596	2	22	5	1	0	8	21552	85	69	14480	94000	10000	1448	536	292000	40000	85	0	0	0	0	0
24.000683	1	22	22	0	18895	5915	12980	14349
25.094400	2	23	5	1	0	40	22644	86	69	14480	98000	7000	1448	536	296000	40000	74	0	0	0	0	0
25.094488	1	23	23	0	18895	5915	12980	14349
26.048990	2	24	5	1	0	0	23600	87	69	14480	95500	8000	1448	536	292000	40000	87	0	0	0	0	0
26.049082	1	24	24	0	18895	5915	12980	14349
27.079418	2	25	5	1	0	36	24628	88	69	14480	96000	9000	1448	536	296000	40000	76	0	0	0	0	0
27.079506	1	25	25	0	18895	5915	12980	14349
28.176430	2	26	5	1	0	36	25724	88	69	14480	99000	8000	1448	536	296000	40000	76	0	0	0	0	0
28.176524	1	26	26	0	18895	5915	12980	14349
29.130657	2	27	5	1	0	0	26680	89	69	14480	100500	7000	1448	536	300000	40000	89	0	0	0	0	0
29.130839	1	27	27	0	18895	5915	12980	14349
30.005797	2	28	5	1	0	0	27556	90	69	14480	104000	6000	1448	536	304000	40000	90	0	0	0	0	0
30.005889	1	28	28	0	18895	5915	12980	14349
31.115372	2	29	5	1	0	0	28664	91	69	14480	106500	3000	1448	536	304000	40000	91	0	0	0	0	0
31.115459	1	29	29	0	18895	5915	12980	14349
32.056266	2	30	5	1	0	0	29604	91	69	14480	113500	16000	1448	536	312000	40000	91	0	0	0	0	0
32.056353	1	30	30	0	18895	5915	12980	14349
33.004595	2	31	5	1	0	4	30556	91	69	14480	121000	23000	1448	536	320000	40000	91	0	0	0	0	0
33.004690	1	31	31	0	18895	5915	12980	14349
34.093222	2	32	5	1	0	0	31644	92	69	14480	114000	18000	1448	536	312000	40000	90	0	0	0	0	0
34.093316	1	32	32	0	18895	5915	12980	14349
35.034712	2	33	5	1	0	0	32584	93	69	14480	113500	16000	1448	536	312000	40000	90	0	0	0	0	0
35.034806	1	33	33	0	18895	5915	12980	14349
36.132684	2	34	5	1	0	0	33684	94	69	14480	114000	15000	1448	536	312000	40000	90	0	0	0	0	0
36.132777	1	34	34	0	18895	5915	12980	14349
37.072739	2	35	5	1	0	0	34624	94	69	14480	113500	17000	1448	536	312000	40000	90	0	0	0	0	0
37.072810	1	35	35	0	18895	5915	12980	14349
38.013935	2	36	5	1	0	0	35564	95	69	14480	113000	15000	1448	536	312000	40000	90	0	0	0	0	0
38.014028	1	36	36	0	18895	5915	12980	14349
39.111758	2	37	5	1	0	0	36660	96	69	14480	112500	17000	1448	536	312000	40000	90	0	0	0	0	0
39.111846	1	37	37	0	18895	5915	12980	14349
40.053118	2	38	5	1	0	0	37604	97	69	14480	113000	15000	1448	536	312000	40000	90	0	0	0	0	0
40.053212	1	38	38	0	18895	5915	12980	14349
41.004598	2	39	5	1	0	4	38556	97	69	14480	113000	16000	1448	536	312000	40000	97	0	0	0	0	0
41.004693	1	39	39	0	18895	5915	12980	14349
42.029458	2	40	5	1	0	0	39580	98	69	14480	111000	13000	1448	536	308000	40000	90	0	0	0	0	0
42.029547	1	40	40	0	18895	5915	12980	14349
43.073426	2	41	5	1	0	0	40624	99	69	14480	113000	16000	1448	536	312000	40000	90	0	0	0	0	0
43.073520	1	41	41	0	18895	5915	12980	14349
44.117316	2	42	5	1	0	0	41668	99	69	14480	113000	16000	1448	536	312000	40000	90	0	0	0	0	0
44.117410	1	42	42	0	18895	5915	12980	14349
45.161309	2	43	5	1	0	0	42712	100	69	14480	113500	17000	1448	536	312000	40000	90	0	0	0	0	0
45.161397	1	43	43	0	18895	5915	12980	14349
46.004600	2	44	5	1	0	4	43556	100	69	14480	112500	17000	1448	536	312000	40000	100	0	0	0	0	0
46.004693	1	44	44	0	18895	5915	12980	14349
47.040435	2	45	5	1	0	0	44588	101	69	14480	112500	17000	1448	536	312000	40000	90	0	0	0	0	0
47.040510	1	45	45	0	18895	5915	12980	14349
48.084481	2	46	5	1	0	0	45632	102	69	14480	112500	17000	1448	536	312000	40000	90	0	0	0	0	0
48.084576	1	46	46	0	18895	5915	12980	14349
49.128462	2	47	5	1	0	0	46676	102	69	14480	112500	17000	1448	536	312000	40000	90	0	0	0	0	0
49.128555	1	47	47	0	18895	5915	12980	14349
50.172328	2	48	5	1	0	0	47720	103	69	14480	112000	17000	1448	536	312000	40000	90	0	0	0	0	0
50.172422	1	48	48	0	18895	5915	12980	14349
51.007533	2	49	5	1	0	0	48556	103	69	14480	112000	17000	1448	536	312000	40000	90	0	0	0	0	0
51.007625	1	49	49	0	18895	5915	12980	14349
52.051536	2	50	5	1	0	0	49600	104	69	14480	112000	17000	1448	536	312000	40000	90	0	0	0	0	0
52.051625	1	50	50	0	18895	5915	12980	14349
53.095502	2	51	5	1	0	0	50644	104	69	14480	112000	18000	1448	536	312000	40000	90	0	0	0	0	0
53.095594	1	51	51	0	18895	5915	12980	14349
54.104588	2	52	5	1	0	4	51656	105	69	14480	120000	11000	1448	536	320000	40000	90	0	0	0	0	0
54.104674	1	52	52	0	18895	5915	12980	14349
55.044571	2	53	5	1	0	4	52596	106	69	14480	120000	10000	1448	536	320000	40000	90	0	0	0	0	0
55.044663	1	53	53	0	18895	5915	12980	14349
56.142179	2	54	5	1	0	0	53692	106	69	14480	119500	9000	1448	536	316000	40000	90	0	0	0	0	0
56.142273	1	54	54	0	18895	5915	12980	14349
57.083528	2	55	5	1	0	0	54632	107	69	14480	119500	10000	1448	536	316000	40000	90	0	0	0	0	0
57.083603	1	55	55	0	18895	5915	12980	14349
58.024825	2	56	5	1	0	0	55576	108	69	14480	120000	11000	1448	536	320000	40000	90	0	0	0	0	0
58.024920	1	56	56	0	18895	5915	12980	14349
59.121510	2	57	5	1	0	0	56672	109	69	14480	118000	12000	1448	536	316000	40000	90	0	0	0	0	0
59.121597	1	57	57	0	18895	5915	12980	14349
60.062841	2	58	5	1	0	0	57612	109	69	14480	118000	12000	1448	536	316000	40000	90	0	0	0	0	0
60.063011	1	58	58	0	18895	5915	12980	14349
61.004139	2	59	5	1	0	0	58552	110	69	14480	117500	12000	1448	536	316000	40000	90	0	0	0	0	0
61.004230	1	59	59	0	18895	5915	12980	14349
62.101992	2	60	5	1	0	0	59652	111	69	14480	121000	12000	1448	536	320000	40000	90	0	0	0	0	0
62.102083	1	60	60	0	18895	5915	12980	14349
63.042078	2	61	5	1	0	0	60592	111	69	14480	120500	12000	1448	536	320000	40000	90	0	0	0	0	0
63.042171	1	61	61	0	18895	5915	12980	14349
64.139725	2	62	5	1	0	0	61688	112	69	14480	121000	14000	1448	536	320000	40000	90	0	0	0	0	0
64.139819	1	62	62	0	18895	5915	12980	14349
65.080569	2	63	5	1	0	4	62632	113	69	14480	120000	13000	1448	536	320000	40000	113	0	0	0	0	0
65.080663	1	63	63	0	18895	5915	12980	14349
66.020024	2	64	5	1	0	0	63568	113	69	14480	121000	14000	1448	536	320000	40000	113	0	0	0	0	0
66.020117	1	64	64	0	18895	5915	12980	14349
67.117091	2	65	5	1	0	0	64668	114	69	14480	121500	15000	1448	536	320000	40000	114	0	0	0	0	0
67.117182	1	65	65	0	18895	5915	12980	14349
68.056465	2	66	5	1	0	0	65604	114	69	14480	121500	16000	1448	536	320000	40000	114	0	0	0	0	0
68.056558	1	66	66	0	18895	5915	12980	14349
69.004596	2	67	5	1	0	8	66556	115	69	14480	122000	17000	1448	536	320000	40000	115	0	0	0	0	0
69.004690	1	67	67	0	18895	5915	12980	14349
70.093123	2	68	5	1	0	0	67644	115	69	14480	122000	17000	1448	536	320000	40000	115	0	0	0	0	0
70.093215	1	68	68	0	18895	5915	12980	14349
71.033640	2	69	5	1	0	0	68584	116	69	14480	122000	17000	1448	536	320000	40000	116	0	0	0	0	0
71.033729	1	69	69	0	18895	5915	12980	14349
72.129611	2	70	5	1	0	0	69680	116	69	14480	121500	17000	1448	536	320000	40000	116	0	0	0	0	0
72.129701	1	70	70	0	18895	5915	12980	14349
73.070135	2	71	5	1	0	0	70620	117	69	14480	122000	17000	1448	536	320000	40000	117	0	0	0	0	0
73.070228	1	71	71	0	18895	5915	12980	14349
74.009559	2	72	5	1	0	0	71560	117	69	14480	121500	17000	1448	536	320000	40000	117	0	0	0	0	0
74.009654	1	72	72	0	18895	5915	12980	14349
75.106549	2	73	5	1	0	0	72656	118	69	14480	121500	17000	1448	536	320000	40000	118	0	0	0	0	0
75.106641	1	73	73	0	18895	5915	12980	14349
76.046103	2	74	5	1	0	0	73596	118	69	14480	121500	16000	1448	536	320000	40000	118	0	0	0	0	0
76.046195	1	74	74	0	18895	5915	12980	14349
77.143208	2	75	5	1	0	0	74692	119	69	14480	121500	16000	1448	536	320000	40000	119	0	0	0	0	0
77.143291	1	75	75	0	18895	5915	12980	14349
78.082555	2	76	5	1	0	0	75632	119	69	14480	122500	16000	1448	536	320000	40000	119	0	0	0	0	0
78.082650	1	76	76	0	18895	5915	12980	14349
79.023174	2	77	5	1	0	0	76572	120	69	14480	121500	16000	1448	536	320000	40000	120	0	0	0	0	0
79.023265	1	77	77	0	18895	5915	12980	14349
80.119335	2	78	5	1	0	0	77668	120	69	14480	121500	16000	1448	536	320000	40000	120	0	0	0	0	0
80.119428	1	78	78	0	18895	5915	12980	14349
81.059669	2	79	5	1	0	0	78608	121	69	14480	121500	16000	1448	536	320000	40000	121	0	0	0	0	0
81.059761	1	79	79	0	18895	5915	12980	14349
82.004600	2	80	5	1	0	8	79556	121	69	14480	121500	16000	1448	536	320000	40000	121	0	0	0	0	0
82.004694	1	80	80	0	18895	5915	12980	14349
83.096173	2	81	5	1	0	0	80644	122	69	14480	121500	16000	1448	536	320000	40000	122	0	0	0	0	0
83.096266	1	81	81	0	18895	5915	12980	14349
84.035938	2	82	5	1	0	0	81584	122	69	14480	121500	16000	1448	536	320000	40000	122	0	0	0	0	0
84.036025	1	82	82	0	18895	5915	12980	14349
85.146939	2	83	5	1	0	0	82696	123	69	14480	119500	16000	1448	536	316000	40000	90	0	0	0	0	0
85.147030	1	83	83	0	18895	5915	12980	14349
86.177009	2	84	5	1	0	0	83728	123	69	14480	133500	15000	1448	536	332000	40000	123	0	0	0	0	0
86.177099	1	84	84	0	18895	5915	12980	14349
87.013749	2	85	5	1	0	0	84564	124	69	14480	133500	16000	1448	536	332000	40000	124	0	0	0	0	0
87.013829	1	85	85	0	18895	5915	12980	14349
88.152247	2	86	5	1	0	0	85700	125	69	14480	135500	11000	1448	536	332000	40000	125	0	0	0	0	0
88.152340	1	86	86	0	18895	5915	12980	14349
89.092494	2	87	5	1	0	0	86640	126	69	14480	135500	12000	1448	536	332000	40000	126	0	0	0	0	0
89.092585	1	87	87	0	18895	5915	12980	14349
90.034823	2	88	5	1	0	0	87584	126	69	14480	136000	12000	1448	536	336000	40000	126	0	0	0	0	0
90.034994	1	88	88	0	18895	5915	12980	14349
91.133989	2	89	5	1	0	0	88684	127	69	14480	137000	13000	1448	536	336000	40000	127	0	0	0	0	0
91.134083	1	89	89	0	18895	5915	12980	14349
92.032247	2	90	5	1	0	0	89580	128	69	14480	135500	16000	1448	536	332000	40000	128	0	0	0	0	0
92.032332	1	90	90	0	18895	5915	12980	14349
93.128938	2	91	5	1	0	0	90680	129	69	14480	137000	17000	1448	536	336000	40000	129	0	0	0	0	0
93.129033	1	91	91	0	18895	5915	12980	14349
94.063383	2	92	5	1	0	0	91612	129	69	14480	138000	16000	1448	536	336000	40000	129	0	0	0	0	0
94.063477	1	92	92	0	18895	5915	12980	14349
95.121926	2	93	5	1	0	0	92672	130	69	14480	134000	17000	1448	536	332000	40000	95	0	0	0	0	0
95.122017	1	93	93	0	18895	5915	12980	14349
96.157022	2	94	5	1	0	0	93708	131	69	14480	141000	16000	1448	536	340000	40000	131	0	0	0	0	0
96.157115	1	94	94	0	18895	5915	12980	14349
97.004600	2	95	5	1	0	4	94556	131	69	14480	136500	15000	1448	536	336000	40000	94	0	0	0	0	0
97.004686	1	95	95	0	18895	5915	12980	14349
98.039519	2	96	5	1	0	0	95588	132	69	14480	140500	17000	1448	536	340000	40000	132	0	0	0	0	0
98.039613	1	96	96	0	18895	5915	12980	14349
99.188479	2	97	5	1	0	0	96736	133	69	14480	141000	16000	1448	536	340000	40000	133	0	0	0	0	0
99.188569	1	97	97	0	18895	5915	12980	14349
100.083369	2	98	5	1	0	0	97632	134	69	14480	144000	19000	1448	536	344000	40000	92	0	0	0	0	0
100.083461	1	98	98	0	18895	5915	12980	14349
101.065708	2	99	5	1	0	0	98616	134	69	14480	131500	22000	1448	536	328000	40000	134	0	0	0	0	0
101.065800	1	99	99	0	18895	5915	12980	14349
102.014474	2	100	5	1	0	52	99564	135	69	14480	140500	21000	1448	536	340000	40000	95	0	0	0	0	0
102.014565	1	100	100	0	18895	5915	12980	14349
103.110300	2	101	5	1	0	52	100660	135	69	14480	155000	4000	1448	536	352000	40000	95	0	0	0	0	0
103.110392	1	101	101	0	18895	5915	12980	14349
104.049847	2	102	5	1	0	0	101600	136	69	14480	156500	3000	1448	536	356000	40000	136	0	0	0	0	0
104.049941	1	102	102	0	18895	5915	12980	14349
105.145600	2	103	5	1	0	0	102696	136	69	14480	168500	17000	1448	536	368000	40000	135	0	0	0	0	0
105.145693	1	103	103	0	18895	5915	12980	14349
106.085125	2	104	5	1	0	0	103636	136	69	14480	172000	22000	1448	536	372000	40000	135	0	0	0	0	0
106.085217	1	104	104	0	18895	5915	12980	14349
107.024587	2	105	5	1	0	4	104576	137	69	14480	167000	18000	1448	536	364000	40000	135	0	0	0	0	0
107.024669	1	105	105	0	18895	5915	12980	14349
108.120270	2	106	5	1	0	0	105668	137	69	14480	166000	18000	1448	536	364000	40000	135	0	0	0	0	0
108.120363	1	106	106	0	18895	5915	12980	14349
109.059926	2	107	5	1	0	0	106608	138	69	14480	166500	17000	1448	536	364000	40000	135	0	0	0	0	0
109.060020	1	107	107	0	18895	5915	12980	14349
110.004607	2	108	5	1	0	0	107556	138	69	14480	167000	17000	1448	536	364000	40000	138	0	0	0	0	0
110.004704	1	108	108	0	18895	5915	12980	14349
111.095152	2	109	5	1	0	0	108644	139	69	14480	167000	17000	1448	536	364000	40000	135	0	0	0	0	0
111.095242	1	109	109	0	18895	5915	12980	14349
112.034685	2	110	5	1	0	0	109584	139	69	14480	167000	18000	1448	536	364000	40000	135	0	0	0	0	0
112.034775	1	110	110	0	18895	5915	12980	14349
113.130664	2	111	5	1	0	0	110680	140	69	14480	167000	18000	1448	536	364000	40000	135	0	0	0	0	0
113.130748	1	111	111	0	18895	5915	12980	14349
114.070072	2	112	5	1	0	0	111620	140	69	14480	167000	18000	1448	536	364000	40000	135	0	0	0	0	0
114.070160	1	112	112	0	18895	5915	12980	14349
115.009396	2	113	5	1	0	0	112560	141	69	14480	167500	17000	1448	536	364000	40000	135	0	0	0	0	0
115.009490	1	113	113	0	18895	5915	12980	14349
116.105437	2	114	5	1	0	0	113656	141	69	14480	167500	17000	1448	536	364000	40000	135	0	0	0	0	0
116.105531	1	114	114	0	18895	5915	12980	14349
117.044905	2	115	5	1	0	0	114596	142	69	14480	168500	15000	1448	536	368000	40000	135	0	0	0	0	0
117.044993	1	115	115	0	18895	5915	12980	14349
118.140650	2	116	5	1	0	0	115692	142	69	14480	168500	15000	1448	536	368000	40000	135	0	0	0	0	0
118.140739	1	116	116	0	18895	5915	12980	14349
119.080288	2	117	5	1	0	0	116628	143	69	14480	167000	18000	1448	536	364000	40000	135	0	0	0	0	0
119.080381	1	117	117	0	18895	5915	12980	14349
120.019591	2	118	5	1	0	0	117568	143	69	14480	167000	18000	1448	536	364000	40000	135	0	0	0	0	0
120.019758	1	118	118	0	18895	5915	12980	14349
121.115613	2	119	5	1	0	0	118664	144	69	14480	167000	18000	1448	536	364000	40000	135	0	0	0	0	0
121.115706	1	119	119	0	18895	5915	12980	14349
122.055011	2	120	5	1	0	0	119604	144	69	14480	167500	17000	1448	536	364000	40000	135	0	0	0	0	0
122.055105	1	120	120	0	18895	5915	12980	14349
123.004590	2	121	5	1	0	4	120556	145	69	14480	167000	18000	1448	536	364000	40000	145	0	0	0	0	0
123.004665	1	121	121	0	18895	5915	12980	14349
124.090398	2	122	5	1	0	0	121640	145	69	14480	167000	17000	1448	536	364000	40000	135	0	0	0	0	0
124.090493	1	122	122	0	18895	5915	12980	14349
125.029786	2	123	5	1	0	0	122580	146	69	14480	167000	18000	1448	536	364000	40000	135	0	0	0	0	0
125.029881	1	123	123	0	18895	5915	12980	14349
125.343370	3	1	5	10.1.1.1	45209	htdocs/file.txt
