protocol: 5
domain: scalable_500Mbps_300ms
start-time: 1424582322
sender-id: 2
app-name: tinyhttpd
schema: 0 _experiment_metadata subject:string key:string value:string 
schema: 1 _client_instrumentation measurements_injected:uint32 measurements_dropped:uint32 bytes_allocated:uint64 bytes_freed:uint64 bytes_in_use:uint64 bytes_max:uint64 
schema: 2 tinyhttpd_tcp socket:int32 state:int32 ca_state:int32 last_data_sent:int32 last_data_recv:int32 snd_cwnd:int32 snd_ssthresh:int32 rcv_ssthresh:int32 rtt:int32 rttvar:int32 snd_mss:int32 rcv_mss:int32 rto:int32 ato:int32 unacked:int32 sacked:int32 lost:int32 retrans:int32 fackets:int32 total_retrans:int32 
schema: 3 tinyhttpd_peer socket:int32 ip:string port:int32 file:string 
content: text

7.304812	2	1	5	1	0	0	904	14	111	7240	303500	11000	1448	536	752000	40000	8	0	0	0	0	0
7.305413	1	1	1	0	18904	5921	12983	14352
8.207253	2	2	5	1	0	0	1804	19	111	7240	303500	3000	1448	536	608000	40000	13	0	0	0	0	0
8.207348	1	2	2	0	18904	5921	12983	14352
9.411426	2	3	5	1	0	0	3008	31	111	7240	303500	3000	1448	536	536000	40000	21	0	0	0	0	0
9.411597	1	3	3	0	18904	5921	12983	14352
10.314369	2	4	5	1	0	300	3912	39	111	7240	303500	3000	1448	536	520000	40000	27	0	0	0	0	0
10.314444	1	4	4	0	18904	5921	12983	14352
11.518509	2	5	5	1	0	0	5116	48	111	7240	303500	3000	1448	536	512000	40000	48	0	0	0	0	0
11.518580	1	5	5	0	18904	5921	12983	14352
12.120482	2	6	5	1	0	0	5720	53	111	7240	304000	4000	1448	536	516000	40000	53	0	0	0	0	0
12.120555	1	6	6	0	18904	5921	12983	14352
13.023380	2	7	5	1	0	0	6620	63	111	7240	303500	3000	1448	536	512000	40000	43	0	0	0	0	0
13.023544	1	7	7	0	18904	5921	12983	14352
14.230716	2	8	5	1	0	0	7828	75	111	7240	303500	3000	1448	536	512000	40000	63	0	0	0	0	0
14.230795	1	8	8	0	18904	5921	12983	14352
15.152184	2	9	5	1	0	0	8752	88	111	7240	303500	3000	1448	536	512000	40000	88	0	0	0	0	0
15.152264	1	9	9	0	18904	5921	12983	14352
16.054863	2	10	5	1	0	0	9652	101	111	7240	303500	3000	1448	536	512000	40000	90	0	0	0	0	0
16.054936	1	10	10	0	18904	5921	12983	14352
17.242102	2	11	5	1	0	0	10840	112	111	7240	303500	3000	1448	536	512000	40000	90	0	0	0	0	0
17.242195	1	11	11	0	18904	5921	12983	14352
18.451003	2	12	5	1	0	0	12048	112	111	7240	303500	3000	1448	536	512000	40000	90	0	0	0	0	0
18.451101	1	12	12	0	18904	5921	12983	14352
19.059169	2	13	5	1	0	0	12656	112	111	7240	303500	3000	1448	536	512000	40000	90	0	0	0	0	0
19.059254	1	13	13	0	18904	5921	12983	14352
20.274736	2	14	5	1	0	0	13872	112	111	7240	303500	3000	1448	536	512000	40000	90	0	0	0	0	0
20.274844	1	14	14	0	18904	5921	12983	14352
21.489399	2	15	5	1	0	0	15088	113	111	7240	303500	3000	1448	536	512000	40000	90	0	0	0	0	0
21.489485	1	15	15	0	18904	5921	12983	14352
22.097362	2	16	5	1	0	0	15696	113	111	7240	303500	3000	1448	536	512000	40000	90	0	0	0	0	0
22.097453	1	16	16	0	18904	5921	12983	14352
23.313211	2	17	5	1	0	0	16912	113	111	7240	303500	3000	1448	536	512000	40000	90	0	0	0	0	0
23.313305	1	17	17	0	18904	5921	12983	14352
24.529362	2	18	5	1	0	0	18128	114	111	7240	303500	3000	1448	536	512000	40000	114	0	0	0	0	0
24.529450	1	18	18	0	18904	5921	12983	14352
25.131336	2	19	5	1	0	0	18728	114	111	7240	303500	3000	1448	536	512000	40000	114	0	0	0	0	0
25.131413	1	19	19	0	18904	5921	12983	14352
26.034247	2	20	5	1	0	0	19632	114	111	7240	303500	3000	1448	536	512000	40000	114	0	0	0	0	0
26.034324	1	20	20	0	18904	5921	12983	14352
27.259558	2	21	5	1	0	0	20860	114	111	7240	304000	4000	1448	536	516000	40000	114	0	0	0	0	0
27.259629	1	21	21	0	18904	5921	12983	14352
28.157475	2	22	5	1	0	0	21756	114	111	7240	303500	3000	1448	536	512000	40000	114	0	0	0	0	0
28.157568	1	22	22	0	18904	5921	12983	14352
29.060326	2	23	5	1	0	0	22660	115	111	7240	304000	3000	1448	536	516000	40000	115	0	0	0	0	0
29.060397	1	23	23	0	18904	5921	12983	14352
30.549279	2	24	5	1	0	0	24148	115	111	7240	303500	3000	1448	536	512000	40000	115	0	0	0	0	0
30.549368	1	24	24	0	18904	5921	12983	14352
31.467884	2	25	5	1	0	0	25068	115	111	7240	304000	4000	1448	536	516000	40000	90	0	0	0	0	0
31.467955	1	25	25	0	18904	5921	12983	14352
32.370499	2	26	5	1	0	0	25968	116	111	7240	303500	3000	1448	536	512000	40000	116	0	0	0	0	0
32.370578	1	26	26	0	18904	5921	12983	14352
33.273245	2	27	5	1	0	0	26872	116	111	7240	303500	3000	1448	536	512000	40000	116	0	0	0	0	0
33.273335	1	27	27	0	18904	5921	12983	14352
34.198123	2	28	5	1	0	4	27796	116	111	7240	303500	3000	1448	536	512000	40000	90	0	0	0	0	0
34.198196	1	28	28	0	18904	5921	12983	14352
35.095487	2	29	5	1	0	4	28696	116	111	7240	303500	3000	1448	536	512000	40000	116	0	0	0	0	0
35.095562	1	29	29	0	18904	5921	12983	14352
36.003483	2	30	5	1	0	8	29604	116	111	7240	303500	3000	1448	536	512000	40000	116	0	0	0	0	0
36.003558	1	30	30	0	18904	5921	12983	14352
37.486804	2	31	5	1	0	0	31084	117	111	7240	303500	3000	1448	536	512000	40000	90	0	0	0	0	0
37.486874	1	31	31	0	18904	5921	12983	14352
38.389688	2	32	5	1	0	0	31988	117	111	7240	303500	3000	1448	536	512000	40000	90	0	0	0	0	0
38.389781	1	32	32	0	18904	5921	12983	14352
39.292518	2	33	5	1	0	0	32892	117	111	7240	303500	3000	1448	536	512000	40000	117	0	0	0	0	0
39.292588	1	33	33	0	18904	5921	12983	14352
40.195381	2	34	5	1	0	0	33792	117	111	7240	303500	3000	1448	536	512000	40000	117	0	0	0	0	0
40.195518	1	34	34	0	18904	5921	12983	14352
41.399190	2	35	5	1	0	0	34996	118	111	7240	303500	3000	1448	536	512000	40000	118	0	0	0	0	0
41.399288	1	35	35	0	18904	5921	12983	14352
42.302232	2	36	5	1	0	0	35900	118	111	7240	303500	3000	1448	536	512000	40000	90	0	0	0	0	0
42.302312	1	36	36	0	18904	5921	12983	14352
43.204860	2	37	5	1	0	0	36804	118	111	7240	303500	3000	1448	536	512000	40000	118	0	0	0	0	0
43.204939	1	37	37	0	18904	5921	12983	14352
44.107724	2	38	5	1	0	0	37708	119	111	7240	304000	4000	1448	536	516000	40000	119	0	0	0	0	0
44.107809	1	38	38	0	18904	5921	12983	14352
45.311360	2	39	5	1	0	0	38908	119	111	7240	303500	3000	1448	536	512000	40000	119	0	0	0	0	0
45.311441	1	39	39	0	18904	5921	12983	14352
46.214387	2	40	5	1	0	0	39812	119	111	7240	303500	3000	1448	536	512000	40000	90	0	0	0	0	0
46.214462	1	40	40	0	18904	5921	12983	14352
47.117207	2	41	5	1	0	0	40716	119	111	7240	303500	3000	1448	536	512000	40000	119	0	0	0	0	0
47.117277	1	41	41	0	18904	5921	12983	14352
48.020225	2	42	5	1	0	0	41620	120	111	7240	304000	4000	1448	536	516000	40000	90	0	0	0	0	0
48.020305	1	42	42	0	18904	5921	12983	14352
49.249490	2	43	5	1	0	12	42848	120	111	7240	303500	3000	1448	536	512000	40000	90	0	0	0	0	0
49.249574	1	43	43	0	18904	5921	12983	14352
50.158254	2	44	5	1	0	0	43756	120	111	7240	303500	3000	1448	536	512000	40000	120	0	0	0	0	0
50.158336	1	44	44	0	18904	5921	12983	14352
51.061007	2	45	5	1	0	0	44660	120	111	7240	303500	3000	1448	536	512000	40000	120	0	0	0	0	0
51.061081	1	45	45	0	18904	5921	12983	14352
52.546376	2	46	5	1	0	0	46144	121	111	7240	303500	3000	1448	536	512000	40000	121	0	0	0	0	0
52.546454	1	46	46	0	18904	5921	12983	14352
53.436526	2	47	5	1	0	0	47036	121	111	7240	303500	3000	1448	536	512000	40000	121	0	0	0	0	0
53.436614	1	47	47	0	18904	5921	12983	14352
54.351299	2	48	5	1	0	0	47948	121	111	7240	303500	3000	1448	536	512000	40000	121	0	0	0	0	0
54.351376	1	48	48	0	18904	5921	12983	14352
55.261170	2	49	5	1	0	0	48860	121	111	7240	304500	5000	1448	536	516000	40000	121	0	0	0	0	0
55.261247	1	49	49	0	18904	5921	12983	14352
56.465103	2	50	5	1	0	0	50064	122	111	7240	303500	3000	1448	536	512000	40000	90	0	0	0	0	0
56.465185	1	50	50	0	18904	5921	12983	14352
57.066783	2	51	5	1	0	0	50664	122	111	7240	303500	3000	1448	536	512000	40000	122	0	0	0	0	0
57.066852	1	51	51	0	18904	5921	12983	14352
58.289379	2	52	5	1	0	0	51888	122	111	7240	303500	3000	1448	536	512000	40000	90	0	0	0	0	0
58.289468	1	52	52	0	18904	5921	12983	14352
59.474252	2	53	5	1	0	0	53072	123	111	7240	303500	3000	1448	536	512000	40000	123	0	0	0	0	0
59.474338	1	53	53	0	18904	5921	12983	14352
60.376983	2	54	5	1	0	0	53976	123	111	7240	303500	3000	1448	536	512000	40000	123	0	0	0	0	0
60.377070	1	54	54	0	18904	5921	12983	14352
61.279976	2	55	5	1	0	0	54880	123	111	7240	304000	4000	1448	536	516000	40000	123	0	0	0	0	0
61.280046	1	55	55	0	18904	5921	12983	14352
62.194429	2	56	5	1	0	0	55792	123	111	7240	303500	3000	1448	536	512000	40000	123	0	0	0	0	0
62.194506	1	56	56	0	18904	5921	12983	14352
63.097317	2	57	5	1	0	0	56696	123	111	7240	303500	3000	1448	536	512000	40000	123	0	0	0	0	0
63.097468	1	57	57	0	18904	5921	12983	14352
64.301090	2	58	5	1	0	0	57900	124	111	7240	303500	3000	1448	536	512000	40000	90	0	0	0	0	0
64.301182	1	58	58	0	18904	5921	12983	14352
65.504558	2	59	5	1	0	0	59104	124	111	7240	303500	3000	1448	536	512000	40000	124	0	0	0	0	0
65.504637	1	59	59	0	18904	5921	12983	14352
66.106358	2	60	5	1	0	0	59704	124	111	7240	303500	3000	1448	536	512000	40000	124	0	0	0	0	0
66.106459	1	60	60	0	18904	5921	12983	14352
67.008987	2	61	5	1	0	0	60608	124	111	7240	303500	3000	1448	536	512000	40000	124	0	0	0	0	0
67.009089	1	61	61	0	18904	5921	12983	14352
68.513450	2	62	5	1	0	0	62112	125	111	7240	303500	5000	1448	536	512000	40000	125	0	0	0	0	0
68.513579	1	62	62	0	18904	5921	12983	14352
69.416121	2	63	5	1	0	0	63016	125	111	7240	304000	4000	1448	536	516000	40000	125	0	0	0	0	0
69.416230	1	63	63	0	18904	5921	12983	14352
70.318928	2	64	5	1	0	0	63916	125	111	7240	303500	3000	1448	536	512000	40000	125	0	0	0	0	0
70.319012	1	64	64	0	18904	5921	12983	14352
71.222021	2	65	5	1	0	0	64820	125	111	7240	303500	3000	1448	536	512000	40000	125	0	0	0	0	0
71.222131	1	65	65	0	18904	5921	12983	14352
72.141998	2	66	5	1	0	0	65740	126	111	7240	303500	3000	1448	536	512000	40000	126	0	0	0	0	0
72.142075	1	66	66	0	18904	5921	12983	14352
73.044413	2	67	5	1	0	0	66644	126	111	7240	303500	3000	1448	536	512000	40000	126	0	0	0	0	0
73.044486	1	67	67	0	18904	5921	12983	14352
74.230879	2	68	5	1	0	0	67828	126	111	7240	303500	3000	1448	536	512000	40000	126	0	0	0	0	0
74.231000	1	68	68	0	18904	5921	12983	14352
75.150643	2	69	5	1	0	0	68748	126	111	7240	303500	3000	1448	536	512000	40000	126	0	0	0	0	0
75.150742	1	69	69	0	18904	5921	12983	14352
76.053617	2	70	5	1	0	0	69652	127	111	7240	303500	3000	1448	536	512000	40000	127	0	0	0	0	0
76.053704	1	70	70	0	18904	5921	12983	14352
77.558412	2	71	5	1	0	0	71156	127	111	7240	303500	3000	1448	536	512000	40000	127	0	0	0	0	0
77.558482	1	71	71	0	18904	5921	12983	14352
78.160419	2	72	5	1	0	0	71760	127	111	7240	304000	4000	1448	536	516000	40000	127	0	0	0	0	0
78.160492	1	72	72	0	18904	5921	12983	14352
79.063006	2	73	5	1	0	0	72660	128	111	7240	303500	3000	1448	536	512000	40000	128	0	0	0	0	0
79.063096	1	73	73	0	18904	5921	12983	14352
80.289086	2	74	5	1	0	0	73888	128	111	7240	303500	3000	1448	536	512000	40000	97	0	0	0	0	0
80.289169	1	74	74	0	18904	5921	12983	14352
81.198232	2	75	5	1	0	0	74796	128	111	7240	303500	3000	1448	536	512000	40000	90	0	0	0	0	0
81.198304	1	75	75	0	18904	5921	12983	14352
82.094527	2	76	5	1	0	0	75692	128	111	7240	303500	3000	1448	536	512000	40000	128	0	0	0	0	0
82.094601	1	76	76	0	18904	5921	12983	14352
83.310153	2	77	5	1	0	0	76908	129	111	7240	303500	3000	1448	536	512000	40000	129	0	0	0	0	0
83.310229	1	77	77	0	18904	5921	12983	14352
84.526022	2	78	5	1	0	0	78124	129	111	7240	303500	3000	1448	536	512000	40000	129	0	0	0	0	0
84.526112	1	78	78	0	18904	5921	12983	14352
85.152444	2	79	5	1	0	0	78752	129	111	7240	303500	3000	1448	536	512000	40000	96	0	0	0	0	0
85.152516	1	79	79	0	18904	5921	12983	14352
86.060505	2	80	5	1	0	0	79660	129	111	7240	303500	3000	1448	536	512000	40000	96	0	0	0	0	0
86.060587	1	80	80	0	18904	5921	12983	14352
87.278350	2	81	5	1	0	0	80876	130	111	7240	303500	3000	1448	536	512000	40000	90	0	0	0	0	0
87.278420	1	81	81	0	18904	5921	12983	14352
88.174250	2	82	5	1	0	0	81772	130	111	7240	303500	3000	1448	536	512000	40000	130	0	0	0	0	0
88.174326	1	82	82	0	18904	5921	12983	14352
89.389943	2	83	5	1	0	0	82988	130	111	7240	303500	3000	1448	536	512000	40000	130	0	0	0	0	0
89.390027	1	83	83	0	18904	5921	12983	14352
90.016534	2	84	5	1	0	0	83616	130	111	7240	303500	3000	1448	536	512000	40000	95	0	0	0	0	0
90.016611	1	84	84	0	18904	5921	12983	14352
91.232534	2	85	5	1	0	0	84832	130	111	7240	303500	3000	1448	536	512000	40000	95	0	0	0	0	0
91.232608	1	85	85	0	18904	5921	12983	14352
92.140506	2	86	5	1	0	0	85740	131	111	7240	303500	3000	1448	536	512000	40000	94	0	0	0	0	0
92.140580	1	86	86	0	18904	5921	12983	14352
93.038255	2	87	5	1	0	0	86636	131	111	7240	303500	3000	1448	536	512000	40000	131	0	0	0	0	0
93.038325	1	87	87	0	18904	5921	12983	14352
94.253784	2	88	5	1	0	0	87852	131	111	7240	303500	3000	1448	536	512000	40000	131	0	0	0	0	0
94.253958	1	88	88	0	18904	5921	12983	14352
95.469562	2	89	5	1	0	0	89068	131	111	7240	303500	3000	1448	536	512000	40000	131	0	0	0	0	0
95.469637	1	89	89	0	18904	5921	12983	14352
96.096501	2	90	5	1	0	0	89696	132	111	7240	303500	3000	1448	536	512000	40000	93	0	0	0	0	0
96.096578	1	90	90	0	18904	5921	12983	14352
97.003484	2	91	5	1	0	8	90604	132	111	7240	303500	3000	1448	536	512000	40000	132	0	0	0	0	0
97.003556	1	91	91	0	18904	5921	12983	14352
98.223523	2	92	5	1	0	0	91824	132	111	7240	304000	4000	1448	536	516000	40000	132	0	0	0	0	0
98.223601	1	92	92	0	18904	5921	12983	14352
99.446916	2	93	5	1	0	0	93044	132	111	7240	303500	3000	1448	536	512000	40000	132	0	0	0	0	0
99.447000	1	93	93	0	18904	5921	12983	14352
100.076461	2	94	5	1	0	0	93676	133	111	7240	303500	3000	1448	536	512000	40000	95	0	0	0	0	0
100.076535	1	94	94	0	18904	5921	12983	14352
101.003491	2	95	5	1	0	4	94604	133	111	7240	303500	3000	1448	536	512000	40000	133	0	0	0	0	0
101.003575	1	95	95	0	18904	5921	12983	14352
102.511296	2	96	5	1	0	0	96108	133	111	7240	303500	3000	1448	536	512000	40000	133	0	0	0	0	0
102.511376	1	96	96	0	18904	5921	12983	14352
103.140506	2	97	5	1	0	0	96740	133	111	7240	303500	3000	1448	536	512000	40000	94	0	0	0	0	0
103.140581	1	97	97	0	18904	5921	12983	14352
104.350886	2	98	5	1	0	0	97948	134	111	7240	303500	3000	1448	536	512000	40000	134	0	0	0	0	0
104.350979	1	98	98	0	18904	5921	12983	14352
105.288322	2	99	5	1	0	0	98888	134	111	7240	303500	3000	1448	536	512000	40000	93	0	0	0	0	0
105.288400	1	99	99	0	18904	5921	12983	14352
106.212446	2	100	5	1	0	0	99812	134	111	7240	303500	3000	1448	536	512000	40000	96	0	0	0	0	0
106.212529	1	100	100	0	18904	5921	12983	14352
107.115175	2	101	5	1	0	0	100712	134	111	7240	303500	3000	1448	536	512000	40000	134	0	0	0	0	0
107.115258	1	101	101	0	18904	5921	12983	14352
108.052461	2	102	5	1	0	8	101652	135	111	7240	303500	4000	1448	536	512000	40000	92	0	0	0	0	0
108.052541	1	102	102	0	18904	5921	12983	14352
109.284518	2	103	5	1	0	36	102884	135	111	7240	303500	3000	1448	536	512000	40000	92	0	0	0	0	0
109.284610	1	103	103	0	18904	5921	12983	14352
110.208489	2	104	5	1	0	56	103808	135	111	7240	303500	4000	1448	536	512000	40000	92	0	0	0	0	0
110.208565	1	104	104	0	18904	5921	12983	14352
111.132491	2	105	5	1	0	80	104732	135	111	7240	303500	3000	1448	536	512000	40000	92	0	0	0	0	0
111.132564	1	105	105	0	18904	5921	12983	14352
112.049483	2	106	5	1	0	0	105648	136	111	7240	303500	3000	1448	536	512000	40000	136	0	0	0	0	0
112.049555	1	106	106	0	18904	5921	12983	14352
113.253328	2	107	5	1	0	0	106852	136	111	7240	309500	13000	1448	536	520000	40000	135	0	0	0	0	0
113.253401	1	107	107	0	18904	5921	12983	14352
114.156157	2	108	5	1	0	0	107756	136	111	7240	313500	17000	1448	536	524000	40000	135	0	0	0	0	0
114.156251	1	108	108	0	18904	5921	12983	14352
115.058851	2	109	5	1	0	0	108656	136	111	7240	314000	20000	1448	536	524000	40000	135	0	0	0	0	0
115.058925	1	109	109	0	18904	5921	12983	14352
116.262627	2	110	5	1	0	0	109860	137	111	7240	309000	14000	1448	536	520000	40000	135	0	0	0	0	0
116.262714	1	110	110	0	18904	5921	12983	14352
117.165418	2	111	5	1	0	0	110764	137	111	7240	303500	5000	1448	536	512000	40000	135	0	0	0	0	0
117.165489	1	111	111	0	18904	5921	12983	14352
118.068173	2	112	5	1	0	0	111668	137	111	7240	304000	3000	1448	536	516000	40000	135	0	0	0	0	0
118.068255	1	112	112	0	18904	5921	12983	14352
119.271786	2	113	5	1	0	0	112872	138	111	7240	304500	3000	1448	536	516000	40000	135	0	0	0	0	0
119.271878	1	113	113	0	18904	5921	12983	14352
120.175814	2	114	5	1	0	0	113776	138	111	7240	304000	4000	1448	536	516000	40000	135	0	0	0	0	0
120.175901	1	114	114	0	18904	5921	12983	14352
121.078459	2	115	5	1	0	0	114676	138	111	7240	303500	3000	1448	536	512000	40000	135	0	0	0	0	0
121.078536	1	115	115	0	18904	5921	12983	14352
122.282731	2	116	5	1	0	0	115880	138	111	7240	303500	3000	1448	536	512000	40000	135	0	0	0	0	0
122.282811	1	116	116	0	18904	5921	12983	14352
123.185772	2	117	5	1	0	0	116784	139	111	7240	303500	3000	1448	536	512000	40000	135	0	0	0	0	0
123.185842	1	117	117	0	18904	5921	12983	14352
124.088634	2	118	5	1	0	0	117688	139	111	7240	303500	4000	1448	536	512000	40000	135	0	0	0	0	0
124.088808	1	118	118	0	18904	5921	12983	14352
125.003486	2	119	5	1	0	4	118604	139	111	7240	303500	4000	1448	536	512000	40000	139	0	0	0	0	0
125.003570	1	119	119	0	18904	5921	12983	14352
126.195647	2	120	5	1	0	0	119796	139	111	7240	304000	4000	1448	536	516000	40000	135	0	0	0	0	0
126.195731	1	120	120	0	18904	5921	12983	14352
127.098986	2	121	5	1	0	0	120696	140	111	7240	303500	3000	1448	536	512000	40000	135	0	0	0	0	0
127.099056	1	121	121	0	18904	5921	12983	14352
128.003492	2	122	5	1	0	4	121604	140	111	7240	303500	3000	1448	536	512000	40000	135	0	0	0	0	0
128.003572	1	122	122	0	18904	5921	12983	14352
129.205353	2	123	5	1	0	0	122804	140	111	7240	303500	3000	1448	536	512000	40000	135	0	0	0	0	0
129.205439	1	123	123	0	18904	5921	12983	14352
130.318163	2	124	5	1	0	0	123916	141	111	7240	303500	3000	1448	536	512000	40000	135	0	0	0	0	0
130.318250	1	124	124	0	18904	5921	12983	14352
131.220812	2	125	5	1	0	0	124820	141	111	7240	303500	3000	1448	536	512000	40000	135	0	0	0	0	0
131.220887	1	125	125	0	18904	5921	12983	14352
132.215623	2	126	5	1	0	0	125816	141	111	7240	304000	4000	1448	536	516000	40000	135	0	0	0	0	0
132.215700	1	126	126	0	18904	5921	12983	14352
133.026768	2	127	5	1	0	0	126624	141	111	7240	303500	3000	1448	536	512000	40000	135	0	0	0	0	0
133.026840	1	127	127	0	18904	5921	12983	14352
134.021240	2	128	5	1	0	0	127620	142	111	7240	303500	3000	1448	536	512000	40000	135	0	0	0	0	0
134.021329	1	128	128	0	18904	5921	12983	14352
135.133516	2	129	5	1	0	0	128732	142	111	7240	303500	3000	1448	536	512000	40000	135	0	0	0	0	0
135.133604	1	129	129	0	18904	5921	12983	14352
136.043393	2	130	5	1	0	0	129640	143	111	7240	303500	3000	1448	536	512000	40000	135	0	0	0	0	0
136.043478	1	130	130	0	18904	5921	12983	14352
137.043279	2	131	5	1	0	0	130640	143	111	7240	303500	3000	1448	536	512000	40000	135	0	0	0	0	0
137.043355	1	131	131	0	18904	5921	12983	14352
138.162410	2	132	5	1	0	0	131760	143	111	7240	303500	3000	1448	536	512000	40000	135	0	0	0	0	0
138.162493	1	132	132	0	18904	5921	12983	14352
139.156683	2	133	5	1	0	0	132756	144	111	7240	303500	3000	1448	536	512000	40000	135	0	0	0	0	0
139.156767	1	133	133	0	18904	5921	12983	14352
140.059444	2	134	5	1	0	0	133656	144	111	7240	303500	3000	1448	536	512000	40000	135	0	0	0	0	0
140.059537	1	134	134	0	18904	5921	12983	14352
141.172142	2	135	5	1	0	0	134772	145	111	7240	304000	4000	1448	536	516000	40000	135	0	0	0	0	0
141.172214	1	135	135	0	18904	5921	12983	14352
142.088482	2	136	5	1	0	0	135688	145	111	7240	304000	4000	1448	536	516000	40000	135	0	0	0	0	0
142.088563	1	136	136	0	18904	5921	12983	14352
143.076552	2	137	5	1	0	0	136676	145	111	7240	303500	3000	1448	536	512000	40000	135	0	0	0	0	0
143.076624	1	137	137	0	18904	5921	12983	14352
144.181591	2	138	5	1	0	0	137780	146	111	7240	303500	3000	1448	536	512000	40000	135	0	0	0	0	0
144.181679	1	138	138	0	18904	5921	12983	14352
145.174922	2	139	5	1	0	0	138772	146	111	7240	303500	3000	1448	536	512000	40000	135	0	0	0	0	0
145.175006	1	139	139	0	18904	5921	12983	14352
146.288365	2	140	5	1	0	0	139888	146	111	7240	304000	4000	1448	536	516000	40000	135	0	0	0	0	0
146.288465	1	140	140	0	18904	5921	12983	14352
147.198971	2	141	5	1	0	0	140796	147	111	7240	303500	3000	1448	536	512000	40000	135	0	0	0	0	0
147.199044	1	141	141	0	18904	5921	12983	14352
148.395374	2	142	5	1	0	0	141992	147	111	7240	303500	3000	1448	536	512000	40000	135	0	0	0	0	0
148.395451	1	142	142	0	18904	5921	12983	14352
149.004223	2	143	5	1	0	0	142604	147	111	7240	304000	4000	1448	536	516000	40000	135	0	0	0	0	0
149.004293	1	143	143	0	18904	5921	12983	14352
150.006083	2	144	5	1	0	0	143604	148	111	7240	303500	3000	1448	536	512000	40000	135	0	0	0	0	0
150.006176	1	144	144	0	18904	5921	12983	14352
151.103345	2	145	5	1	0	0	144700	148	111	7240	303500	3000	1448	536	512000	40000	135	0	0	0	0	0
151.103423	1	145	145	0	18904	5921	12983	14352
152.020424	2	146	5	1	0	0	145620	148	111	7240	304000	4000	1448	536	516000	40000	135	0	0	0	0	0
152.020506	1	146	146	0	18904	5921	12983	14352
153.015565	2	147	5	1	0	0	146616	149	111	7240	304000	4000	1448	536	516000	40000	135	0	0	0	0	0
153.015635	1	147	147	0	18904	5921	12983	14352
154.212483	2	148	5	1	0	0	147812	149	111	7240	303500	3000	1448	536	512000	40000	135	0	0	0	0	0
154.212583	1	148	148	0	18904	5921	12983	14352
155.129816	2	149	5	1	0	0	148728	150	111	7240	303500	3000	1448	536	512000	40000	135	0	0	0	0	0
155.129907	1	149	149	0	18904	5921	12983	14352
156.046185	2	150	5	1	0	0	149644	150	111	7240	304000	6000	1448	536	516000	40000	135	0	0	0	0	0
156.046269	1	150	150	0	18904	5921	12983	14352
157.254931	2	151	5	1	0	8	150852	150	111	7240	303500	3000	1448	536	512000	40000	135	0	0	0	0	0
157.255004	1	151	151	0	18904	5921	12983	14352
158.148082	2	152	5	1	0	0	151748	151	111	7240	304000	4000	1448	536	516000	40000	135	0	0	0	0	0
158.148160	1	152	152	0	18904	5921	12983	14352
159.072532	2	153	5	1	0	0	152672	151	111	7240	303500	3000	1448	536	512000	40000	151	0	0	0	0	0
159.072604	1	153	153	0	18904	5921	12983	14352
160.275520	2	154	5	1	0	0	153876	151	111	7240	304000	4000	1448	536	516000	40000	135	0	0	0	0	0
160.275612	1	154	154	0	18904	5921	12983	14352
161.185451	2	155	5	1	0	0	154784	152	111	7240	303500	3000	1448	536	512000	40000	135	0	0	0	0	0
161.185522	1	155	155	0	18904	5921	12983	14352
162.067298	2	156	5	1	0	0	155664	152	111	7240	303500	3000	1448	536	512000	40000	152	0	0	0	0	0
162.067383	1	156	156	0	18904	5921	12983	14352
163.003592	2	157	5	1	0	0	156604	152	111	7240	304000	4000	1448	536	516000	40000	135	0	0	0	0	0
163.003664	1	157	157	0	18904	5921	12983	14352
164.500724	2	158	5	1	0	0	158100	153	111	7240	303500	3000	1448	536	512000	40000	153	0	0	0	0	0
164.500813	1	158	158	0	18904	5921	12983	14352
165.124660	2	159	5	1	0	0	158724	153	111	7240	303500	3000	1448	536	512000	40000	135	0	0	0	0	0
165.124752	1	159	159	0	18904	5921	12983	14352
166.312901	2	160	5	1	0	0	159912	154	111	7240	303500	3000	1448	536	512000	40000	154	0	0	0	0	0
166.312987	1	160	160	0	18904	5921	12983	14352
167.251653	2	161	5	1	0	0	160852	154	111	7240	304000	4000	1448	536	516000	40000	135	0	0	0	0	0
167.251728	1	161	161	0	18904	5921	12983	14352
168.162110	2	162	5	1	0	0	161760	154	111	7240	303500	3000	1448	536	512000	40000	135	0	0	0	0	0
168.162192	1	162	162	0	18904	5921	12983	14352
169.070455	2	163	5	1	0	0	162668	155	111	7240	303500	4000	1448	536	512000	40000	135	0	0	0	0	0
169.070526	1	163	163	0	18904	5921	12983	14352
170.294069	2	164	5	1	0	0	163892	155	111	7240	303500	3000	1448	536	512000	40000	135	0	0	0	0	0
170.294163	1	164	164	0	18904	5921	12983	14352
171.202036	2	165	5	1	0	0	164800	155	111	7240	303500	3000	1448	536	512000	40000	135	0	0	0	0	0
171.202112	1	165	165	0	18904	5921	12983	14352
172.385861	2	166	5	1	0	0	165984	156	111	7240	303500	3000	1448	536	512000	40000	156	0	0	0	0	0
172.385952	1	166	166	0	18904	5921	12983	14352
173.288649	2	167	5	1	0	0	166888	156	111	7240	303500	3000	1448	536	512000	40000	156	0	0	0	0	0
173.288720	1	167	167	0	18904	5921	12983	14352
174.191436	2	168	5	1	0	0	167788	156	111	7240	303500	3000	1448	536	512000	40000	156	0	0	0	0	0
174.191510	1	168	168	0	18904	5921	12983	14352
175.125107	2	169	5	1	0	0	168724	157	111	7240	303500	3000	1448	536	512000	40000	138	0	0	0	0	0
175.125201	1	169	169	0	18904	5921	12983	14352
176.032847	2	170	5	1	0	0	169632	157	111	7240	303500	3000	1448	536	512000	40000	138	0	0	0	0	0
176.032928	1	170	170	0	18904	5921	12983	14352
177.264357	2	171	5	1	0	0	170864	157	111	7240	303500	3000	1448	536	512000	40000	141	0	0	0	0	0
177.264436	1	171	171	0	18904	5921	12983	14352
178.172469	2	172	5	1	0	0	171772	158	111	7240	303500	3000	1448	536	512000	40000	139	0	0	0	0	0
178.172549	1	172	172	0	18904	5921	12983	14352
179.080401	2	173	5	1	0	0	172680	158	111	7240	303500	3000	1448	536	512000	40000	138	0	0	0	0	0
179.080471	1	173	173	0	18904	5921	12983	14352
180.281158	2	174	5	1	0	0	173880	159	111	7240	303500	4000	1448	536	512000	40000	137	0	0	0	0	0
180.281247	1	174	174	0	18904	5921	12983	14352
181.185380	2	175	5	1	0	0	174784	159	111	7240	303500	3000	1448	536	512000	40000	135	0	0	0	0	0
181.185454	1	175	175	0	18904	5921	12983	14352
182.105332	2	176	5	1	0	0	175704	159	111	7240	303500	6000	1448	536	512000	40000	135	0	0	0	0	0
182.105412	1	176	176	0	18904	5921	12983	14352
183.009435	2	177	5	1	0	0	176608	160	111	7240	303500	3000	1448	536	512000	40000	135	0	0	0	0	0
183.009587	1	177	177	0	18904	5921	12983	14352
184.219043	2	178	5	1	0	4	177816	160	111	7240	303500	3000	1448	536	512000	40000	135	0	0	0	0	0
184.219115	1	178	178	0	18904	5921	12983	14352
185.129163	2	179	5	1	0	0	178728	161	111	7240	303500	3000	1448	536	512000	40000	135	0	0	0	0	0
185.129256	1	179	179	0	18904	5921	12983	14352
186.037431	2	180	5	1	0	0	179636	161	111	7240	303500	3000	1448	536	512000	40000	135	0	0	0	0	0
186.037509	1	180	180	0	18904	5921	12983	14352
187.253423	2	181	5	1	0	0	180852	161	111	7240	303500	3000	1448	536	512000	40000	135	0	0	0	0	0
187.253501	1	181	181	0	18904	5921	12983	14352
188.169210	2	182	5	1	0	0	181768	162	111	7240	303500	3000	1448	536	512000	40000	135	0	0	0	0	0
188.169291	1	182	182	0	18904	5921	12983	14352
189.077351	2	183	5	1	0	0	182676	162	111	7240	303500	3000	1448	536	512000	40000	135	0	0	0	0	0
189.077422	1	183	183	0	18904	5921	12983	14352
190.003487	2	184	5	1	0	4	183604	162	111	7240	303500	3000	1448	536	512000	40000	153	0	0	0	0	0
190.003581	1	184	184	0	18904	5921	12983	14352
191.208985	2	185	5	1	0	0	184808	163	111	7240	303500	3000	1448	536	512000	40000	135	0	0	0	0	0
191.209068	1	185	185	0	18904	5921	12983	14352
192.116972	2	186	5	1	0	0	185716	163	111	7240	303500	3000	1448	536	512000	40000	135	0	0	0	0	0
192.117053	1	186	186	0	18904	5921	12983	14352
193.033033	2	187	5	1	0	0	186632	163	111	7240	303500	3000	1448	536	512000	40000	135	0	0	0	0	0
193.033105	1	187	187	0	18904	5921	12983	14352
194.249399	2	188	5	1	0	0	187848	164	111	7240	303500	3000	1448	536	512000	40000	135	0	0	0	0	0
194.249473	1	188	188	0	18904	5921	12983	14352
195.156702	2	189	5	1	0	0	188756	164	111	7240	303500	3000	1448	536	512000	40000	135	0	0	0	0	0
195.156795	1	189	189	0	18904	5921	12983	14352
196.073386	2	190	5	1	0	0	189672	164	111	7240	303500	3000	1448	536	512000	40000	135	0	0	0	0	0
196.073463	1	190	190	0	18904	5921	12983	14352
197.289229	2	191	5	1	0	0	190888	165	111	7240	303500	3000	1448	536	512000	40000	135	0	0	0	0	0
197.289306	1	191	191	0	18904	5921	12983	14352
198.212385	2	192	5	1	0	0	191812	165	111	7240	303500	3000	1448	536	512000	40000	165	0	0	0	0	0
198.212464	1	192	192	0	18904	5921	12983	14352
199.113466	2	193	5	1	0	0	192712	165	111	7240	303500	4000	1448	536	512000	40000	135	0	0	0	0	0
199.113536	1	193	193	0	18904	5921	12983	14352
200.029028	2	194	5	1	0	0	193628	166	111	7240	303500	3000	1448	536	512000	40000	135	0	0	0	0	0
200.029121	1	194	194	0	18904	5921	12983	14352
201.260302	2	195	5	1	0	0	194860	166	111	7240	303500	3000	1448	536	512000	40000	166	0	0	0	0	0
201.260382	1	195	195	0	18904	5921	12983	14352
202.161234	2	196	5	1	0	0	195760	166	111	7240	303500	3000	1448	536	512000	40000	135	0	0	0	0	0
202.161320	1	196	196	0	18904	5921	12983	14352
203.077001	2	197	5	1	0	0	196676	167	111	7240	303500	3000	1448	536	512000	40000	135	0	0	0	0	0
203.077076	1	197	197	0	18904	5921	12983	14352
204.003489	2	198	5	1	0	4	197604	167	111	7240	303500	3000	1448	536	512000	40000	167	0	0	0	0	0
204.003567	1	198	198	0	18904	5921	12983	14352
205.208921	2	199	5	1	0	0	198808	167	111	7240	304000	4000	1448	536	516000	40000	135	0	0	0	0	0
205.209011	1	199	199	0	18904	5921	12983	14352
206.125291	2	200	5	1	0	0	199724	168	111	7240	306500	8000	1448	536	516000	40000	135	0	0	0	0	0
206.125372	1	200	200	0	18904	5921	12983	14352
207.041044	2	201	5	1	0	0	200640	168	111	7240	303500	3000	1448	536	512000	40000	135	0	0	0	0	0
207.041119	1	201	201	0	18904	5921	12983	14352
208.265021	2	202	5	1	0	0	201864	168	111	7240	303500	3000	1448	536	512000	40000	135	0	0	0	0	0
208.265100	1	202	202	0	18904	5921	12983	14352
209.181199	2	203	5	1	0	0	202780	169	111	7240	303500	3000	1448	536	512000	40000	135	0	0	0	0	0
209.181269	1	203	203	0	18904	5921	12983	14352
210.096955	2	204	5	1	0	0	203696	169	111	7240	303500	3000	1448	536	512000	40000	135	0	0	0	0	0
210.097042	1	204	204	0	18904	5921	12983	14352
211.013129	2	205	5	1	0	0	204612	169	111	7240	303500	3000	1448	536	512000	40000	135	0	0	0	0	0
211.013206	1	205	205	0	18904	5921	12983	14352
212.236927	2	206	5	1	0	0	205836	170	111	7240	303500	3000	1448	536	512000	40000	135	0	0	0	0	0
212.237006	1	206	206	0	18904	5921	12983	14352
213.152997	2	207	5	1	0	0	206752	170	111	7240	303500	3000	1448	536	512000	40000	135	0	0	0	0	0
213.153070	1	207	207	0	18904	5921	12983	14352
214.068971	2	208	5	1	0	0	207668	170	111	7240	303500	3000	1448	536	512000	40000	135	0	0	0	0	0
214.069044	1	208	208	0	18904	5921	12983	14352
215.285296	2	209	5	1	0	0	208884	171	111	7240	303500	3000	1448	536	512000	40000	135	0	0	0	0	0
215.285385	1	209	209	0	18904	5921	12983	14352
216.201384	2	210	5	1	0	0	209800	171	111	7240	303500	3000	1448	536	512000	40000	135	0	0	0	0	0
216.201468	1	210	210	0	18904	5921	12983	14352
217.117404	2	211	5	1	0	0	210716	172	111	7240	303500	3000	1448	536	512000	40000	135	0	0	0	0	0
217.117475	1	211	211	0	18904	5921	12983	14352
218.033264	2	212	5	1	0	0	211632	172	111	7240	303500	3000	1448	536	512000	40000	135	0	0	0	0	0
218.033347	1	212	212	0	18904	5921	12983	14352
219.257110	2	213	5	1	0	0	212856	172	111	7240	303500	3000	1448	536	512000	40000	135	0	0	0	0	0
219.257181	1	213	213	0	18904	5921	12983	14352
220.173088	2	214	5	1	0	0	213772	173	111	7240	303500	3000	1448	536	512000	40000	135	0	0	0	0	0
220.173182	1	214	214	0	18904	5921	12983	14352
221.088924	2	215	5	1	0	0	214688	173	111	7240	303500	3000	1448	536	512000	40000	135	0	0	0	0	0
221.089005	1	215	215	0	18904	5921	12983	14352
222.005164	2	216	5	1	0	0	215604	173	111	7240	303500	3000	1448	536	512000	40000	135	0	0	0	0	0
222.005245	1	216	216	0	18904	5921	12983	14352
223.229072	2	217	5	1	0	0	216828	174	111	7240	303500	3000	1448	536	512000	40000	135	0	0	0	0	0
223.229157	1	217	217	0	18904	5921	12983	14352
224.144894	2	218	5	1	0	0	217744	174	111	7240	303500	3000	1448	536	512000	40000	135	0	0	0	0	0
224.144970	1	218	218	0	18904	5921	12983	14352
225.060813	2	219	5	1	0	0	218660	174	111	7240	303500	3000	1448	536	512000	40000	135	0	0	0	0	0
225.060897	1	219	219	0	18904	5921	12983	14352
226.277300	2	220	5	1	0	0	219876	175	111	7240	303500	3000	1448	536	512000	40000	135	0	0	0	0	0
226.277392	1	220	220	0	18904	5921	12983	14352
227.200780	2	221	5	1	0	0	220800	175	111	7240	303500	3000	1448	536	512000	40000	135	0	0	0	0	0
227.200857	1	221	221	0	18904	5921	12983	14352
228.116870	2	222	5	1	0	0	221716	175	111	7240	303500	3000	1448	536	512000	40000	135	0	0	0	0	0
228.116958	1	222	222	0	18904	5921	12983	14352
229.033066	2	223	5	1	0	0	222632	176	111	7240	303500	3000	1448	536	512000	40000	135	0	0	0	0	0
229.033137	1	223	223	0	18904	5921	12983	14352
230.256970	2	224	5	1	0	0	223856	176	111	7240	303500	3000	1448	536	512000	40000	135	0	0	0	0	0
230.257086	1	224	224	0	18904	5921	12983	14352
231.173305	2	225	5	1	0	0	224772	176	111	7240	303500	3000	1448	536	512000	40000	135	0	0	0	0	0
231.173402	1	225	225	0	18904	5921	12983	14352
232.097026	2	226	5	1	0	0	225696	177	111	7240	303500	3000	1448	536	512000	40000	135	0	0	0	0	0
232.097108	1	226	226	0	18904	5921	12983	14352
233.012850	2	227	5	1	0	0	226612	177	111	7240	303500	3000	1448	536	512000	40000	135	0	0	0	0	0
233.012926	1	227	227	0	18904	5921	12983	14352
234.236735	2	228	5	1	0	0	227836	178	111	7240	303500	3000	1448	536	512000	40000	135	0	0	0	0	0
234.236812	1	228	228	0	18904	5921	12983	14352
235.152850	2	229	5	1	0	0	228752	178	111	7240	303500	3000	1448	536	512000	40000	135	0	0	0	0	0
235.152929	1	229	229	0	18904	5921	12983	14352
236.069402	2	230	5	1	0	0	229668	178	111	7240	303500	3000	1448	536	512000	40000	135	0	0	0	0	0
236.069490	1	230	230	0	18904	5921	12983	14352
237.293216	2	231	5	1	0	0	230892	179	111	7240	303500	3000	1448	536	512000	40000	135	0	0	0	0	0
237.293287	1	231	231	0	18904	5921	12983	14352
238.217113	2	232	5	1	0	0	231816	179	111	7240	303500	3000	1448	536	512000	40000	135	0	0	0	0	0
238.217194	1	232	232	0	18904	5921	12983	14352
239.132994	2	233	5	1	0	0	232732	179	111	7240	303500	3000	1448	536	512000	40000	135	0	0	0	0	0
239.133065	1	233	233	0	18904	5921	12983	14352
240.049090	2	234	5	1	0	0	233648	180	111	7240	303500	3000	1448	536	512000	40000	135	0	0	0	0	0
240.049168	1	234	234	0	18904	5921	12983	14352
241.273160	2	235	5	1	0	0	234872	180	111	7240	303500	3000	1448	536	512000	40000	135	0	0	0	0	0
241.273251	1	235	235	0	18904	5921	12983	14352
242.189373	2	236	5	1	0	0	235788	180	111	7240	303500	3000	1448	536	512000	40000	135	0	0	0	0	0
242.189532	1	236	236	0	18904	5921	12983	14352
243.113116	2	237	5	1	0	0	236712	181	111	7240	303500	3000	1448	536	512000	40000	135	0	0	0	0	0
243.113197	1	237	237	0	18904	5921	12983	14352
244.028988	2	238	5	1	0	0	237628	181	111	7240	303500	3000	1448	536	512000	40000	135	0	0	0	0	0
244.029060	1	238	238	0	18904	5921	12983	14352
245.252902	2	239	5	1	0	0	238852	181	111	7240	303500	3000	1448	536	512000	40000	135	0	0	0	0	0
245.252986	1	239	239	0	18904	5921	12983	14352
246.169289	2	240	5	1	0	0	239768	181	111	7240	303500	3000	1448	536	512000	40000	135	0	0	0	0	0
246.169376	1	240	240	0	18904	5921	12983	14352
247.085395	2	241	5	1	0	0	240684	181	111	7240	303500	3000	1448	536	512000	40000	135	0	0	0	0	0
247.085466	1	241	241	0	18904	5921	12983	14352
248.001736	2	242	5	1	0	0	241600	182	111	7240	303500	3000	1448	536	512000	40000	135	0	0	0	0	0
248.001823	1	242	242	0	18904	5921	12983	14352
248.938258	3	1	5	10.1.1.1	36996	htdocs/file.txt
