protocol: 5
domain: scalable_500Mbps_200ms
start-time: 1424581428
sender-id: 2
app-name: tinyhttpd
schema: 0 _experiment_metadata subject:string key:string value:string 
schema: 1 _client_instrumentation measurements_injected:uint32 measurements_dropped:uint32 bytes_allocated:uint64 bytes_freed:uint64 bytes_in_use:uint64 bytes_max:uint64 
schema: 2 tinyhttpd_tcp socket:int32 state:int32 ca_state:int32 last_data_sent:int32 last_data_recv:int32 snd_cwnd:int32 snd_ssthresh:int32 rcv_ssthresh:int32 rtt:int32 rttvar:int32 snd_mss:int32 rcv_mss:int32 rto:int32 ato:int32 unacked:int32 sacked:int32 lost:int32 retrans:int32 fackets:int32 total_retrans:int32 
schema: 3 tinyhttpd_peer socket:int32 ip:string port:int32 file:string 
content: text

7.076148	2	1	5	1	0	0	804	17	111	7240	207500	10000	1448	536	596000	40000	12	0	0	0	0	0
7.076787	1	1	1	0	18904	5921	12983	14352
8.281441	2	2	5	1	0	0	2008	32	111	7240	203500	3000	1448	536	436000	40000	32	0	0	0	0	0
8.281520	1	2	2	0	18904	5921	12983	14352
9.084810	2	3	5	1	0	0	2812	41	111	7240	203500	3000	1448	536	416000	40000	41	0	0	0	0	0
9.084880	1	3	3	0	18904	5921	12983	14352
10.289631	2	4	5	1	0	0	4016	56	111	7240	203500	3000	1448	536	412000	40000	56	0	0	0	0	0
10.289725	1	4	4	0	18904	5921	12983	14352
11.092761	2	5	5	1	0	0	4820	67	111	7240	203500	3000	1448	536	412000	40000	45	0	0	0	0	0
11.092849	1	5	5	0	18904	5921	12983	14352
12.305087	2	6	5	1	0	0	6032	85	111	7240	203500	3000	1448	536	412000	40000	85	0	0	0	0	0
12.305176	1	6	6	0	18904	5921	12983	14352
13.109144	2	7	5	1	0	0	6836	101	111	7240	203500	3000	1448	536	412000	40000	90	0	0	0	0	0
13.109244	1	7	7	0	18904	5921	12983	14352
14.320612	2	8	5	1	0	0	8048	112	111	7240	207000	11000	1448	536	416000	40000	90	0	0	0	0	0
14.320731	1	8	8	0	18904	5921	12983	14352
15.330209	2	9	5	1	0	0	9056	112	111	7240	203500	3000	1448	536	412000	40000	90	0	0	0	0	0
15.330312	1	9	9	0	18904	5921	12983	14352
16.144378	2	10	5	1	0	0	9872	112	111	7240	203500	3000	1448	536	412000	40000	90	0	0	0	0	0
16.144469	1	10	10	0	18904	5921	12983	14352
17.365514	2	11	5	1	0	0	11092	113	111	7240	203500	3000	1448	536	412000	40000	90	0	0	0	0	0
17.365604	1	11	11	0	18904	5921	12983	14352
18.181387	2	12	5	1	0	184	11908	113	111	7240	203500	3000	1448	536	412000	40000	90	0	0	0	0	0
18.181475	1	12	12	0	18904	5921	12983	14352
19.003488	2	13	5	1	0	0	12732	114	111	7240	203500	4000	1448	536	412000	40000	114	0	0	0	0	0
19.003567	1	13	13	0	18904	5921	12983	14352
20.197144	2	14	5	1	0	0	13924	114	111	7240	203500	3000	1448	536	412000	40000	114	0	0	0	0	0
20.197233	1	14	14	0	18904	5921	12983	14352
21.201627	2	15	5	1	0	0	14928	114	111	7240	203500	3000	1448	536	412000	40000	90	0	0	0	0	0
21.201726	1	15	15	0	18904	5921	12983	14352
22.030560	2	16	5	1	0	0	15756	115	111	7240	203500	3000	1448	536	412000	40000	90	0	0	0	0	0
22.030653	1	16	16	0	18904	5921	12983	14352
23.009966	2	17	5	1	0	0	16736	115	111	7240	203500	3000	1448	536	412000	40000	115	0	0	0	0	0
23.010040	1	17	17	0	18904	5921	12983	14352
24.014480	2	18	5	1	0	0	17740	115	111	7240	203500	3000	1448	536	412000	40000	115	0	0	0	0	0
24.014570	1	18	18	0	18904	5921	12983	14352
25.219995	2	19	5	1	0	0	18948	116	111	7240	204000	4000	1448	536	416000	40000	116	0	0	0	0	0
25.220070	1	19	19	0	18904	5921	12983	14352
26.029279	2	20	5	1	0	4	19756	116	111	7240	203500	4000	1448	536	412000	40000	90	0	0	0	0	0
26.029368	1	20	20	0	18904	5921	12983	14352
27.028513	2	21	5	1	0	0	20756	117	111	7240	203500	3000	1448	536	412000	40000	117	0	0	0	0	0
27.028599	1	21	21	0	18904	5921	12983	14352
28.033301	2	22	5	1	0	0	21760	117	111	7240	203500	3000	1448	536	412000	40000	117	0	0	0	0	0
28.033386	1	22	22	0	18904	5921	12983	14352
29.238970	2	23	5	1	0	0	22964	117	111	7240	203500	3000	1448	536	412000	40000	117	0	0	0	0	0
29.239057	1	23	23	0	18904	5921	12983	14352
30.067787	2	24	5	1	0	0	23796	118	111	7240	204000	4000	1448	536	416000	40000	118	0	0	0	0	0
30.067867	1	24	24	0	18904	5921	12983	14352
31.047426	2	25	5	1	0	0	24772	118	111	7240	203500	3000	1448	536	412000	40000	118	0	0	0	0	0
31.047552	1	25	25	0	18904	5921	12983	14352
32.252979	2	26	5	1	0	0	25980	119	111	7240	203500	3000	1448	536	412000	40000	119	0	0	0	0	0
32.253175	1	26	26	0	18904	5921	12983	14352
33.257625	2	27	5	1	0	0	26984	119	111	7240	203500	3000	1448	536	412000	40000	119	0	0	0	0	0
33.257695	1	27	27	0	18904	5921	12983	14352
34.078024	2	28	5	1	0	0	27804	119	111	7240	203500	3000	1448	536	412000	40000	119	0	0	0	0	0
34.078104	1	28	28	0	18904	5921	12983	14352
35.082342	2	29	5	1	0	0	28808	120	111	7240	203500	3000	1448	536	412000	40000	90	0	0	0	0	0
35.082422	1	29	29	0	18904	5921	12983	14352
36.293267	2	30	5	1	0	0	30020	120	111	7240	203500	3000	1448	536	412000	40000	120	0	0	0	0	0
36.293358	1	30	30	0	18904	5921	12983	14352
37.297681	2	31	5	1	0	0	31024	120	111	7240	203500	3000	1448	536	412000	40000	120	0	0	0	0	0
37.297764	1	31	31	0	18904	5921	12983	14352
38.126801	2	32	5	1	0	0	31852	121	111	7240	203500	3000	1448	536	412000	40000	90	0	0	0	0	0
38.126887	1	32	32	0	18904	5921	12983	14352
39.117394	2	33	5	1	0	0	32844	121	111	7240	203500	3000	1448	536	412000	40000	121	0	0	0	0	0
39.117468	1	33	33	0	18904	5921	12983	14352
40.155149	2	34	5	1	0	0	33880	122	111	7240	203500	3000	1448	536	412000	40000	90	0	0	0	0	0
40.155232	1	34	34	0	18904	5921	12983	14352
41.126783	2	35	5	1	0	0	34852	122	111	7240	203500	3000	1448	536	412000	40000	90	0	0	0	0	0
41.126865	1	35	35	0	18904	5921	12983	14352
42.332234	2	36	5	1	0	0	36060	122	111	7240	204000	4000	1448	536	416000	40000	122	0	0	0	0	0
42.332326	1	36	36	0	18904	5921	12983	14352
43.336972	2	37	5	1	0	0	37064	123	111	7240	203500	3000	1448	536	412000	40000	123	0	0	0	0	0
43.337045	1	37	37	0	18904	5921	12983	14352
44.140638	2	38	5	1	0	0	37868	123	111	7240	203500	3000	1448	536	412000	40000	123	0	0	0	0	0
44.140715	1	38	38	0	18904	5921	12983	14352
45.359962	2	39	5	1	0	0	39088	124	111	7240	204000	4000	1448	536	416000	40000	124	0	0	0	0	0
45.360049	1	39	39	0	18904	5921	12983	14352
46.201855	2	40	5	1	0	4	39928	124	111	7240	203500	3000	1448	536	412000	40000	90	0	0	0	0	0
46.201946	1	40	40	0	18904	5921	12983	14352
47.003484	2	41	5	1	0	4	40732	124	111	7240	203500	3000	1448	536	412000	40000	124	0	0	0	0	0
47.003571	1	41	41	0	18904	5921	12983	14352
48.192634	2	42	5	1	0	0	41920	125	111	7240	203500	3000	1448	536	412000	40000	125	0	0	0	0	0
48.192720	1	42	42	0	18904	5921	12983	14352
49.015543	2	43	5	1	0	0	42744	125	111	7240	204000	4000	1448	536	416000	40000	90	0	0	0	0	0
49.015620	1	43	43	0	18904	5921	12983	14352
50.215278	2	44	5	1	0	0	43940	126	111	7240	203500	3000	1448	536	412000	40000	126	0	0	0	0	0
50.215367	1	44	44	0	18904	5921	12983	14352
51.038293	2	45	5	1	0	0	44764	126	111	7240	203500	3000	1448	536	412000	40000	90	0	0	0	0	0
51.038364	1	45	45	0	18904	5921	12983	14352
52.024323	2	46	5	1	0	0	45752	126	111	7240	204000	4000	1448	536	416000	40000	126	0	0	0	0	0
52.024414	1	46	46	0	18904	5921	12983	14352
53.029239	2	47	5	1	0	0	46756	127	111	7240	203500	3000	1448	536	412000	40000	127	0	0	0	0	0
53.029327	1	47	47	0	18904	5921	12983	14352
54.034110	2	48	5	1	0	0	47760	127	111	7240	203500	3000	1448	536	412000	40000	127	0	0	0	0	0
54.034194	1	48	48	0	18904	5921	12983	14352
55.038985	2	49	5	1	0	0	48764	127	111	7240	203500	3000	1448	536	412000	40000	127	0	0	0	0	0
55.039060	1	49	49	0	18904	5921	12983	14352
56.244765	2	50	5	1	0	0	49972	128	111	7240	203500	3000	1448	536	412000	40000	128	0	0	0	0	0
56.244854	1	50	50	0	18904	5921	12983	14352
57.058576	2	51	5	1	0	0	50784	128	111	7240	203500	3000	1448	536	412000	40000	128	0	0	0	0	0
57.058666	1	51	51	0	18904	5921	12983	14352
58.277383	2	52	5	1	0	0	52004	128	111	7240	203500	3000	1448	536	412000	40000	90	0	0	0	0	0
58.277472	1	52	52	0	18904	5921	12983	14352
59.106305	2	53	5	1	0	0	52832	129	111	7240	203500	3000	1448	536	412000	40000	90	0	0	0	0	0
59.106388	1	53	53	0	18904	5921	12983	14352
60.128414	2	54	5	1	0	0	53856	129	111	7240	203500	3000	1448	536	412000	40000	96	0	0	0	0	0
60.128499	1	54	54	0	18904	5921	12983	14352
61.333876	2	55	5	1	0	0	55060	130	111	7240	203500	3000	1448	536	412000	40000	130	0	0	0	0	0
61.333959	1	55	55	0	18904	5921	12983	14352
62.149803	2	56	5	1	0	0	55876	130	111	7240	203500	3000	1448	536	412000	40000	130	0	0	0	0	0
62.149893	1	56	56	0	18904	5921	12983	14352
63.184453	2	57	5	1	0	0	56912	130	111	7240	203500	3000	1448	536	412000	40000	95	0	0	0	0	0
63.184618	1	57	57	0	18904	5921	12983	14352
64.002116	2	58	5	1	0	0	57728	130	111	7240	203500	3000	1448	536	412000	40000	90	0	0	0	0	0
64.002191	1	58	58	0	18904	5921	12983	14352
65.024488	2	59	5	1	0	0	58752	131	111	7240	203500	3000	1448	536	412000	40000	94	0	0	0	0	0
65.024580	1	59	59	0	18904	5921	12983	14352
66.230022	2	60	5	1	0	0	59956	131	111	7240	203500	3000	1448	536	412000	40000	131	0	0	0	0	0
66.230105	1	60	60	0	18904	5921	12983	14352
67.046009	2	61	5	1	0	0	60772	132	111	7240	203500	3000	1448	536	412000	40000	132	0	0	0	0	0
67.046093	1	61	61	0	18904	5921	12983	14352
68.068374	2	62	5	1	0	0	61796	132	111	7240	203500	3000	1448	536	412000	40000	93	0	0	0	0	0
68.068461	1	62	62	0	18904	5921	12983	14352
69.100468	2	63	5	1	0	0	62828	132	111	7240	203500	3000	1448	536	412000	40000	96	0	0	0	0	0
69.100569	1	63	63	0	18904	5921	12983	14352
70.132458	2	64	5	1	0	0	63860	133	111	7240	203500	3000	1448	536	412000	40000	97	0	0	0	0	0
70.132584	1	64	64	0	18904	5921	12983	14352
71.164475	2	65	5	1	0	0	64892	133	111	7240	203500	3000	1448	536	412000	40000	96	0	0	0	0	0
71.164587	1	65	65	0	18904	5921	12983	14352
72.196178	2	66	5	1	0	0	65924	133	111	7240	203500	3000	1448	536	412000	40000	96	0	0	0	0	0
72.196270	1	66	66	0	18904	5921	12983	14352
73.020464	2	67	5	1	0	0	66748	134	111	7240	205000	5000	1448	536	416000	40000	92	0	0	0	0	0
73.020544	1	67	67	0	18904	5921	12983	14352
74.060356	2	68	5	1	0	0	67788	134	111	7240	203500	3000	1448	536	412000	40000	97	0	0	0	0	0
74.060432	1	68	68	0	18904	5921	12983	14352
75.092557	2	69	5	1	0	0	68820	134	111	7240	203500	6000	1448	536	412000	40000	93	0	0	0	0	0
75.092635	1	69	69	0	18904	5921	12983	14352
76.132463	2	70	5	1	0	28	69860	135	111	7240	203500	4000	1448	536	412000	40000	94	0	0	0	0	0
76.132544	1	70	70	0	18904	5921	12983	14352
77.172481	2	71	5	1	0	64	70900	135	111	7240	203500	3000	1448	536	412000	40000	94	0	0	0	0	0
77.172605	1	71	71	0	18904	5921	12983	14352
78.004559	2	72	5	1	0	0	71732	136	111	7240	203500	3000	1448	536	412000	40000	136	0	0	0	0	0
78.004652	1	72	72	0	18904	5921	12983	14352
79.009547	2	73	5	1	0	0	72736	136	111	7240	203500	3000	1448	536	412000	40000	135	0	0	0	0	0
79.009619	1	73	73	0	18904	5921	12983	14352
80.014316	2	74	5	1	0	0	73740	136	111	7240	216500	26000	1448	536	428000	40000	135	0	0	0	0	0
80.014403	1	74	74	0	18904	5921	12983	14352
81.019211	2	75	5	1	0	0	74744	137	111	7240	213000	19000	1448	536	424000	40000	135	0	0	0	0	0
81.019285	1	75	75	0	18904	5921	12983	14352
82.023766	2	76	5	1	0	0	75752	137	111	7240	204000	3000	1448	536	416000	40000	135	0	0	0	0	0
82.023892	1	76	76	0	18904	5921	12983	14352
83.028400	2	77	5	1	0	0	76756	138	111	7240	204000	3000	1448	536	416000	40000	135	0	0	0	0	0
83.028533	1	77	77	0	18904	5921	12983	14352
84.033340	2	78	5	1	0	0	77760	138	111	7240	203500	3000	1448	536	412000	40000	135	0	0	0	0	0
84.033464	1	78	78	0	18904	5921	12983	14352
85.038292	2	79	5	1	0	0	78764	138	111	7240	203500	3000	1448	536	412000	40000	135	0	0	0	0	0
85.038416	1	79	79	0	18904	5921	12983	14352
86.042854	2	80	5	1	0	0	79768	139	111	7240	203500	3000	1448	536	412000	40000	135	0	0	0	0	0
86.042974	1	80	80	0	18904	5921	12983	14352
87.047491	2	81	5	1	0	4	80776	139	111	7240	203500	3000	1448	536	412000	40000	135	0	0	0	0	0
87.047610	1	81	81	0	18904	5921	12983	14352
88.052290	2	82	5	1	0	0	81780	140	111	7240	204000	3000	1448	536	416000	40000	135	0	0	0	0	0
88.052378	1	82	82	0	18904	5921	12983	14352
89.057054	2	83	5	1	0	0	82784	140	111	7240	203500	4000	1448	536	412000	40000	135	0	0	0	0	0
89.057130	1	83	83	0	18904	5921	12983	14352
90.061709	2	84	5	1	0	0	83788	141	111	7240	203500	3000	1448	536	412000	40000	135	0	0	0	0	0
90.061800	1	84	84	0	18904	5921	12983	14352
91.178711	2	85	5	1	0	0	84904	141	111	7240	203500	3000	1448	536	412000	40000	135	0	0	0	0	0
91.178783	1	85	85	0	18904	5921	12983	14352
92.071600	2	86	5	1	0	0	85800	142	111	7240	204000	4000	1448	536	416000	40000	135	0	0	0	0	0
92.071692	1	86	86	0	18904	5921	12983	14352
93.003487	2	87	5	1	0	4	86732	142	111	7240	203500	3000	1448	536	412000	40000	135	0	0	0	0	0
93.003580	1	87	87	0	18904	5921	12983	14352
94.192459	2	88	5	1	0	0	87920	143	111	7240	204000	4000	1448	536	416000	40000	135	0	0	0	0	0
94.192613	1	88	88	0	18904	5921	12983	14352
95.100832	2	89	5	1	0	0	88828	143	111	7240	203500	3000	1448	536	412000	40000	135	0	0	0	0	0
95.100913	1	89	89	0	18904	5921	12983	14352
96.091001	2	90	5	1	0	0	89816	144	111	7240	203500	3000	1448	536	412000	40000	135	0	0	0	0	0
96.091090	1	90	90	0	18904	5921	12983	14352
97.108955	2	91	5	1	0	0	90836	144	111	7240	203500	3000	1448	536	412000	40000	135	0	0	0	0	0
97.109042	1	91	91	0	18904	5921	12983	14352
98.119049	2	92	5	1	0	0	91844	145	111	7240	203500	3000	1448	536	412000	40000	135	0	0	0	0	0
98.119139	1	92	92	0	18904	5921	12983	14352
99.142861	2	93	5	1	0	0	92868	145	111	7240	203500	3000	1448	536	412000	40000	135	0	0	0	0	0
99.142931	1	93	93	0	18904	5921	12983	14352
100.128448	2	94	5	1	0	0	93856	146	111	7240	204000	4000	1448	536	416000	40000	135	0	0	0	0	0
100.128538	1	94	94	0	18904	5921	12983	14352
101.158960	2	95	5	1	0	0	94884	146	111	7240	203500	4000	1448	536	412000	40000	136	0	0	0	0	0
101.159037	1	95	95	0	18904	5921	12983	14352
102.163325	2	96	5	1	0	0	95888	147	111	7240	203500	3000	1448	536	412000	40000	135	0	0	0	0	0
102.163416	1	96	96	0	18904	5921	12983	14352
103.343651	2	97	5	1	0	0	97072	148	111	7240	204000	4000	1448	536	416000	40000	135	0	0	0	0	0
103.343740	1	97	97	0	18904	5921	12983	14352
104.185193	2	98	5	1	0	0	97912	148	111	7240	203500	3000	1448	536	412000	40000	135	0	0	0	0	0
104.185272	1	98	98	0	18904	5921	12983	14352
105.152378	2	99	5	1	0	0	98880	149	111	7240	204000	4000	1448	536	416000	40000	135	0	0	0	0	0
105.152461	1	99	99	0	18904	5921	12983	14352
106.190845	2	100	5	1	0	0	99916	149	111	7240	203500	3000	1448	536	412000	40000	135	0	0	0	0	0
106.190931	1	100	100	0	18904	5921	12983	14352
107.003489	2	101	5	1	0	4	100732	149	111	7240	203500	3000	1448	536	412000	40000	149	0	0	0	0	0
107.003581	1	101	101	0	18904	5921	12983	14352
108.029132	2	102	5	1	0	0	101756	150	111	7240	203500	3000	1448	536	412000	40000	135	0	0	0	0	0
108.029225	1	102	102	0	18904	5921	12983	14352
109.038637	2	103	5	1	0	0	102764	151	111	7240	203500	3000	1448	536	412000	40000	135	0	0	0	0	0
109.038719	1	103	103	0	18904	5921	12983	14352
110.230275	2	104	5	1	0	0	103956	151	111	7240	203500	3000	1448	536	412000	40000	151	0	0	0	0	0
110.230364	1	104	104	0	18904	5921	12983	14352
111.061486	2	105	5	1	0	0	104788	152	111	7240	203500	3000	1448	536	412000	40000	135	0	0	0	0	0
111.061563	1	105	105	0	18904	5921	12983	14352
112.071077	2	106	5	1	0	0	105796	152	111	7240	203500	3000	1448	536	412000	40000	135	0	0	0	0	0
112.071165	1	106	106	0	18904	5921	12983	14352
113.087852	2	107	5	1	0	0	106816	153	111	7240	204000	4000	1448	536	416000	40000	135	0	0	0	0	0
113.087940	1	107	107	0	18904	5921	12983	14352
114.260141	2	108	5	1	0	0	107988	153	111	7240	204000	4000	1448	536	416000	40000	153	0	0	0	0	0
114.260232	1	108	108	0	18904	5921	12983	14352
115.085169	2	109	5	1	0	0	108812	154	111	7240	203500	3000	1448	536	412000	40000	154	0	0	0	0	0
115.085242	1	109	109	0	18904	5921	12983	14352
116.077138	2	110	5	1	0	0	109804	154	111	7240	203500	3000	1448	536	412000	40000	135	0	0	0	0	0
116.077227	1	110	110	0	18904	5921	12983	14352
117.094308	2	111	5	1	0	0	110820	155	111	7240	203500	3000	1448	536	412000	40000	135	0	0	0	0	0
117.094388	1	111	111	0	18904	5921	12983	14352
118.108881	2	112	5	1	0	0	111836	156	111	7240	203500	3000	1448	536	412000	40000	140	0	0	0	0	0
118.108975	1	112	112	0	18904	5921	12983	14352
119.308809	2	113	5	1	0	0	113036	156	111	7240	203500	3000	1448	536	412000	40000	156	0	0	0	0	0
119.308883	1	113	113	0	18904	5921	12983	14352
120.133592	2	114	5	1	0	0	113860	157	111	7240	203500	3000	1448	536	412000	40000	135	0	0	0	0	0
120.133681	1	114	114	0	18904	5921	12983	14352
121.149254	2	115	5	1	0	0	114876	157	111	7240	203500	4000	1448	536	412000	40000	138	0	0	0	0	0
121.149333	1	115	115	0	18904	5921	12983	14352
122.172403	2	116	5	1	0	0	115900	158	111	7240	203500	3000	1448	536	412000	40000	139	0	0	0	0	0
122.172490	1	116	116	0	18904	5921	12983	14352
123.173702	2	117	5	1	0	0	116900	158	111	7240	203500	4000	1448	536	412000	40000	135	0	0	0	0	0
123.173785	1	117	117	0	18904	5921	12983	14352
124.003480	2	118	5	1	0	8	117732	159	111	7240	203500	3000	1448	536	412000	40000	157	0	0	0	0	0
124.003642	1	118	118	0	18904	5921	12983	14352
125.003489	2	119	5	1	0	4	118732	159	111	7240	203500	3000	1448	536	412000	40000	137	0	0	0	0	0
125.003562	1	119	119	0	18904	5921	12983	14352
126.025146	2	120	5	1	0	0	119752	160	111	7240	203500	3000	1448	536	412000	40000	135	0	0	0	0	0
126.025237	1	120	120	0	18904	5921	12983	14352
127.041336	2	121	5	1	0	0	120768	160	111	7240	203500	3000	1448	536	412000	40000	135	0	0	0	0	0
127.041407	1	121	121	0	18904	5921	12983	14352
128.064863	2	122	5	1	0	0	121792	161	111	7240	203500	3000	1448	536	412000	40000	135	0	0	0	0	0
128.064954	1	122	122	0	18904	5921	12983	14352
129.081297	2	123	5	1	0	0	122808	161	111	7240	203500	3000	1448	536	412000	40000	135	0	0	0	0	0
129.081369	1	123	123	0	18904	5921	12983	14352
130.105100	2	124	5	1	0	0	123832	162	111	7240	203500	3000	1448	536	412000	40000	135	0	0	0	0	0
130.105180	1	124	124	0	18904	5921	12983	14352
131.120812	2	125	5	1	0	0	124848	162	111	7240	203500	3000	1448	536	412000	40000	135	0	0	0	0	0
131.120890	1	125	125	0	18904	5921	12983	14352
132.144918	2	126	5	1	0	0	125872	163	111	7240	203500	3000	1448	536	412000	40000	135	0	0	0	0	0
132.144997	1	126	126	0	18904	5921	12983	14352
133.161098	2	127	5	1	0	0	126888	163	111	7240	203500	3000	1448	536	412000	40000	135	0	0	0	0	0
133.161191	1	127	127	0	18904	5921	12983	14352
134.185236	2	128	5	1	0	0	127912	164	111	7240	203500	3000	1448	536	412000	40000	135	0	0	0	0	0
134.185327	1	128	128	0	18904	5921	12983	14352
135.003490	2	129	5	1	0	4	128732	164	111	7240	203500	3000	1448	536	412000	40000	135	0	0	0	0	0
135.003564	1	129	129	0	18904	5921	12983	14352
136.025243	2	130	5	1	0	0	129752	165	111	7240	203500	3000	1448	536	412000	40000	135	0	0	0	0	0
136.025331	1	130	130	0	18904	5921	12983	14352
137.049485	2	131	5	1	0	0	130776	165	111	7240	203500	3000	1448	536	412000	40000	135	0	0	0	0	0
137.049558	1	131	131	0	18904	5921	12983	14352
138.072631	2	132	5	1	0	0	131800	166	111	7240	203500	3000	1448	536	412000	40000	135	0	0	0	0	0
138.072725	1	132	132	0	18904	5921	12983	14352
139.101397	2	133	5	1	0	0	132828	166	111	7240	203500	3000	1448	536	412000	40000	135	0	0	0	0	0
139.101485	1	133	133	0	18904	5921	12983	14352
140.125141	2	134	5	1	0	0	133852	167	111	7240	203500	3000	1448	536	412000	40000	135	0	0	0	0	0
140.125232	1	134	134	0	18904	5921	12983	14352
141.150064	2	135	5	1	0	0	134876	167	111	7240	203500	3000	1448	536	412000	40000	135	0	0	0	0	0
141.150149	1	135	135	0	18904	5921	12983	14352
142.173308	2	136	5	1	0	0	135900	168	111	7240	206500	10000	1448	536	416000	40000	135	0	0	0	0	0
142.173384	1	136	136	0	18904	5921	12983	14352
143.003502	2	137	5	1	0	0	136732	168	111	7240	203500	3000	1448	536	412000	40000	165	0	0	0	0	0
143.003595	1	137	137	0	18904	5921	12983	14352
144.021347	2	138	5	1	0	0	137748	169	111	7240	203500	3000	1448	536	412000	40000	135	0	0	0	0	0
144.021437	1	138	138	0	18904	5921	12983	14352
145.052992	2	139	5	1	0	0	138780	169	111	7240	203500	3000	1448	536	412000	40000	135	0	0	0	0	0
145.053066	1	139	139	0	18904	5921	12983	14352
146.077112	2	140	5	1	0	0	139804	170	111	7240	203500	3000	1448	536	412000	40000	135	0	0	0	0	0
146.077202	1	140	140	0	18904	5921	12983	14352
147.101380	2	141	5	1	0	0	140828	170	111	7240	203500	3000	1448	536	412000	40000	135	0	0	0	0	0
147.101453	1	141	141	0	18904	5921	12983	14352
148.135963	2	142	5	1	0	4	141864	171	111	7240	204000	4000	1448	536	416000	40000	135	0	0	0	0	0
148.136056	1	142	142	0	18904	5921	12983	14352
149.156965	2	143	5	1	0	0	142884	171	111	7240	203500	3000	1448	536	412000	40000	135	0	0	0	0	0
149.157042	1	143	143	0	18904	5921	12983	14352
150.181170	2	144	5	1	0	0	143908	172	111	7240	203500	3000	1448	536	412000	40000	135	0	0	0	0	0
150.181256	1	144	144	0	18904	5921	12983	14352
151.007487	2	145	5	1	0	4	144736	172	111	7240	203500	3000	1448	536	412000	40000	135	0	0	0	0	0
151.007562	1	145	145	0	18904	5921	12983	14352
152.029245	2	146	5	1	0	0	145756	173	111	7240	203500	3000	1448	536	412000	40000	135	0	0	0	0	0
152.029327	1	146	146	0	18904	5921	12983	14352
153.060899	2	147	5	1	0	0	146788	173	111	7240	203500	3000	1448	536	412000	40000	135	0	0	0	0	0
153.060987	1	147	147	0	18904	5921	12983	14352
154.085140	2	148	5	1	0	0	147812	174	111	7240	203500	3000	1448	536	412000	40000	135	0	0	0	0	0
154.085231	1	148	148	0	18904	5921	12983	14352
155.108982	2	149	5	1	0	0	148836	174	111	7240	203500	3000	1448	536	412000	40000	135	0	0	0	0	0
155.109053	1	149	149	0	18904	5921	12983	14352
156.141106	2	150	5	1	0	0	149868	175	111	7240	203500	3000	1448	536	412000	40000	135	0	0	0	0	0
156.141195	1	150	150	0	18904	5921	12983	14352
157.173045	2	151	5	1	0	0	150900	176	111	7240	203500	3000	1448	536	412000	40000	135	0	0	0	0	0
157.173116	1	151	151	0	18904	5921	12983	14352
158.007488	2	152	5	1	0	4	151736	176	111	7240	203500	3000	1448	536	412000	40000	175	0	0	0	0	0
158.007578	1	152	152	0	18904	5921	12983	14352
159.021399	2	153	5	1	0	0	152748	176	111	7240	203500	3000	1448	536	412000	40000	135	0	0	0	0	0
159.021484	1	153	153	0	18904	5921	12983	14352
160.053111	2	154	5	1	0	0	153780	177	111	7240	203500	3000	1448	536	412000	40000	135	0	0	0	0	0
160.053192	1	154	154	0	18904	5921	12983	14352
161.084889	2	155	5	1	0	0	154812	178	111	7240	203500	3000	1448	536	412000	40000	135	0	0	0	0	0
161.084971	1	155	155	0	18904	5921	12983	14352
162.116958	2	156	5	1	0	0	155844	178	111	7240	203500	3000	1448	536	412000	40000	135	0	0	0	0	0
162.117032	1	156	156	0	18904	5921	12983	14352
163.141064	2	157	5	1	0	0	156868	179	111	7240	203500	3000	1448	536	412000	40000	135	0	0	0	0	0
163.141147	1	157	157	0	18904	5921	12983	14352
164.173099	2	158	5	1	0	0	157900	179	111	7240	203500	3000	1448	536	412000	40000	135	0	0	0	0	0
164.173185	1	158	158	0	18904	5921	12983	14352
165.003491	2	159	5	1	0	0	158732	180	111	7240	203500	3000	1448	536	412000	40000	165	0	0	0	0	0
165.003564	1	159	159	0	18904	5921	12983	14352
166.028937	2	160	5	1	0	0	159756	180	111	7240	203500	3000	1448	536	412000	40000	135	0	0	0	0	0
166.029026	1	160	160	0	18904	5921	12983	14352
167.061075	2	161	5	1	0	0	160788	181	111	7240	203500	3000	1448	536	412000	40000	135	0	0	0	0	0
167.061146	1	161	161	0	18904	5921	12983	14352
168.085125	2	162	5	1	0	0	161812	181	111	7240	203500	3000	1448	536	412000	40000	135	0	0	0	0	0
168.085218	1	162	162	0	18904	5921	12983	14352
169.116835	2	163	5	1	0	0	162844	181	111	7240	203500	3000	1448	536	412000	40000	135	0	0	0	0	0
169.116929	1	163	163	0	18904	5921	12983	14352
169.546186	3	1	5	10.1.1.1	36992	htdocs/file.txt
