10.076079	2	4	5	1	0	4	3856	103	111	7240	103500	4000	1448	536	312000	40000	84	0	0	0	0	0
11.097730	2	5	5	1	0	0	4876	112	111	7240	103500	3000	1448	536	312000	40000	91	0	0	0	0	0
12.119179	2	6	5	1	0	0	5896	113	111	7240	107500	11000	1448	536	316000	40000	90	0	0	0	0	0
13.027493	2	7	5	1	0	4	6808	114	111	7240	103500	3000	1448	536	312000	40000	114	0	0	0	0	0
14.095588	2	8	5	1	0	0	7876	114	111	7240	104000	4000	1448	536	316000	40000	114	0	0	0	0	0
15.039405	2	9	5	1	0	0	8816	115	111	7240	103500	3000	1448	536	312000	40000	90	0	0	0	0	0
16.068661	2	10	5	1	0	0	9848	116	111	7240	103500	3000	1448	536	312000	40000	90	0	0	0	0	0
17.134852	2	11	5	1	0	0	10912	117	111	7240	103500	3000	1448	536	312000	40000	117	0	0	0	0	0
18.003488	2	12	5	1	0	8	11784	118	111	7240	103500	3000	1448	536	312000	40000	118	0	0	0	0	0
19.018790	2	13	5	1	0	0	12796	119	111	7240	103500	4000	1448	536	312000	40000	119	0	0	0	0	0
20.085778	2	14	5	1	0	0	13864	119	111	7240	103500	3000	1448	536	312000	40000	119	0	0	0	0	0
21.036916	2	15	5	1	0	0	14816	120	111	7240	103500	3000	1448	536	312000	40000	120	0	0	0	0	0
22.090551	2	16	5	1	0	0	15868	120	111	7240	103500	3000	1448	536	312000	40000	120	0	0	0	0	0
23.011261	2	17	5	1	0	0	16788	121	111	7240	103500	3000	1448	536	312000	40000	90	0	0	0	0	0
24.063912	2	18	5	1	0	0	17844	122	111	7240	104000	4000	1448	536	316000	40000	122	0	0	0	0	0
25.029636	2	19	5	1	0	0	18808	123	111	7240	103500	3000	1448	536	312000	40000	123	0	0	0	0	0
26.139974	2	20	5	1	0	0	19920	124	111	7240	104000	4000	1448	536	316000	40000	124	0	0	0	0	0
27.078101	2	21	5	1	0	4	20856	124	111	7240	103500	3000	1448	536	312000	40000	90	0	0	0	0	0
28.068507	2	22	5	1	0	0	21848	125	111	7240	103500	3000	1448	536	312000	40000	125	0	0	0	0	0
29.003488	2	23	5	1	0	4	22784	126	111	7240	103500	3000	1448	536	312000	40000	99	0	0	0	0	0
30.108947	2	24	5	1	0	0	23888	127	111	7240	103500	3000	1448	536	312000	40000	127	0	0	0	0	0
31.117909	2	25	5	1	0	0	24896	127	111	7240	103500	3000	1448	536	312000	40000	127	0	0	0	0	0
32.126394	2	26	5	1	0	0	25904	128	111	7240	103500	3000	1448	536	312000	40000	128	0	0	0	0	0
33.036431	2	27	5	1	0	0	26816	129	111	7240	103500	3000	1448	536	312000	40000	129	0	0	0	0	0
34.173290	2	28	5	1	0	0	27952	130	111	7240	103500	3000	1448	536	312000	40000	130	0	0	0	0	0
35.006143	2	29	5	1	0	0	28784	130	111	7240	103500	3000	1448	536	312000	40000	130	0	0	0	0	0
36.064467	2	30	5	1	0	0	29844	131	111	7240	103500	3000	1448	536	312000	40000	94	0	0	0	0	0
37.004620	2	31	5	1	0	0	30784	132	111	7240	103500	3000	1448	536	312000	40000	97	0	0	0	0	0
38.046988	2	32	5	1	0	0	31824	132	111	7240	103500	3000	1448	536	312000	40000	132	0	0	0	0	0
39.111184	2	33	5	1	0	0	32888	133	111	7240	103500	3000	1448	536	312000	40000	133	0	0	0	0	0
40.088421	2	34	5	1	0	0	33868	134	111	7240	103500	3000	1448	536	312000	40000	94	0	0	0	0	0
41.052452	2	35	5	1	0	0	34832	135	111	7240	103500	3000	1448	536	312000	40000	94	0	0	0	0	0
42.024506	2	36	5	1	0	64	35804	135	111	7240	103500	3000	1448	536	312000	40000	94	0	0	0	0	0
43.072058	2	37	5	1	0	0	36852	136	111	7240	111000	13000	1448	536	320000	40000	135	0	0	0	0	0
44.081870	2	38	5	1	0	0	37860	137	111	7240	105500	8000	1448	536	316000	40000	135	0	0	0	0	0
45.003484	2	39	5	1	0	8	38784	138	111	7240	103500	3000	1448	536	312000	40000	136	0	0	0	0	0
46.003489	2	40	5	1	0	4	39784	138	111	7240	104000	4000	1448	536	316000	40000	135	0	0	0	0	0
47.010048	2	41	5	1	0	0	40788	139	111	7240	103500	3000	1448	536	312000	40000	135	0	0	0	0	0
48.019619	2	42	5	1	0	0	41800	140	111	7240	104000	4000	1448	536	316000	40000	135	0	0	0	0	0
49.114067	2	43	5	1	0	0	42892	141	111	7240	103500	3000	1448	536	312000	40000	135	0	0	0	0	0
50.022227	2	44	5	1	0	0	43800	142	111	7240	103500	3000	1448	536	312000	40000	135	0	0	0	0	0
51.031007	2	45	5	1	0	0	44808	143	111	7240	103500	3000	1448	536	312000	40000	135	0	0	0	0	0
52.141116	2	46	5	1	0	0	45920	144	111	7240	103500	3000	1448	536	312000	40000	135	0	0	0	0	0
53.161991	2	47	5	1	0	0	46940	145	111	7240	103500	3000	1448	536	312000	40000	135	0	0	0	0	0
54.070751	2	48	5	1	0	0	47848	146	111	7240	103500	3000	1448	536	312000	40000	135	0	0	0	0	0
55.011452	2	49	5	1	0	4	48792	147	111	7240	103500	3000	1448	536	312000	40000	135	0	0	0	0	0
56.034651	2	50	5	1	0	0	49812	148	111	7240	103500	3000	1448	536	312000	40000	135	0	0	0	0	0
57.061393	2	51	5	1	0	0	50840	149	111	7240	103500	3000	1448	536	312000	40000	135	0	0	0	0	0
58.052014	2	52	5	1	0	0	51832	150	111	7240	104000	4000	1448	536	316000	40000	135	0	0	0	0	0
59.086451	2	53	5	1	0	0	52864	151	111	7240	106000	9000	1448	536	316000	40000	135	0	0	0	0	0
60.085111	2	54	5	1	0	0	53864	152	111	7240	103500	3000	1448	536	312000	40000	152	0	0	0	0	0
61.026261	2	55	5	1	0	0	54804	153	111	7240	103500	3000	1448	536	312000	40000	135	0	0	0	0	0
62.139938	2	56	5	1	0	0	55920	154	111	7240	104000	4000	1448	536	316000	40000	154	0	0	0	0	0
63.003493	2	57	5	1	0	4	56784	155	111	7240	103500	3000	1448	536	312000	40000	155	0	0	0	0	0
64.009230	2	58	5	1	0	0	57788	156	111	7240	103500	4000	1448	536	312000	40000	139	0	0	0	0	0
65.034582	2	59	5	1	0	0	58812	157	111	7240	103500	3000	1448	536	312000	40000	135	0	0	0	0	0
66.073369	2	60	5	1	0	0	59852	158	111	7240	103500	4000	1448	536	312000	40000	137	0	0	0	0	0
67.003485	2	61	5	1	0	12	60784	159	111	7240	103500	3000	1448	536	312000	40000	140	0	0	0	0	0
68.029084	2	62	5	1	0	0	61808	160	111	7240	103500	3000	1448	536	312000	40000	160	0	0	0	0	0
69.061405	2	63	5	1	0	0	62840	161	111	7240	103500	4000	1448	536	312000	40000	135	0	0	0	0	0
70.003495	2	64	5	1	0	4	63784	162	111	7240	103500	3000	1448	536	312000	40000	135	0	0	0	0	0
71.041229	2	65	5	1	0	0	64820	163	111	7240	103500	3000	1448	536	312000	40000	135	0	0	0	0	0
72.081220	2	66	5	1	0	0	65860	164	111	7240	103500	3000	1448	536	312000	40000	135	0	0	0	0	0
73.021009	2	67	5	1	0	0	66800	165	111	7240	103500	3000	1448	536	312000	40000	135	0	0	0	0	0
74.069207	2	68	5	1	0	0	67848	166	111	7240	103500	3000	1448	536	312000	40000	135	0	0	0	0	0
75.017291	2	69	5	1	0	0	68796	167	111	7240	103500	3000	1448	536	312000	40000	135	0	0	0	0	0
76.073103	2	70	5	1	0	0	69852	168	111	7240	103500	3000	1448	536	312000	40000	135	0	0	0	0	0
77.020943	2	71	5	1	0	0	70800	169	111	7240	103500	3000	1448	536	312000	40000	135	0	0	0	0	0
78.068930	2	72	5	1	0	0	71848	170	111	7240	103500	3000	1448	536	312000	40000	135	0	0	0	0	0
79.017244	2	73	5	1	0	0	72796	171	111	7240	103500	3000	1448	536	312000	40000	135	0	0	0	0	0
80.072935	2	74	5	1	0	0	73852	172	111	7240	103500	3000	1448	536	312000	40000	135	0	0	0	0	0
81.021380	2	75	5	1	0	0	74800	173	111	7240	103500	3000	1448	536	312000	40000	135	0	0	0	0	0
82.077061	2	76	5	1	0	0	75856	174	111	7240	103500	3000	1448	536	312000	40000	135	0	0	0	0	0
83.024938	2	77	5	1	0	0	76804	175	111	7240	103500	5000	1448	536	312000	40000	135	0	0	0	0	0
84.089076	2	78	5	1	0	0	77868	176	111	7240	103500	3000	1448	536	312000	40000	135	0	0	0	0	0
85.037279	2	79	5	1	0	0	78816	177	111	7240	103500	3000	1448	536	312000	40000	135	0	0	0	0	0
86.003483	2	80	5	1	0	4	79784	178	111	7240	103500	3000	1448	536	312000	40000	142	0	0	0	0	0
87.057059	2	81	5	1	0	0	80836	179	111	7240	103500	3000	1448	536	312000	40000	135	0	0	0	0	0
88.005483	2	82	5	1	0	0	81784	180	111	7240	103500	3000	1448	536	312000	40000	135	0	0	0	0	0
89.068934	2	83	5	1	0	0	82848	181	111	7240	103500	3000	1448	536	312000	40000	135	0	0	0	0	0
