protocol: 5
domain: scalable_10Mbps_2ms
start-time: 1424599884
sender-id: 2
app-name: tinyhttpd
schema: 0 _experiment_metadata subject:string key:string value:string 
schema: 1 _client_instrumentation measurements_injected:uint32 measurements_dropped:uint32 bytes_allocated:uint64 bytes_freed:uint64 bytes_in_use:uint64 bytes_max:uint64 
schema: 2 tinyhttpd_tcp socket:int32 state:int32 ca_state:int32 last_data_sent:int32 last_data_recv:int32 snd_cwnd:int32 snd_ssthresh:int32 rcv_ssthresh:int32 rtt:int32 rttvar:int32 snd_mss:int32 rcv_mss:int32 rto:int32 ato:int32 unacked:int32 sacked:int32 lost:int32 retrans:int32 fackets:int32 total_retrans:int32 
schema: 3 tinyhttpd_peer socket:int32 ip:string port:int32 file:string 
content: text

4.008299	2	1	5	1	0	0	592	59	75	14480	57000	17000	1448	536	256000	40000	59	0	0	0	0	0
4.008911	1	1	1	0	18895	5915	12980	14349
5.052910	2	2	5	1	0	0	1640	76	75	14480	83500	12000	1448	536	280000	40000	59	0	0	0	0	0
5.052995	1	2	2	0	18895	5915	12980	14349
6.004598	2	3	5	1	0	4	2592	77	75	14480	84000	10000	1448	536	284000	40000	77	0	0	0	0	0
6.004688	1	3	3	0	18895	5915	12980	14349
7.089939	2	4	5	1	0	0	3676	78	75	14480	83000	9000	1448	536	280000	40000	58	0	0	0	0	0
7.090029	1	4	4	0	18895	5915	12980	14349
8.029869	2	5	5	1	0	0	4616	78	75	14480	83000	9000	1448	536	280000	40000	57	0	0	0	0	0
8.029957	1	5	5	0	18895	5915	12980	14349
9.126831	2	6	5	1	0	0	5712	79	75	14480	84000	10000	1448	536	284000	40000	56	0	0	0	0	0
9.126923	1	6	6	0	18895	5915	12980	14349
10.066950	2	7	5	1	0	0	6652	80	75	14480	83500	9000	1448	536	280000	40000	55	0	0	0	0	0
10.067025	1	7	7	0	18895	5915	12980	14349
11.006916	2	8	5	1	0	0	7592	80	75	14480	83500	10000	1448	536	280000	40000	55	0	0	0	0	0
11.007009	1	8	8	0	18895	5915	12980	14349
12.103709	2	9	5	1	0	0	8688	81	75	14480	92000	10000	1448	536	292000	40000	63	0	0	0	0	0
12.103806	1	9	9	0	18895	5915	12980	14349
13.043675	2	10	5	1	0	0	9628	82	75	14480	91500	11000	1448	536	288000	40000	61	0	0	0	0	0
13.043773	1	10	10	0	18895	5915	12980	14349
14.140663	2	11	5	1	0	0	10728	83	75	14480	93500	14000	1448	536	292000	40000	59	0	0	0	0	0
14.140755	1	11	11	0	18895	5915	12980	14349
15.080678	2	12	5	1	0	0	11668	84	75	14480	93500	13000	1448	536	292000	40000	59	0	0	0	0	0
15.080769	1	12	12	0	18895	5915	12980	14349
16.013701	2	13	5	1	0	48	12600	84	75	14480	88500	11000	1448	536	288000	40000	78	0	0	0	0	0
16.013792	1	13	13	0	18895	5915	12980	14349
17.100510	2	14	5	1	0	0	13684	85	75	14480	93000	9000	1448	536	292000	40000	85	0	0	0	0	0
17.100605	1	14	14	0	18895	5915	12980	14349
18.043820	2	15	5	1	0	36	14628	86	75	14480	97000	8000	1448	536	296000	40000	74	0	0	0	0	0
18.043909	1	15	15	0	18895	5915	12980	14349
19.004597	2	16	5	1	0	8	15592	87	75	14480	93500	7000	1448	536	292000	40000	87	0	0	0	0	0
19.004692	1	16	16	0	18895	5915	12980	14349
20.027060	2	17	5	1	0	0	16612	88	75	14480	96000	8000	1448	536	296000	40000	88	0	0	0	0	0
20.027137	1	17	17	0	18895	5915	12980	14349
21.088293	2	18	5	1	0	0	17672	89	75	14480	96000	7000	1448	536	296000	40000	89	0	0	0	0	0
21.088384	1	18	18	0	18895	5915	12980	14349
22.168816	2	19	5	1	0	36	18756	89	75	14480	101000	7000	1448	536	300000	40000	75	0	0	0	0	0
22.168909	1	19	19	0	18895	5915	12980	14349
23.073247	2	20	5	1	0	0	19660	90	75	14480	105500	3000	1448	536	304000	40000	90	0	0	0	0	0
23.073339	1	20	20	0	18895	5915	12980	14349
24.013241	2	21	5	1	0	0	20600	91	75	14480	107500	4000	1448	536	304000	40000	91	0	0	0	0	0
24.013335	1	21	21	0	18895	5915	12980	14349
25.110612	2	22	5	1	0	0	21696	91	75	14480	119000	22000	1448	536	316000	40000	90	0	0	0	0	0
25.110705	1	22	22	0	18895	5915	12980	14349
26.049967	2	23	5	1	0	0	22636	92	75	14480	122000	24000	1448	536	320000	40000	90	0	0	0	0	0
26.050053	1	23	23	0	18895	5915	12980	14349
27.147648	2	24	5	1	0	0	23732	92	75	14480	114500	17000	1448	536	312000	40000	90	0	0	0	0	0
27.147741	1	24	24	0	18895	5915	12980	14349
28.089082	2	25	5	1	0	0	24676	93	75	14480	114500	17000	1448	536	312000	40000	90	0	0	0	0	0
28.089172	1	25	25	0	18895	5915	12980	14349
29.030343	2	26	5	1	0	0	25616	94	75	14480	114000	16000	1448	536	312000	40000	90	0	0	0	0	0
29.030436	1	26	26	0	18895	5915	12980	14349
30.127095	2	27	5	1	0	0	26712	95	75	14480	113500	16000	1448	536	312000	40000	90	0	0	0	0	0
30.127184	1	27	27	0	18895	5915	12980	14349
31.068236	2	28	5	1	0	0	27652	95	75	14480	113000	16000	1448	536	312000	40000	90	0	0	0	0	0
31.068361	1	28	28	0	18895	5915	12980	14349
32.009390	2	29	5	1	0	0	28596	96	75	14480	112500	15000	1448	536	312000	40000	90	0	0	0	0	0
32.009512	1	29	29	0	18895	5915	12980	14349
33.107467	2	30	5	1	0	0	29692	97	75	14480	112500	16000	1448	536	312000	40000	90	0	0	0	0	0
33.107560	1	30	30	0	18895	5915	12980	14349
34.047706	2	31	5	1	0	0	30632	97	75	14480	112500	16000	1448	536	312000	40000	90	0	0	0	0	0
34.047801	1	31	31	0	18895	5915	12980	14349
35.136014	2	32	5	1	0	0	31720	98	75	14480	112500	16000	1448	536	312000	40000	90	0	0	0	0	0
35.136105	1	32	32	0	18895	5915	12980	14349
36.180061	2	33	5	1	0	0	32764	99	75	14480	112500	17000	1448	536	312000	40000	90	0	0	0	0	0
36.180152	1	33	33	0	18895	5915	12980	14349
37.015238	2	34	5	1	0	0	33600	99	75	14480	113000	17000	1448	536	312000	40000	90	0	0	0	0	0
37.015331	1	34	34	0	18895	5915	12980	14349
38.059183	2	35	5	1	0	0	34644	100	75	14480	112500	17000	1448	536	312000	40000	90	0	0	0	0	0
38.059274	1	35	35	0	18895	5915	12980	14349
39.103195	2	36	5	1	0	0	35688	100	75	14480	112500	17000	1448	536	312000	40000	90	0	0	0	0	0
39.103289	1	36	36	0	18895	5915	12980	14349
40.147059	2	37	5	1	0	0	36732	101	75	14480	112500	17000	1448	536	312000	40000	90	0	0	0	0	0
40.147150	1	37	37	0	18895	5915	12980	14349
41.191285	2	38	5	1	0	0	37776	102	75	14480	113000	17000	1448	536	312000	40000	90	0	0	0	0	0
41.191381	1	38	38	0	18895	5915	12980	14349
42.026399	2	39	5	1	0	0	38612	102	75	14480	112000	17000	1448	536	312000	40000	90	0	0	0	0	0
42.026506	1	39	39	0	18895	5915	12980	14349
43.070387	2	40	5	1	0	0	39656	103	75	14480	112500	17000	1448	536	312000	40000	90	0	0	0	0	0
43.070480	1	40	40	0	18895	5915	12980	14349
44.114419	2	41	5	1	0	0	40700	103	75	14480	112500	17000	1448	536	312000	40000	90	0	0	0	0	0
44.114530	1	41	41	0	18895	5915	12980	14349
45.158276	2	42	5	1	0	0	41744	104	75	14480	112000	17000	1448	536	312000	40000	90	0	0	0	0	0
45.158366	1	42	42	0	18895	5915	12980	14349
46.000603	2	43	5	1	0	0	42588	104	75	14480	112500	16000	1448	536	312000	40000	104	0	0	0	0	0
46.000691	1	43	43	0	18895	5915	12980	14349
47.002766	2	44	5	1	0	0	43588	105	75	14480	120000	10000	1448	536	320000	40000	90	0	0	0	0	0
47.002860	1	44	44	0	18895	5915	12980	14349
48.100479	2	45	5	1	0	0	44684	106	75	14480	120000	10000	1448	536	320000	40000	90	0	0	0	0	0
48.100569	1	45	45	0	18895	5915	12980	14349
49.040403	2	46	5	1	0	0	45624	106	75	14480	120000	10000	1448	536	320000	40000	90	0	0	0	0	0
49.040496	1	46	46	0	18895	5915	12980	14349
50.138371	2	47	5	1	0	0	46724	107	75	14480	118000	9000	1448	536	316000	40000	90	0	0	0	0	0
50.138456	1	47	47	0	18895	5915	12980	14349
51.079700	2	48	5	1	0	0	47664	108	75	14480	118000	9000	1448	536	316000	40000	90	0	0	0	0	0
51.079783	1	48	48	0	18895	5915	12980	14349
52.019772	2	49	5	1	0	0	48604	109	75	14480	118000	10000	1448	536	316000	40000	90	0	0	0	0	0
52.019859	1	49	49	0	18895	5915	12980	14349
53.117629	2	50	5	1	0	0	49704	109	75	14480	120000	12000	1448	536	320000	40000	90	0	0	0	0	0
53.117720	1	50	50	0	18895	5915	12980	14349
54.058719	2	51	5	1	0	0	50644	110	75	14480	120000	12000	1448	536	320000	40000	90	0	0	0	0	0
54.058814	1	51	51	0	18895	5915	12980	14349
55.004608	2	52	5	1	0	0	51592	111	75	14480	120000	12000	1448	536	320000	40000	111	0	0	0	0	0
55.004695	1	52	52	0	18895	5915	12980	14349
56.096964	2	53	5	1	0	0	52684	112	75	14480	117500	11000	1448	536	316000	40000	90	0	0	0	0	0
56.097050	1	53	53	0	18895	5915	12980	14349
57.037981	2	54	5	1	0	0	53624	112	75	14480	122000	13000	1448	536	320000	40000	90	0	0	0	0	0
57.038072	1	54	54	0	18895	5915	12980	14349
58.135428	2	55	5	1	0	0	54720	113	75	14480	121000	16000	1448	536	320000	40000	113	0	0	0	0	0
58.135522	1	55	55	0	18895	5915	12980	14349
59.074848	2	56	5	1	0	0	55660	113	75	14480	121500	16000	1448	536	320000	40000	113	0	0	0	0	0
59.074941	1	56	56	0	18895	5915	12980	14349
60.015508	2	57	5	1	0	0	56600	114	75	14480	121500	16000	1448	536	320000	40000	114	0	0	0	0	0
60.015595	1	57	57	0	18895	5915	12980	14349
61.111384	2	58	5	1	0	0	57696	114	75	14480	121500	16000	1448	536	320000	40000	114	0	0	0	0	0
61.111474	1	58	58	0	18895	5915	12980	14349
62.051834	2	59	5	1	0	0	58636	115	75	14480	121500	16000	1448	536	320000	40000	115	0	0	0	0	0
62.051950	1	59	59	0	18895	5915	12980	14349
63.004597	2	60	5	1	0	16	59592	115	75	14480	121500	16000	1448	536	320000	40000	115	0	0	0	0	0
63.004690	1	60	60	0	18895	5915	12980	14349
64.088565	2	61	5	1	0	4	60676	116	75	14480	121500	16000	1448	536	320000	40000	116	0	0	0	0	0
64.088657	1	61	61	0	18895	5915	12980	14349
65.027941	2	62	5	1	0	0	61612	116	75	14480	121500	16000	1448	536	320000	40000	116	0	0	0	0	0
65.028030	1	62	62	0	18895	5915	12980	14349
66.125075	2	63	5	1	0	0	62712	117	75	14480	122000	17000	1448	536	320000	40000	117	0	0	0	0	0
66.125167	1	63	63	0	18895	5915	12980	14349
67.064501	2	64	5	1	0	0	63648	117	75	14480	121500	15000	1448	536	320000	40000	117	0	0	0	0	0
67.064594	1	64	64	0	18895	5915	12980	14349
68.005097	2	65	5	1	0	0	64592	118	75	14480	122500	18000	1448	536	320000	40000	118	0	0	0	0	0
68.005189	1	65	65	0	18895	5915	12980	14349
69.004596	2	66	5	1	0	8	65592	118	75	14480	127500	13000	1448	536	324000	40000	118	0	0	0	0	0
69.004690	1	66	66	0	18895	5915	12980	14349
70.094376	2	67	5	1	0	0	66680	119	75	14480	129500	12000	1448	536	328000	40000	119	0	0	0	0	0
70.094466	1	67	67	0	18895	5915	12980	14349
71.034044	2	68	5	1	0	0	67620	119	75	14480	129000	13000	1448	536	328000	40000	119	0	0	0	0	0
71.034137	1	68	68	0	18895	5915	12980	14349
72.131658	2	69	5	1	0	0	68716	120	75	14480	129500	12000	1448	536	328000	40000	120	0	0	0	0	0
72.131750	1	69	69	0	18895	5915	12980	14349
73.072576	2	70	5	1	0	4	69660	121	75	14480	129500	12000	1448	536	328000	40000	121	0	0	0	0	0
73.072669	1	70	70	0	18895	5915	12980	14349
74.012288	2	71	5	1	0	0	70596	121	75	14480	129000	13000	1448	536	328000	40000	121	0	0	0	0	0
74.012403	1	71	71	0	18895	5915	12980	14349
75.109696	2	72	5	1	0	0	71696	122	75	14480	129500	16000	1448	536	328000	40000	122	0	0	0	0	0
75.109790	1	72	72	0	18895	5915	12980	14349
76.049640	2	73	5	1	0	0	72636	123	75	14480	129000	17000	1448	536	328000	40000	123	0	0	0	0	0
76.049729	1	73	73	0	18895	5915	12980	14349
77.042819	2	74	5	1	0	0	73628	123	75	14480	133500	16000	1448	536	332000	40000	123	0	0	0	0	0
77.042911	1	74	74	0	18895	5915	12980	14349
78.192967	2	75	5	1	0	0	74780	124	75	14480	135000	12000	1448	536	332000	40000	124	0	0	0	0	0
78.193092	1	75	75	0	18895	5915	12980	14349
79.134226	2	76	5	1	0	0	75720	125	75	14480	136500	14000	1448	536	336000	40000	125	0	0	0	0	0
79.134319	1	76	76	0	18895	5915	12980	14349
80.074362	2	77	5	1	0	0	76660	126	75	14480	136500	12000	1448	536	336000	40000	126	0	0	0	0	0
80.074448	1	77	77	0	18895	5915	12980	14349
81.015547	2	78	5	1	0	0	77600	126	75	14480	136000	12000	1448	536	336000	40000	126	0	0	0	0	0
81.015632	1	78	78	0	18895	5915	12980	14349
82.113554	2	79	5	1	0	0	78700	127	75	14480	136500	14000	1448	536	336000	40000	127	0	0	0	0	0
82.113645	1	79	79	0	18895	5915	12980	14349
83.046691	2	80	5	1	0	0	79632	128	75	14480	137500	13000	1448	536	336000	40000	128	0	0	0	0	0
83.046780	1	80	80	0	18895	5915	12980	14349
84.143465	2	81	5	1	0	0	80728	129	75	14480	136500	13000	1448	536	336000	40000	129	0	0	0	0	0
84.143557	1	81	81	0	18895	5915	12980	14349
85.092812	2	82	5	1	0	0	81680	129	75	14480	135500	17000	1448	536	332000	40000	129	0	0	0	0	0
85.092901	1	82	82	0	18895	5915	12980	14349
86.028313	2	83	5	1	0	0	82612	130	75	14480	137500	17000	1448	536	336000	40000	130	0	0	0	0	0
86.028398	1	83	83	0	18895	5915	12980	14349
87.179635	2	84	5	1	0	0	83764	131	75	14480	139500	18000	1448	536	336000	40000	131	0	0	0	0	0
87.179726	1	84	84	0	18895	5915	12980	14349
88.015198	2	85	5	1	0	0	84600	131	75	14480	139500	16000	1448	536	336000	40000	131	0	0	0	0	0
88.015290	1	85	85	0	18895	5915	12980	14349
89.061943	2	86	5	1	0	0	85648	132	75	14480	142000	18000	1448	536	340000	40000	132	0	0	0	0	0
89.062042	1	86	86	0	18895	5915	12980	14349
90.009242	2	87	5	1	0	0	86596	133	75	14480	140500	20000	1448	536	340000	40000	94	0	0	0	0	0
90.009330	1	87	87	0	18895	5915	12980	14349
91.053854	2	88	5	1	0	0	87640	134	75	14480	140500	18000	1448	536	340000	40000	96	0	0	0	0	0
91.054029	1	88	88	0	18895	5915	12980	14349
92.045433	2	89	5	1	0	0	88632	134	75	14480	131000	23000	1448	536	328000	40000	94	0	0	0	0	0
92.045517	1	89	89	0	18895	5915	12980	14349
93.037040	2	90	5	1	0	0	89624	135	75	14480	139000	28000	1448	536	336000	40000	135	0	0	0	0	0
93.037133	1	90	90	0	18895	5915	12980	14349
94.132284	2	91	5	1	0	0	90716	135	75	14480	156000	3000	1448	536	356000	40000	135	0	0	0	0	0
94.132377	1	91	91	0	18895	5915	12980	14349
95.071654	2	92	5	1	0	0	91656	135	75	14480	157500	3000	1448	536	356000	40000	135	0	0	0	0	0
95.071747	1	92	92	0	18895	5915	12980	14349
96.010901	2	93	5	1	0	0	92596	136	75	14480	167000	18000	1448	536	364000	40000	135	0	0	0	0	0
96.010993	1	93	93	0	18895	5915	12980	14349
97.106834	2	94	5	1	0	0	93692	136	75	14480	171500	22000	1448	536	368000	40000	135	0	0	0	0	0
97.106927	1	94	94	0	18895	5915	12980	14349
98.046250	2	95	5	1	0	0	94632	137	75	14480	171500	21000	1448	536	368000	40000	135	0	0	0	0	0
98.046341	1	95	95	0	18895	5915	12980	14349
99.142013	2	96	5	1	0	0	95728	137	75	14480	167000	18000	1448	536	364000	40000	135	0	0	0	0	0
99.142106	1	96	96	0	18895	5915	12980	14349
100.081654	2	97	5	1	0	0	96668	138	75	14480	167500	18000	1448	536	364000	40000	135	0	0	0	0	0
100.081762	1	97	97	0	18895	5915	12980	14349
101.021087	2	98	5	1	0	0	97608	138	75	14480	168000	17000	1448	536	368000	40000	135	0	0	0	0	0
101.021180	1	98	98	0	18895	5915	12980	14349
102.117026	2	99	5	1	0	0	98704	139	75	14480	168000	15000	1448	536	368000	40000	135	0	0	0	0	0
102.117118	1	99	99	0	18895	5915	12980	14349
103.056475	2	100	5	1	0	0	99640	139	75	14480	167500	17000	1448	536	364000	40000	135	0	0	0	0	0
103.056568	1	100	100	0	18895	5915	12980	14349
104.004593	2	101	5	1	0	4	100592	139	75	14480	167000	18000	1448	536	364000	40000	139	0	0	0	0	0
104.004681	1	101	101	0	18895	5915	12980	14349
105.091908	2	102	5	1	0	0	101676	140	75	14480	167000	18000	1448	536	364000	40000	135	0	0	0	0	0
105.092002	1	102	102	0	18895	5915	12980	14349
106.031373	2	103	5	1	0	0	102616	141	75	14480	167500	17000	1448	536	364000	40000	135	0	0	0	0	0
106.031461	1	103	103	0	18895	5915	12980	14349
107.127383	2	104	5	1	0	0	103712	141	75	14480	167000	18000	1448	536	364000	40000	135	0	0	0	0	0
107.127476	1	104	104	0	18895	5915	12980	14349
108.066706	2	105	5	1	0	0	104652	142	75	14480	167000	18000	1448	536	364000	40000	135	0	0	0	0	0
108.066799	1	105	105	0	18895	5915	12980	14349
109.006145	2	106	5	1	0	0	105592	142	75	14480	167000	17000	1448	536	364000	40000	135	0	0	0	0	0
109.006237	1	106	106	0	18895	5915	12980	14349
110.102342	2	107	5	1	0	0	106688	143	75	14480	167000	17000	1448	536	364000	40000	135	0	0	0	0	0
110.102437	1	107	107	0	18895	5915	12980	14349
111.041823	2	108	5	1	0	0	107628	143	75	14480	167500	18000	1448	536	364000	40000	135	0	0	0	0	0
111.041908	1	108	108	0	18895	5915	12980	14349
112.137707	2	109	5	1	0	0	108724	144	75	14480	167500	18000	1448	536	364000	40000	135	0	0	0	0	0
112.137795	1	109	109	0	18895	5915	12980	14349
113.077010	2	110	5	1	0	0	109664	144	75	14480	168000	17000	1448	536	368000	40000	135	0	0	0	0	0
113.077120	1	110	110	0	18895	5915	12980	14349
114.016475	2	111	5	1	0	0	110600	145	75	14480	167000	18000	1448	536	364000	40000	135	0	0	0	0	0
114.016571	1	111	111	0	18895	5915	12980	14349
115.112521	2	112	5	1	0	0	111696	145	75	14480	167000	17000	1448	536	364000	40000	135	0	0	0	0	0
115.112615	1	112	112	0	18895	5915	12980	14349
116.051993	2	113	5	1	0	0	112636	146	75	14480	167000	17000	1448	536	364000	40000	135	0	0	0	0	0
116.052081	1	113	113	0	18895	5915	12980	14349
117.147854	2	114	5	1	0	0	113732	146	75	14480	167000	17000	1448	536	364000	40000	135	0	0	0	0	0
117.147948	1	114	114	0	18895	5915	12980	14349
118.087164	2	115	5	1	0	0	114672	147	75	14480	167000	18000	1448	536	364000	40000	135	0	0	0	0	0
118.087281	1	115	115	0	18895	5915	12980	14349
119.026813	2	116	5	1	0	0	115612	147	75	14480	167000	18000	1448	536	364000	40000	135	0	0	0	0	0
119.026906	1	116	116	0	18895	5915	12980	14349
120.122687	2	117	5	1	0	0	116708	148	75	14480	167000	18000	1448	536	364000	40000	135	0	0	0	0	0
120.122782	1	117	117	0	18895	5915	12980	14349
121.062234	2	118	5	1	0	0	117648	148	75	14480	167500	17000	1448	536	364000	40000	135	0	0	0	0	0
121.062408	1	118	118	0	18895	5915	12980	14349
122.004595	2	119	5	1	0	4	118592	149	75	14480	167500	18000	1448	536	364000	40000	135	0	0	0	0	0
122.004677	1	119	119	0	18895	5915	12980	14349
123.098176	2	120	5	1	0	0	119684	149	75	14480	167500	17000	1448	536	364000	40000	135	0	0	0	0	0
123.098269	1	120	120	0	18895	5915	12980	14349
124.037014	2	121	5	1	0	0	120624	150	75	14480	168500	15000	1448	536	368000	40000	135	0	0	0	0	0
124.037098	1	121	121	0	18895	5915	12980	14349
125.132980	2	122	5	1	0	0	121720	150	75	14480	168000	16000	1448	536	368000	40000	135	0	0	0	0	0
125.133073	1	122	122	0	18895	5915	12980	14349
126.072322	2	123	5	1	0	0	122656	151	75	14480	167000	18000	1448	536	364000	40000	135	0	0	0	0	0
126.072411	1	123	123	0	18895	5915	12980	14349
126.236130	3	1	5	10.1.1.1	45212	htdocs/file.txt
