protocol: 5
domain: scalable_10Mbps_1ms
start-time: 1424600615
sender-id: 2
app-name: tinyhttpd
schema: 0 _experiment_metadata subject:string key:string value:string 
schema: 1 _client_instrumentation measurements_injected:uint32 measurements_dropped:uint32 bytes_allocated:uint64 bytes_freed:uint64 bytes_in_use:uint64 bytes_max:uint64 
schema: 2 tinyhttpd_tcp socket:int32 state:int32 ca_state:int32 last_data_sent:int32 last_data_recv:int32 snd_cwnd:int32 snd_ssthresh:int32 rcv_ssthresh:int32 rtt:int32 rttvar:int32 snd_mss:int32 rcv_mss:int32 rto:int32 ato:int32 unacked:int32 sacked:int32 lost:int32 retrans:int32 fackets:int32 total_retrans:int32 
schema: 3 tinyhttpd_peer socket:int32 ip:string port:int32 file:string 
content: text

3.010269	2	1	5	1	0	0	780	68	75	14480	65500	16000	1448	536	264000	40000	68	0	0	0	0	0
3.010905	1	1	1	0	18895	5915	12980	14349
4.032780	2	2	5	1	0	0	1804	76	75	14480	83000	10000	1448	536	280000	40000	59	0	0	0	0	0
4.032869	1	2	2	0	18895	5915	12980	14349
5.129582	2	3	5	1	0	0	2900	77	75	14480	83000	9000	1448	536	280000	40000	58	0	0	0	0	0
5.129690	1	3	3	0	18895	5915	12980	14349
6.069803	2	4	5	1	0	0	3840	78	75	14480	83500	9000	1448	536	280000	40000	57	0	0	0	0	0
6.069895	1	4	4	0	18895	5915	12980	14349
7.009835	2	5	5	1	0	0	4780	78	75	14480	83000	9000	1448	536	280000	40000	57	0	0	0	0	0
7.009923	1	5	5	0	18895	5915	12980	14349
8.106864	2	6	5	1	0	0	5876	79	75	14480	84000	10000	1448	536	284000	40000	56	0	0	0	0	0
8.106951	1	6	6	0	18895	5915	12980	14349
9.046976	2	7	5	1	0	0	6816	80	75	14480	83500	10000	1448	536	280000	40000	55	0	0	0	0	0
9.047058	1	7	7	0	18895	5915	12980	14349
10.143789	2	8	5	1	0	0	7912	81	75	14480	90000	13000	1448	536	288000	40000	63	0	0	0	0	0
10.143880	1	8	8	0	18895	5915	12980	14349
11.083955	2	9	5	1	0	0	8852	81	75	14480	92500	10000	1448	536	292000	40000	63	0	0	0	0	0
11.084044	1	9	9	0	18895	5915	12980	14349
12.024105	2	10	5	1	0	0	9792	82	75	14480	92500	12000	1448	536	292000	40000	61	0	0	0	0	0
12.024197	1	10	10	0	18895	5915	12980	14349
13.121028	2	11	5	1	0	0	10892	83	75	14480	94000	14000	1448	536	292000	40000	59	0	0	0	0	0
13.121109	1	11	11	0	18895	5915	12980	14349
14.037809	2	12	5	1	0	0	11808	84	75	14480	92000	11000	1448	536	292000	40000	84	0	0	0	0	0
14.037898	1	12	12	0	18895	5915	12980	14349
15.144048	2	13	5	1	0	0	12912	84	75	14480	92000	11000	1448	536	292000	40000	84	0	0	0	0	0
15.144143	1	13	13	0	18895	5915	12980	14349
16.080733	2	14	5	1	0	0	13852	85	75	14480	96000	9000	1448	536	296000	40000	85	0	0	0	0	0
16.080826	1	14	14	0	18895	5915	12980	14349
17.024372	2	15	5	1	0	36	14792	86	75	14480	95000	10000	1448	536	292000	40000	74	0	0	0	0	0
17.024454	1	15	15	0	18895	5915	12980	14349
18.169124	2	16	5	1	0	0	15940	87	75	14480	96500	8000	1448	536	296000	40000	87	0	0	0	0	0
18.169214	1	16	16	0	18895	5915	12980	14349
19.009611	2	17	5	1	0	40	16780	88	75	14480	95500	8000	1448	536	292000	40000	76	0	0	0	0	0
19.009683	1	17	17	0	18895	5915	12980	14349
20.106470	2	18	5	1	0	40	17876	88	75	14480	99500	8000	1448	536	296000	40000	76	0	0	0	0	0
20.106582	1	18	18	0	18895	5915	12980	14349
21.060896	2	19	5	1	0	0	18832	89	75	14480	103000	6000	1448	536	300000	40000	89	0	0	0	0	0
21.060989	1	19	19	0	18895	5915	12980	14349
22.004600	2	20	5	1	0	4	19776	90	75	14480	106000	3000	1448	536	304000	40000	90	0	0	0	0	0
22.004695	1	20	20	0	18895	5915	12980	14349
23.097980	2	21	5	1	0	0	20868	91	75	14480	107500	3000	1448	536	304000	40000	91	0	0	0	0	0
23.098067	1	21	21	0	18895	5915	12980	14349
24.039277	2	22	5	1	0	0	21808	91	75	14480	113000	14000	1448	536	312000	40000	91	0	0	0	0	0
24.039368	1	22	22	0	18895	5915	12980	14349
25.136718	2	23	5	1	0	0	22908	92	75	14480	114500	18000	1448	536	312000	40000	90	0	0	0	0	0
25.136811	1	23	23	0	18895	5915	12980	14349
26.077995	2	24	5	1	0	0	23848	93	75	14480	114000	16000	1448	536	312000	40000	90	0	0	0	0	0
26.078102	1	24	24	0	18895	5915	12980	14349
27.018260	2	25	5	1	0	0	24788	93	75	14480	113500	16000	1448	536	312000	40000	90	0	0	0	0	0
27.018354	1	25	25	0	18895	5915	12980	14349
28.116193	2	26	5	1	0	0	25884	94	75	14480	113000	16000	1448	536	312000	40000	90	0	0	0	0	0
28.116284	1	26	26	0	18895	5915	12980	14349
29.057489	2	27	5	1	0	0	26828	95	75	14480	113000	15000	1448	536	312000	40000	90	0	0	0	0	0
29.057571	1	27	27	0	18895	5915	12980	14349
30.004607	2	28	5	1	0	0	27776	96	75	14480	113000	15000	1448	536	312000	40000	96	0	0	0	0	0
30.004701	1	28	28	0	18895	5915	12980	14349
31.095697	2	29	5	1	0	0	28864	97	75	14480	112500	17000	1448	536	312000	40000	90	0	0	0	0	0
31.095789	1	29	29	0	18895	5915	12980	14349
32.036948	2	30	5	1	0	0	29808	97	75	14480	113000	17000	1448	536	312000	40000	90	0	0	0	0	0
32.037039	1	30	30	0	18895	5915	12980	14349
33.021176	2	31	5	1	0	0	30792	98	75	14480	111500	7000	1448	536	308000	40000	90	0	0	0	0	0
33.021268	1	31	31	0	18895	5915	12980	14349
34.065303	2	32	5	1	0	0	31836	99	75	14480	113500	17000	1448	536	312000	40000	90	0	0	0	0	0
34.065392	1	32	32	0	18895	5915	12980	14349
35.109172	2	33	5	1	0	0	32880	99	75	14480	113000	17000	1448	536	312000	40000	90	0	0	0	0	0
35.109264	1	33	33	0	18895	5915	12980	14349
36.153273	2	34	5	1	0	0	33924	100	75	14480	113500	17000	1448	536	312000	40000	90	0	0	0	0	0
36.153366	1	34	34	0	18895	5915	12980	14349
37.000597	2	35	5	1	0	8	34772	100	75	14480	112500	17000	1448	536	312000	40000	100	0	0	0	0	0
37.000688	1	35	35	0	18895	5915	12980	14349
38.032573	2	36	5	1	0	4	35804	101	75	14480	112500	17000	1448	536	312000	40000	90	0	0	0	0	0
38.032664	1	36	36	0	18895	5915	12980	14349
39.076516	2	37	5	1	0	0	36844	101	75	14480	112500	17000	1448	536	312000	40000	90	0	0	0	0	0
39.076606	1	37	37	0	18895	5915	12980	14349
40.120546	2	38	5	1	0	0	37888	102	75	14480	112500	17000	1448	536	312000	40000	90	0	0	0	0	0
40.120636	1	38	38	0	18895	5915	12980	14349
41.164586	2	39	5	1	0	4	38936	103	75	14480	112500	17000	1448	536	312000	40000	90	0	0	0	0	0
41.164679	1	39	39	0	18895	5915	12980	14349
42.004599	2	40	5	1	0	8	39776	103	75	14480	112000	17000	1448	536	312000	40000	90	0	0	0	0	0
42.004694	1	40	40	0	18895	5915	12980	14349
43.043942	2	41	5	1	0	0	40812	104	75	14480	112000	17000	1448	536	312000	40000	90	0	0	0	0	0
43.044069	1	41	41	0	18895	5915	12980	14349
44.087922	2	42	5	1	0	0	41856	104	75	14480	112000	18000	1448	536	312000	40000	90	0	0	0	0	0
44.088046	1	42	42	0	18895	5915	12980	14349
45.004607	2	43	5	1	0	4	42776	105	75	14480	119000	14000	1448	536	316000	40000	105	0	0	0	0	0
45.004723	1	43	43	0	18895	5915	12980	14349
46.089257	2	44	5	1	0	0	43860	105	75	14480	120000	11000	1448	536	320000	40000	90	0	0	0	0	0
46.089351	1	44	44	0	18895	5915	12980	14349
47.030440	2	45	5	1	0	0	44800	106	75	14480	120000	9000	1448	536	320000	40000	90	0	0	0	0	0
47.030530	1	45	45	0	18895	5915	12980	14349
48.128478	2	46	5	1	0	0	45896	107	75	14480	118000	10000	1448	536	316000	40000	90	0	0	0	0	0
48.128567	1	46	46	0	18895	5915	12980	14349
49.068562	2	47	5	1	0	4	46840	108	75	14480	118000	10000	1448	536	316000	40000	90	0	0	0	0	0
49.068635	1	47	47	0	18895	5915	12980	14349
50.009897	2	48	5	1	0	0	47780	108	75	14480	118000	11000	1448	536	316000	40000	90	0	0	0	0	0
50.009989	1	48	48	0	18895	5915	12980	14349
51.107843	2	49	5	1	0	0	48876	109	75	14480	120500	11000	1448	536	320000	40000	90	0	0	0	0	0
51.107928	1	49	49	0	18895	5915	12980	14349
52.049068	2	50	5	1	0	0	49820	110	75	14480	121000	12000	1448	536	320000	40000	90	0	0	0	0	0
52.049162	1	50	50	0	18895	5915	12980	14349
53.147114	2	51	5	1	0	0	50916	111	75	14480	117500	11000	1448	536	316000	40000	90	0	0	0	0	0
53.147205	1	51	51	0	18895	5915	12980	14349
54.087193	2	52	5	1	0	0	51856	111	75	14480	116500	12000	1448	536	316000	40000	90	0	0	0	0	0
54.087284	1	52	52	0	18895	5915	12980	14349
55.028500	2	53	5	1	0	0	52796	112	75	14480	121000	14000	1448	536	320000	40000	90	0	0	0	0	0
55.028591	1	53	53	0	18895	5915	12980	14349
56.124664	2	54	5	1	0	28	53896	113	75	14480	121500	16000	1448	536	320000	40000	90	0	0	0	0	0
56.124754	1	54	54	0	18895	5915	12980	14349
57.065429	2	55	5	1	0	0	54836	113	75	14480	121500	16000	1448	536	320000	40000	113	0	0	0	0	0
57.065517	1	55	55	0	18895	5915	12980	14349
58.004921	2	56	5	1	0	0	55776	113	75	14480	121500	16000	1448	536	320000	40000	113	0	0	0	0	0
58.005012	1	56	56	0	18895	5915	12980	14349
59.102112	2	57	5	1	0	0	56872	114	75	14480	121500	16000	1448	536	320000	40000	114	0	0	0	0	0
59.102192	1	57	57	0	18895	5915	12980	14349
60.041477	2	58	5	1	0	0	57812	115	75	14480	121500	16000	1448	536	320000	40000	115	0	0	0	0	0
60.041569	1	58	58	0	18895	5915	12980	14349
61.138555	2	59	5	1	0	0	58908	115	75	14480	121500	16000	1448	536	320000	40000	115	0	0	0	0	0
61.138649	1	59	59	0	18895	5915	12980	14349
62.078155	2	60	5	1	0	0	59848	116	75	14480	121500	15000	1448	536	320000	40000	116	0	0	0	0	0
62.078250	1	60	60	0	18895	5915	12980	14349
63.018848	2	61	5	1	0	0	60788	116	75	14480	122000	17000	1448	536	320000	40000	116	0	0	0	0	0
63.018932	1	61	61	0	18895	5915	12980	14349
64.114848	2	62	5	1	0	0	61884	117	75	14480	122000	17000	1448	536	320000	40000	117	0	0	0	0	0
64.114938	1	62	62	0	18895	5915	12980	14349
65.055333	2	63	5	1	0	0	62824	117	75	14480	121500	16000	1448	536	320000	40000	117	0	0	0	0	0
65.055424	1	63	63	0	18895	5915	12980	14349
66.004594	2	64	5	1	0	12	63776	117	75	14480	121500	16000	1448	536	320000	40000	117	0	0	0	0	0
66.004689	1	64	64	0	18895	5915	12980	14349
67.092146	2	65	5	1	0	0	64860	118	75	14480	121500	16000	1448	536	320000	40000	118	0	0	0	0	0
67.092239	1	65	65	0	18895	5915	12980	14349
68.031490	2	66	5	1	0	0	65800	119	75	14480	121500	16000	1448	536	320000	40000	119	0	0	0	0	0
68.031583	1	66	66	0	18895	5915	12980	14349
69.128613	2	67	5	1	0	0	66900	119	75	14480	122000	17000	1448	536	320000	40000	119	0	0	0	0	0
69.128700	1	67	67	0	18895	5915	12980	14349
70.068206	2	68	5	1	0	0	67836	120	75	14480	121500	16000	1448	536	320000	40000	120	0	0	0	0	0
70.068296	1	68	68	0	18895	5915	12980	14349
71.008941	2	69	5	1	0	0	68780	120	75	14480	122000	17000	1448	536	320000	40000	120	0	0	0	0	0
71.009033	1	69	69	0	18895	5915	12980	14349
72.104847	2	70	5	1	0	0	69876	121	75	14480	122000	17000	1448	536	320000	40000	121	0	0	0	0	0
72.104935	1	70	70	0	18895	5915	12980	14349
73.045424	2	71	5	1	0	0	70816	121	75	14480	122000	17000	1448	536	320000	40000	121	0	0	0	0	0
73.045510	1	71	71	0	18895	5915	12980	14349
74.141519	2	72	5	1	0	0	71912	122	75	14480	122000	17000	1448	536	320000	40000	122	0	0	0	0	0
74.141609	1	72	72	0	18895	5915	12980	14349
75.082088	2	73	5	1	0	0	72852	122	75	14480	122000	16000	1448	536	320000	40000	122	0	0	0	0	0
75.082175	1	73	73	0	18895	5915	12980	14349
76.021527	2	74	5	1	0	0	73792	123	75	14480	121500	17000	1448	536	320000	40000	123	0	0	0	0	0
76.021619	1	74	74	0	18895	5915	12980	14349
77.014223	2	75	5	1	0	0	74784	123	75	14480	127500	20000	1448	536	324000	40000	123	0	0	0	0	0
77.014313	1	75	75	0	18895	5915	12980	14349
78.124717	2	76	5	1	0	0	75896	124	75	14480	126500	17000	1448	536	324000	40000	90	0	0	0	0	0
78.124807	1	76	76	0	18895	5915	12980	14349
79.051971	2	77	5	1	0	0	76820	124	75	14480	136000	10000	1448	536	336000	40000	124	0	0	0	0	0
79.052043	1	77	77	0	18895	5915	12980	14349
80.045319	2	78	5	1	0	0	77816	125	75	14480	137000	15000	1448	536	336000	40000	125	0	0	0	0	0
80.045408	1	78	78	0	18895	5915	12980	14349
81.195797	2	79	5	1	0	0	78964	126	75	14480	134000	13000	1448	536	332000	40000	126	0	0	0	0	0
81.195888	1	79	79	0	18895	5915	12980	14349
82.137022	2	80	5	1	0	0	79908	127	75	14480	135000	15000	1448	536	332000	40000	127	0	0	0	0	0
82.137114	1	80	80	0	18895	5915	12980	14349
83.067865	2	81	5	1	0	0	80836	127	75	14480	137000	12000	1448	536	336000	40000	127	0	0	0	0	0
83.067945	1	81	81	0	18895	5915	12980	14349
84.167017	2	82	5	1	0	0	81936	128	75	14480	136500	13000	1448	536	336000	40000	128	0	0	0	0	0
84.167103	1	82	82	0	18895	5915	12980	14349
85.064182	2	83	5	1	0	0	82832	129	75	14480	135500	16000	1448	536	332000	40000	129	0	0	0	0	0
85.064264	1	83	83	0	18895	5915	12980	14349
86.004343	2	84	5	1	0	0	83772	130	75	14480	135500	16000	1448	536	332000	40000	130	0	0	0	0	0
86.004433	1	84	84	0	18895	5915	12980	14349
87.000595	2	85	5	1	0	12	84772	130	75	14480	139000	16000	1448	536	336000	40000	130	0	0	0	0	0
87.000689	1	85	85	0	18895	5915	12980	14349
88.000609	2	86	5	1	0	0	85772	131	75	14480	135500	15000	1448	536	332000	40000	131	0	0	0	0	0
88.000704	1	86	86	0	18895	5915	12980	14349
89.033684	2	87	5	1	0	0	86804	132	75	14480	141000	18000	1448	536	340000	40000	132	0	0	0	0	0
89.033763	1	87	87	0	18895	5915	12980	14349
90.033075	2	88	5	1	0	0	87804	133	75	14480	140500	21000	1448	536	340000	40000	95	0	0	0	0	0
90.033242	1	88	88	0	18895	5915	12980	14349
91.130065	2	89	5	1	0	0	88900	133	75	14480	139000	18000	1448	536	336000	40000	94	0	0	0	0	0
91.130156	1	89	89	0	18895	5915	12980	14349
92.121795	2	90	5	1	0	0	89892	134	75	14480	130500	20000	1448	536	328000	40000	96	0	0	0	0	0
92.121888	1	90	90	0	18895	5915	12980	14349
93.113609	2	91	5	1	0	0	90884	134	75	14480	130500	23000	1448	536	328000	40000	94	0	0	0	0	0
93.113696	1	91	91	0	18895	5915	12980	14349
94.053080	2	92	5	1	0	52	91824	135	75	14480	154500	6000	1448	536	352000	40000	95	0	0	0	0	0
94.053165	1	92	92	0	18895	5915	12980	14349
95.004596	2	93	5	1	0	8	92776	135	75	14480	155000	3000	1448	536	352000	40000	135	0	0	0	0	0
95.004681	1	93	93	0	18895	5915	12980	14349
96.088491	2	94	5	1	0	0	93856	136	75	14480	157000	3000	1448	536	356000	40000	135	0	0	0	0	0
96.088585	1	94	94	0	18895	5915	12980	14349
97.027992	2	95	5	1	0	0	94796	136	75	14480	169500	20000	1448	536	368000	40000	135	0	0	0	0	0
97.028080	1	95	95	0	18895	5915	12980	14349
98.123894	2	96	5	1	0	0	95892	137	75	14480	168500	19000	1448	536	368000	40000	135	0	0	0	0	0
98.123988	1	96	96	0	18895	5915	12980	14349
99.063417	2	97	5	1	0	0	96832	137	75	14480	167000	18000	1448	536	364000	40000	135	0	0	0	0	0
99.063499	1	97	97	0	18895	5915	12980	14349
100.002831	2	98	5	1	0	0	97772	138	75	14480	167500	17000	1448	536	364000	40000	135	0	0	0	0	0
100.002921	1	98	98	0	18895	5915	12980	14349
101.098751	2	99	5	1	0	0	98868	138	75	14480	167000	17000	1448	536	364000	40000	135	0	0	0	0	0
101.098845	1	99	99	0	18895	5915	12980	14349
102.038342	2	100	5	1	0	0	99808	139	75	14480	167000	17000	1448	536	364000	40000	135	0	0	0	0	0
102.038435	1	100	100	0	18895	5915	12980	14349
103.134231	2	101	5	1	0	0	100904	139	75	14480	167000	18000	1448	536	364000	40000	135	0	0	0	0	0
103.134323	1	101	101	0	18895	5915	12980	14349
104.073855	2	102	5	1	0	0	101844	140	75	14480	167000	17000	1448	536	364000	40000	135	0	0	0	0	0
104.073946	1	102	102	0	18895	5915	12980	14349
105.013313	2	103	5	1	0	0	102784	140	75	14480	167500	17000	1448	536	364000	40000	135	0	0	0	0	0
105.013389	1	103	103	0	18895	5915	12980	14349
106.109180	2	104	5	1	0	0	103880	141	75	14480	167500	18000	1448	536	364000	40000	135	0	0	0	0	0
106.109274	1	104	104	0	18895	5915	12980	14349
107.048587	2	105	5	1	0	4	104820	141	75	14480	167000	18000	1448	536	364000	40000	135	0	0	0	0	0
107.048675	1	105	105	0	18895	5915	12980	14349
108.144740	2	106	5	1	0	0	105916	142	75	14480	168000	16000	1448	536	368000	40000	135	0	0	0	0	0
108.144832	1	106	106	0	18895	5915	12980	14349
109.084170	2	107	5	1	0	0	106852	142	75	14480	167000	17000	1448	536	364000	40000	135	0	0	0	0	0
109.084245	1	107	107	0	18895	5915	12980	14349
110.023521	2	108	5	1	0	0	107792	143	75	14480	167000	17000	1448	536	364000	40000	135	0	0	0	0	0
110.023607	1	108	108	0	18895	5915	12980	14349
111.119479	2	109	5	1	0	0	108888	143	75	14480	167000	18000	1448	536	364000	40000	135	0	0	0	0	0
111.119583	1	109	109	0	18895	5915	12980	14349
112.061825	2	110	5	1	0	0	109832	144	75	14480	168000	16000	1448	536	368000	40000	135	0	0	0	0	0
112.061917	1	110	110	0	18895	5915	12980	14349
113.004606	2	111	5	1	0	0	110776	144	75	14480	167500	17000	1448	536	364000	40000	144	0	0	0	0	0
113.004698	1	111	111	0	18895	5915	12980	14349
114.094614	2	112	5	1	0	0	111864	145	75	14480	167000	18000	1448	536	364000	40000	135	0	0	0	0	0
114.094700	1	112	112	0	18895	5915	12980	14349
115.034022	2	113	5	1	0	0	112804	145	75	14480	167000	17000	1448	536	364000	40000	135	0	0	0	0	0
115.034101	1	113	113	0	18895	5915	12980	14349
116.129949	2	114	5	1	0	0	113900	146	75	14480	167000	17000	1448	536	364000	40000	135	0	0	0	0	0
116.130041	1	114	114	0	18895	5915	12980	14349
117.069561	2	115	5	1	0	0	114840	146	75	14480	167500	17000	1448	536	364000	40000	135	0	0	0	0	0
117.069654	1	115	115	0	18895	5915	12980	14349
118.008936	2	116	5	1	0	0	115780	147	75	14480	168000	16000	1448	536	368000	40000	135	0	0	0	0	0
118.009029	1	116	116	0	18895	5915	12980	14349
119.104982	2	117	5	1	0	0	116876	147	75	14480	168000	16000	1448	536	368000	40000	135	0	0	0	0	0
119.105072	1	117	117	0	18895	5915	12980	14349
120.044468	2	118	5	1	0	0	117812	148	75	14480	167000	18000	1448	536	364000	40000	135	0	0	0	0	0
120.044656	1	118	118	0	18895	5915	12980	14349
121.140432	2	119	5	1	0	0	118908	148	75	14480	166500	18000	1448	536	364000	40000	135	0	0	0	0	0
121.140525	1	119	119	0	18895	5915	12980	14349
122.079904	2	120	5	1	0	0	119848	149	75	14480	167000	18000	1448	536	364000	40000	135	0	0	0	0	0
122.079998	1	120	120	0	18895	5915	12980	14349
123.019327	2	121	5	1	0	0	120788	149	75	14480	167000	17000	1448	536	364000	40000	135	0	0	0	0	0
123.019420	1	121	121	0	18895	5915	12980	14349
124.115353	2	122	5	1	0	0	121884	150	75	14480	167000	17000	1448	536	364000	40000	135	0	0	0	0	0
124.115447	1	122	122	0	18895	5915	12980	14349
125.054848	2	123	5	1	0	0	122824	150	75	14480	167000	18000	1448	536	364000	40000	135	0	0	0	0	0
125.054935	1	123	123	0	18895	5915	12980	14349
125.061438	3	1	5	10.1.1.1	45215	htdocs/file.txt
