protocol: 5
domain: yeah_500Mbps_300ms
start-time: 1424588124
sender-id: 2
app-name: tinyhttpd
schema: 0 _experiment_metadata subject:string key:string value:string 
schema: 1 _client_instrumentation measurements_injected:uint32 measurements_dropped:uint32 bytes_allocated:uint64 bytes_freed:uint64 bytes_in_use:uint64 bytes_max:uint64 
schema: 2 tinyhttpd_tcp socket:int32 state:int32 ca_state:int32 last_data_sent:int32 last_data_recv:int32 snd_cwnd:int32 snd_ssthresh:int32 rcv_ssthresh:int32 rtt:int32 rttvar:int32 snd_mss:int32 rcv_mss:int32 rto:int32 ato:int32 unacked:int32 sacked:int32 lost:int32 retrans:int32 fackets:int32 total_retrans:int32 
schema: 3 tinyhttpd_peer socket:int32 ip:string port:int32 file:string 
content: text

7.214968	2	1	5	1	0	0	1204	17	111	7240	303500	3000	1448	536	692000	40000	12	0	0	0	0	0
7.215751	1	1	1	0	18892	5913	12979	14348
8.418646	2	2	5	1	0	0	2408	24	111	7240	303500	3000	1448	536	564000	40000	21	0	0	0	0	0
8.418744	1	2	2	0	18892	5913	12979	14348
9.020505	2	3	5	1	0	300	3012	31	111	7240	303500	3000	1448	536	536000	40000	22	0	0	0	0	0
9.020584	1	3	3	0	18892	5913	12979	14348
10.525144	2	4	5	1	0	0	4516	45	111	7240	303500	3000	1448	536	512000	40000	45	0	0	0	0	0
10.525238	1	4	4	0	18892	5913	12979	14348
11.126990	2	5	5	1	0	0	5116	50	111	7240	303500	3000	1448	536	512000	40000	50	0	0	0	0	0
11.127062	1	5	5	0	18892	5913	12979	14348
12.336927	2	6	5	1	0	0	6328	63	111	7240	303500	3000	1448	536	512000	40000	53	0	0	0	0	0
12.337021	1	6	6	0	18892	5913	12979	14348
13.545003	2	7	5	1	0	0	7536	73	111	7240	303500	3000	1448	536	512000	40000	73	0	0	0	0	0
13.545098	1	7	7	0	18892	5913	12979	14348
14.147230	2	8	5	1	0	0	8140	79	111	7240	304000	4000	1448	536	516000	40000	79	0	0	0	0	0
14.147309	1	8	8	0	18892	5913	12979	14348
15.351732	2	9	5	1	0	0	9344	93	111	7240	304000	3000	1448	536	516000	40000	93	0	0	0	0	0
15.351826	1	9	9	0	18892	5913	12979	14348
16.555316	2	10	5	1	0	0	10548	107	111	7240	304000	4000	1448	536	516000	40000	90	0	0	0	0	0
16.555403	1	10	10	0	18892	5913	12979	14348
17.157838	2	11	5	1	0	0	11148	112	111	7240	303500	3000	1448	536	512000	40000	90	0	0	0	0	0
17.157913	1	11	11	0	18892	5913	12979	14348
18.370563	2	12	5	1	0	0	12360	116	111	7240	303500	3000	1448	536	512000	40000	90	0	0	0	0	0
18.370656	1	12	12	0	18892	5913	12979	14348
19.585061	2	13	5	1	0	0	13576	120	111	7240	303500	3000	1448	536	512000	40000	120	0	0	0	0	0
19.585145	1	13	13	0	18892	5913	12979	14348
20.187061	2	14	5	1	0	4	14180	122	111	7240	303500	3000	1448	536	512000	40000	90	0	0	0	0	0
20.187132	1	14	14	0	18892	5913	12979	14348
21.390855	2	15	5	1	0	0	15380	125	111	7240	303500	3000	1448	536	512000	40000	125	0	0	0	0	0
21.390938	1	15	15	0	18892	5913	12979	14348
22.003076	2	16	5	1	0	4	15996	127	111	7240	303500	3000	1448	536	512000	40000	99	0	0	0	0	0
22.003174	1	16	16	0	18892	5913	12979	14348
23.510132	2	17	5	1	0	0	17500	131	111	7240	303500	3000	1448	536	512000	40000	131	0	0	0	0	0
23.510243	1	17	17	0	18892	5913	12979	14348
24.139812	2	18	5	1	0	0	18132	134	111	7240	303500	3000	1448	536	512000	40000	95	0	0	0	0	0
24.139900	1	18	18	0	18892	5913	12979	14348
25.064047	2	19	5	1	0	0	19056	137	111	7240	303500	3000	1448	536	512000	40000	137	0	0	0	0	0
25.064126	1	19	19	0	18892	5913	12979	14348
26.267335	2	20	5	1	0	0	20260	141	111	7240	304000	4000	1448	536	516000	40000	135	0	0	0	0	0
26.267409	1	20	20	0	18892	5913	12979	14348
27.169866	2	21	5	1	0	0	21160	144	111	7240	303500	3000	1448	536	512000	40000	135	0	0	0	0	0
27.169955	1	21	21	0	18892	5913	12979	14348
28.059604	2	22	5	1	0	0	22052	146	111	7240	304000	4000	1448	536	516000	40000	135	0	0	0	0	0
28.059687	1	22	22	0	18892	5913	12979	14348
29.289893	2	23	5	1	0	0	23280	151	111	7240	303500	3000	1448	536	512000	40000	135	0	0	0	0	0
29.289986	1	23	23	0	18892	5913	12979	14348
30.166669	2	24	5	1	0	0	24156	154	111	7240	303500	3000	1448	536	512000	40000	154	0	0	0	0	0
30.166740	1	24	24	0	18892	5913	12979	14348
31.100564	2	25	5	1	0	0	25092	159	111	7240	303500	3000	1448	536	512000	40000	135	0	0	0	0	0
31.100656	1	25	25	0	18892	5913	12979	14348
32.009479	2	26	5	1	0	0	26000	162	111	7240	304500	4000	1448	536	516000	40000	90	0	0	0	0	0
32.009600	1	26	26	0	18892	5913	12979	14348
33.224399	2	27	5	1	0	0	27216	167	111	7240	303500	4000	1448	536	512000	40000	135	0	0	0	0	0
33.224492	1	27	27	0	18892	5913	12979	14348
34.140987	2	28	5	1	0	0	28132	171	111	7240	306500	10000	1448	536	516000	40000	135	0	0	0	0	0
34.141065	1	28	28	0	18892	5913	12979	14348
35.056928	2	29	5	1	0	0	29048	175	111	7240	303500	3000	1448	536	512000	40000	135	0	0	0	0	0
35.057017	1	29	29	0	18892	5913	12979	14348
36.280823	2	30	5	1	0	0	30272	180	111	7240	303500	3000	1448	536	512000	40000	135	0	0	0	0	0
36.280909	1	30	30	0	18892	5913	12979	14348
37.197099	2	31	5	1	0	0	31188	182	111	7240	303500	3000	1448	536	512000	40000	135	0	0	0	0	0
37.197188	1	31	31	0	18892	5913	12979	14348
38.120621	2	32	5	1	0	0	32112	185	111	7240	303500	3000	1448	536	512000	40000	135	0	0	0	0	0
38.120695	1	32	32	0	18892	5913	12979	14348
39.036511	2	33	5	1	0	0	33028	187	111	7240	303500	3000	1448	536	512000	40000	135	0	0	0	0	0
39.036601	1	33	33	0	18892	5913	12979	14348
40.260646	2	34	5	1	0	0	34252	190	111	7240	303500	3000	1448	536	512000	40000	135	0	0	0	0	0
40.260726	1	34	34	0	18892	5913	12979	14348
41.176832	2	35	5	1	0	0	35168	192	111	7240	303500	3000	1448	536	512000	40000	135	0	0	0	0	0
41.176915	1	35	35	0	18892	5913	12979	14348
42.093023	2	36	5	1	0	0	36084	193	111	7240	303500	3000	1448	536	512000	40000	135	0	0	0	0	0
42.093098	1	36	36	0	18892	5913	12979	14348
43.016632	2	37	5	1	0	0	37008	196	111	7240	303500	3000	1448	536	512000	40000	135	0	0	0	0	0
43.016715	1	37	37	0	18892	5913	12979	14348
44.240543	2	38	5	1	0	0	38232	198	111	7240	303500	3000	1448	536	512000	40000	135	0	0	0	0	0
44.240624	1	38	38	0	18892	5913	12979	14348
45.156455	2	39	5	1	0	0	39148	199	111	7240	303500	3000	1448	536	512000	40000	135	0	0	0	0	0
45.156542	1	39	39	0	18892	5913	12979	14348
46.072313	2	40	5	1	0	0	40064	201	111	7240	303500	3000	1448	536	512000	40000	135	0	0	0	0	0
46.072391	1	40	40	0	18892	5913	12979	14348
47.003082	2	41	5	1	0	0	40996	202	111	7240	303500	3000	1448	536	512000	40000	173	0	0	0	0	0
47.003168	1	41	41	0	18892	5913	12979	14348
48.212852	2	42	5	1	0	0	42204	204	111	7240	303500	3000	1448	536	512000	40000	135	0	0	0	0	0
48.212928	1	42	42	0	18892	5913	12979	14348
49.136495	2	43	5	1	0	0	43128	205	111	7240	303500	3000	1448	536	512000	40000	135	0	0	0	0	0
49.136582	1	43	43	0	18892	5913	12979	14348
50.052468	2	44	5	1	0	0	44044	206	111	7240	303500	3000	1448	536	512000	40000	135	0	0	0	0	0
50.052543	1	44	44	0	18892	5913	12979	14348
51.276573	2	45	5	1	0	0	45268	208	111	7240	303500	3000	1448	536	512000	40000	135	0	0	0	0	0
51.276654	1	45	45	0	18892	5913	12979	14348
52.192724	2	46	5	1	0	0	46184	209	111	7240	303500	3000	1448	536	512000	40000	135	0	0	0	0	0
52.192814	1	46	46	0	18892	5913	12979	14348
53.108703	2	47	5	1	0	0	47100	210	111	7240	303500	3000	1448	536	512000	40000	135	0	0	0	0	0
53.108793	1	47	47	0	18892	5913	12979	14348
54.032709	2	48	5	1	0	0	48024	211	111	7240	303500	3000	1448	536	512000	40000	135	0	0	0	0	0
54.032799	1	48	48	0	18892	5913	12979	14348
55.256629	2	49	5	1	0	0	49248	212	111	7240	303500	3000	1448	536	512000	40000	135	0	0	0	0	0
55.256722	1	49	49	0	18892	5913	12979	14348
56.172609	2	50	5	1	0	0	50164	213	111	7240	303500	3000	1448	536	512000	40000	135	0	0	0	0	0
56.172700	1	50	50	0	18892	5913	12979	14348
57.088647	2	51	5	1	0	0	51080	214	111	7240	303500	3000	1448	536	512000	40000	135	0	0	0	0	0
57.088735	1	51	51	0	18892	5913	12979	14348
58.029720	2	52	5	1	0	0	52020	214	111	7240	307500	11000	1448	536	516000	40000	88	0	0	0	0	0
58.029797	1	52	52	0	18892	5913	12979	14348
59.248702	2	53	5	1	0	0	53240	215	111	7240	303500	3000	1448	536	512000	40000	135	0	0	0	0	0
59.248792	1	53	53	0	18892	5913	12979	14348
60.172682	2	54	5	1	0	0	54164	215	111	7240	303500	3000	1448	536	512000	40000	135	0	0	0	0	0
60.172754	1	54	54	0	18892	5913	12979	14348
61.088622	2	55	5	1	0	0	55080	216	111	7240	303500	3000	1448	536	512000	40000	135	0	0	0	0	0
61.088714	1	55	55	0	18892	5913	12979	14348
62.004738	2	56	5	1	0	0	55996	217	111	7240	303500	3000	1448	536	512000	40000	135	0	0	0	0	0
62.004817	1	56	56	0	18892	5913	12979	14348
63.228743	2	57	5	1	0	0	57220	217	111	7240	303500	3000	1448	536	512000	40000	135	0	0	0	0	0
63.228919	1	57	57	0	18892	5913	12979	14348
64.145090	2	58	5	1	0	0	58136	218	111	7240	303500	3000	1448	536	512000	40000	135	0	0	0	0	0
64.145171	1	58	58	0	18892	5913	12979	14348
65.068712	2	59	5	1	0	0	59060	218	111	7240	303500	3000	1448	536	512000	40000	135	0	0	0	0	0
65.068802	1	59	59	0	18892	5913	12979	14348
66.292611	2	60	5	1	0	0	60284	219	111	7240	303500	3000	1448	536	512000	40000	135	0	0	0	0	0
66.292703	1	60	60	0	18892	5913	12979	14348
67.208541	2	61	5	1	0	0	61200	219	111	7240	303500	3000	1448	536	512000	40000	135	0	0	0	0	0
67.208632	1	61	61	0	18892	5913	12979	14348
68.124677	2	62	5	1	0	0	62116	219	111	7240	303500	3000	1448	536	512000	40000	135	0	0	0	0	0
68.124766	1	62	62	0	18892	5913	12979	14348
69.040862	2	63	5	1	0	0	63032	220	111	7240	303500	3000	1448	536	512000	40000	135	0	0	0	0	0
69.040950	1	63	63	0	18892	5913	12979	14348
70.264919	2	64	5	1	0	0	64256	220	111	7240	303500	3000	1448	536	512000	40000	135	0	0	0	0	0
70.265026	1	64	64	0	18892	5913	12979	14348
71.188708	2	65	5	1	0	0	65180	220	111	7240	303500	3000	1448	536	512000	40000	135	0	0	0	0	0
71.188795	1	65	65	0	18892	5913	12979	14348
72.104542	2	66	5	1	0	0	66096	220	111	7240	303500	3000	1448	536	512000	40000	135	0	0	0	0	0
72.104627	1	66	66	0	18892	5913	12979	14348
73.020782	2	67	5	1	0	0	67012	221	111	7240	303500	3000	1448	536	512000	40000	135	0	0	0	0	0
73.020870	1	67	67	0	18892	5913	12979	14348
74.244763	2	68	5	1	0	0	68236	221	111	7240	303500	3000	1448	536	512000	40000	135	0	0	0	0	0
74.244851	1	68	68	0	18892	5913	12979	14348
75.160886	2	69	5	1	0	0	69152	221	111	7240	303500	3000	1448	536	512000	40000	135	0	0	0	0	0
75.160975	1	69	69	0	18892	5913	12979	14348
76.086621	2	70	5	1	0	0	70076	221	111	7240	303500	3000	1448	536	512000	40000	135	0	0	0	0	0
76.086696	1	70	70	0	18892	5913	12979	14348
77.003103	2	71	5	1	0	4	70996	221	111	7240	303500	3000	1448	536	512000	40000	135	0	0	0	0	0
77.003190	1	71	71	0	18892	5913	12979	14348
78.224525	2	72	5	1	0	0	72216	221	111	7240	303500	3000	1448	536	512000	40000	135	0	0	0	0	0
78.224611	1	72	72	0	18892	5913	12979	14348
79.140415	2	73	5	1	0	0	73132	221	111	7240	303500	3000	1448	536	512000	40000	135	0	0	0	0	0
79.140501	1	73	73	0	18892	5913	12979	14348
80.060595	2	74	5	1	0	0	74052	221	111	7240	303500	3000	1448	536	512000	40000	135	0	0	0	0	0
80.060676	1	74	74	0	18892	5913	12979	14348
81.280447	2	75	5	1	0	0	75272	221	111	7240	303500	3000	1448	536	512000	40000	135	0	0	0	0	0
81.280539	1	75	75	0	18892	5913	12979	14348
82.196821	2	76	5	1	0	0	76188	221	111	7240	303500	3000	1448	536	512000	40000	135	0	0	0	0	0
82.196901	1	76	76	0	18892	5913	12979	14348
83.120652	2	77	5	1	0	0	77112	221	111	7240	303500	3000	1448	536	512000	40000	135	0	0	0	0	0
83.120745	1	77	77	0	18892	5913	12979	14348
84.036352	2	78	5	1	0	0	78028	221	111	7240	304000	5000	1448	536	516000	40000	135	0	0	0	0	0
84.036431	1	78	78	0	18892	5913	12979	14348
85.260474	2	79	5	1	0	0	79252	221	111	7240	303500	3000	1448	536	512000	40000	135	0	0	0	0	0
85.260563	1	79	79	0	18892	5913	12979	14348
86.176571	2	80	5	1	0	0	80168	221	111	7240	303500	3000	1448	536	512000	40000	135	0	0	0	0	0
86.176642	1	80	80	0	18892	5913	12979	14348
87.092833	2	81	5	1	0	0	81084	221	111	7240	303500	3000	1448	536	512000	40000	135	0	0	0	0	0
87.092921	1	81	81	0	18892	5913	12979	14348
88.016542	2	82	5	1	0	0	82008	221	111	7240	303500	3000	1448	536	512000	40000	135	0	0	0	0	0
88.016626	1	82	82	0	18892	5913	12979	14348
89.240624	2	83	5	1	0	0	83232	221	111	7240	303500	3000	1448	536	512000	40000	135	0	0	0	0	0
89.240712	1	83	83	0	18892	5913	12979	14348
90.156671	2	84	5	1	0	0	84148	221	111	7240	303500	3000	1448	536	512000	40000	135	0	0	0	0	0
90.156756	1	84	84	0	18892	5913	12979	14348
91.072778	2	85	5	1	0	0	85064	221	111	7240	303500	3000	1448	536	512000	40000	135	0	0	0	0	0
91.072855	1	85	85	0	18892	5913	12979	14348
92.003072	2	86	5	1	0	8	85996	221	111	7240	303500	3000	1448	536	512000	40000	135	0	0	0	0	0
92.003160	1	86	86	0	18892	5913	12979	14348
93.213011	2	87	5	1	0	0	87204	221	111	7240	303500	3000	1448	536	512000	40000	135	0	0	0	0	0
93.213102	1	87	87	0	18892	5913	12979	14348
94.136614	2	88	5	1	0	0	88128	221	111	7240	303500	3000	1448	536	512000	40000	135	0	0	0	0	0
94.136771	1	88	88	0	18892	5913	12979	14348
95.052637	2	89	5	1	0	0	89044	221	111	7240	303500	3000	1448	536	512000	40000	135	0	0	0	0	0
95.052727	1	89	89	0	18892	5913	12979	14348
96.276691	2	90	5	1	0	0	90268	221	111	7240	303500	3000	1448	536	512000	40000	135	0	0	0	0	0
96.276771	1	90	90	0	18892	5913	12979	14348
97.192844	2	91	5	1	0	0	91184	221	111	7240	303500	3000	1448	536	512000	40000	135	0	0	0	0	0
97.192935	1	91	91	0	18892	5913	12979	14348
98.108831	2	92	5	1	0	0	92100	221	111	7240	303500	3000	1448	536	512000	40000	135	0	0	0	0	0
98.108918	1	92	92	0	18892	5913	12979	14348
99.032482	2	93	5	1	0	0	93024	221	111	7240	303500	3000	1448	536	512000	40000	135	0	0	0	0	0
99.032570	1	93	93	0	18892	5913	12979	14348
100.256716	2	94	5	1	0	0	94248	221	111	7240	303500	3000	1448	536	512000	40000	135	0	0	0	0	0
100.256803	1	94	94	0	18892	5913	12979	14348
101.172639	2	95	5	1	0	0	95164	221	111	7240	303500	3000	1448	536	512000	40000	135	0	0	0	0	0
101.172720	1	95	95	0	18892	5913	12979	14348
102.088761	2	96	5	1	0	0	96080	221	111	7240	303500	3000	1448	536	512000	40000	135	0	0	0	0	0
102.088852	1	96	96	0	18892	5913	12979	14348
103.004835	2	97	5	1	0	0	96996	221	111	7240	303500	3000	1448	536	512000	40000	135	0	0	0	0	0
103.004926	1	97	97	0	18892	5913	12979	14348
104.228939	2	98	5	1	0	0	98220	221	111	7240	303500	3000	1448	536	512000	40000	135	0	0	0	0	0
104.229024	1	98	98	0	18892	5913	12979	14348
105.152762	2	99	5	1	0	0	99144	221	111	7240	303500	3000	1448	536	512000	40000	135	0	0	0	0	0
105.152850	1	99	99	0	18892	5913	12979	14348
106.068566	2	100	5	1	0	0	100060	221	111	7240	303500	3000	1448	536	512000	40000	135	0	0	0	0	0
106.068636	1	100	100	0	18892	5913	12979	14348
107.292582	2	101	5	1	0	0	101284	221	111	7240	303500	3000	1448	536	512000	40000	135	0	0	0	0	0
107.292674	1	101	101	0	18892	5913	12979	14348
108.208858	2	102	5	1	0	0	102200	221	111	7240	303500	3000	1448	536	512000	40000	135	0	0	0	0	0
108.208934	1	102	102	0	18892	5913	12979	14348
109.124707	2	103	5	1	0	0	103116	221	111	7240	303500	3000	1448	536	512000	40000	135	0	0	0	0	0
109.124797	1	103	103	0	18892	5913	12979	14348
110.048476	2	104	5	1	0	0	104040	221	111	7240	304000	5000	1448	536	516000	40000	135	0	0	0	0	0
110.048567	1	104	104	0	18892	5913	12979	14348
111.272732	2	105	5	1	0	0	105264	221	111	7240	303500	3000	1448	536	512000	40000	135	0	0	0	0	0
111.272820	1	105	105	0	18892	5913	12979	14348
112.188795	2	106	5	1	0	0	106180	221	111	7240	303500	3000	1448	536	512000	40000	135	0	0	0	0	0
112.188879	1	106	106	0	18892	5913	12979	14348
113.104720	2	107	5	1	0	0	107096	221	111	7240	303500	3000	1448	536	512000	40000	135	0	0	0	0	0
113.104812	1	107	107	0	18892	5913	12979	14348
114.021011	2	108	5	1	0	0	108012	221	111	7240	303500	3000	1448	536	512000	40000	135	0	0	0	0	0
114.021083	1	108	108	0	18892	5913	12979	14348
115.244891	2	109	5	1	0	0	109236	221	111	7240	303500	3000	1448	536	512000	40000	135	0	0	0	0	0
115.244986	1	109	109	0	18892	5913	12979	14348
116.168551	2	110	5	1	0	0	110160	221	111	7240	303500	3000	1448	536	512000	40000	135	0	0	0	0	0
116.168623	1	110	110	0	18892	5913	12979	14348
117.084506	2	111	5	1	0	0	111076	221	111	7240	303500	3000	1448	536	512000	40000	135	0	0	0	0	0
117.084595	1	111	111	0	18892	5913	12979	14348
118.003090	2	112	5	1	0	4	111996	221	111	7240	303500	3000	1448	536	512000	40000	135	0	0	0	0	0
118.003200	1	112	112	0	18892	5913	12979	14348
119.224450	2	113	5	1	0	0	113216	221	111	7240	303500	3000	1448	536	512000	40000	135	0	0	0	0	0
119.224541	1	113	113	0	18892	5913	12979	14348
120.140868	2	114	5	1	0	0	114132	221	111	7240	303500	3000	1448	536	512000	40000	135	0	0	0	0	0
120.140948	1	114	114	0	18892	5913	12979	14348
121.064897	2	115	5	1	0	0	115056	221	111	7240	303500	3000	1448	536	512000	40000	135	0	0	0	0	0
121.064982	1	115	115	0	18892	5913	12979	14348
122.288603	2	116	5	1	0	0	116280	221	111	7240	303500	3000	1448	536	512000	40000	135	0	0	0	0	0
122.288696	1	116	116	0	18892	5913	12979	14348
123.204451	2	117	5	1	0	0	117196	221	111	7240	303500	3000	1448	536	512000	40000	135	0	0	0	0	0
123.204539	1	117	117	0	18892	5913	12979	14348
124.120706	2	118	5	1	0	0	118112	221	111	7240	303500	3000	1448	536	512000	40000	135	0	0	0	0	0
124.120855	1	118	118	0	18892	5913	12979	14348
125.036939	2	119	5	1	0	0	119028	221	111	7240	303500	3000	1448	536	512000	40000	135	0	0	0	0	0
125.037033	1	119	119	0	18892	5913	12979	14348
126.260961	2	120	5	1	0	0	120252	221	111	7240	303500	3000	1448	536	512000	40000	135	0	0	0	0	0
126.261041	1	120	120	0	18892	5913	12979	14348
127.184594	2	121	5	1	0	0	121176	221	111	7240	303500	3000	1448	536	512000	40000	135	0	0	0	0	0
127.184686	1	121	121	0	18892	5913	12979	14348
128.100501	2	122	5	1	0	0	122092	221	111	7240	303500	3000	1448	536	512000	40000	135	0	0	0	0	0
128.100572	1	122	122	0	18892	5913	12979	14348
129.016720	2	123	5	1	0	0	123008	221	111	7240	303500	3000	1448	536	512000	40000	135	0	0	0	0	0
129.016811	1	123	123	0	18892	5913	12979	14348
130.240640	2	124	5	1	0	0	124232	221	111	7240	303500	3000	1448	536	512000	40000	135	0	0	0	0	0
130.240726	1	124	124	0	18892	5913	12979	14348
131.156724	2	125	5	1	0	0	125148	221	111	7240	303500	3000	1448	536	512000	40000	135	0	0	0	0	0
131.156811	1	125	125	0	18892	5913	12979	14348
132.080688	2	126	5	1	0	0	126072	221	111	7240	303500	3000	1448	536	512000	40000	135	0	0	0	0	0
132.080773	1	126	126	0	18892	5913	12979	14348
133.003088	2	127	5	1	0	0	126996	221	111	7240	303500	3000	1448	536	512000	40000	170	0	0	0	0	0
133.003177	1	127	127	0	18892	5913	12979	14348
134.220464	2	128	5	1	0	0	128212	221	111	7240	303500	3000	1448	536	512000	40000	135	0	0	0	0	0
134.220542	1	128	128	0	18892	5913	12979	14348
135.136735	2	129	5	1	0	0	129128	221	111	7240	303500	3000	1448	536	512000	40000	135	0	0	0	0	0
135.136825	1	129	129	0	18892	5913	12979	14348
136.054292	2	130	5	1	0	0	130044	221	111	7240	304500	5000	1448	536	516000	40000	90	0	0	0	0	0
136.054372	1	130	130	0	18892	5913	12979	14348
137.276905	2	131	5	1	0	0	131268	221	111	7240	303500	3000	1448	536	512000	40000	135	0	0	0	0	0
137.276995	1	131	131	0	18892	5913	12979	14348
138.200694	2	132	5	1	0	0	132192	221	111	7240	303500	3000	1448	536	512000	40000	135	0	0	0	0	0
138.200774	1	132	132	0	18892	5913	12979	14348
139.116772	2	133	5	1	0	0	133108	221	111	7240	303500	3000	1448	536	512000	40000	135	0	0	0	0	0
139.116859	1	133	133	0	18892	5913	12979	14348
140.032752	2	134	5	1	0	0	134024	221	111	7240	303500	3000	1448	536	512000	40000	135	0	0	0	0	0
140.032832	1	134	134	0	18892	5913	12979	14348
141.256563	2	135	5	1	0	0	135248	221	111	7240	303500	3000	1448	536	512000	40000	135	0	0	0	0	0
141.256653	1	135	135	0	18892	5913	12979	14348
142.172691	2	136	5	1	0	0	136164	221	111	7240	303500	3000	1448	536	512000	40000	135	0	0	0	0	0
142.172773	1	136	136	0	18892	5913	12979	14348
143.096469	2	137	5	1	0	0	137088	221	111	7240	303500	3000	1448	536	512000	40000	135	0	0	0	0	0
143.096555	1	137	137	0	18892	5913	12979	14348
144.012759	2	138	5	1	0	0	138004	221	111	7240	303500	3000	1448	536	512000	40000	135	0	0	0	0	0
144.012840	1	138	138	0	18892	5913	12979	14348
145.236396	2	139	5	1	0	0	139228	221	111	7240	303500	3000	1448	536	512000	40000	135	0	0	0	0	0
145.236492	1	139	139	0	18892	5913	12979	14348
146.152429	2	140	5	1	0	0	140144	221	111	7240	303500	3000	1448	536	512000	40000	135	0	0	0	0	0
146.152512	1	140	140	0	18892	5913	12979	14348
147.068765	2	141	5	1	0	0	141060	221	111	7240	303500	3000	1448	536	512000	40000	135	0	0	0	0	0
147.068853	1	141	141	0	18892	5913	12979	14348
148.292718	2	142	5	1	0	0	142284	221	111	7240	303500	3000	1448	536	512000	40000	135	0	0	0	0	0
148.292806	1	142	142	0	18892	5913	12979	14348
149.209020	2	143	5	1	0	0	143200	221	111	7240	303500	3000	1448	536	512000	40000	135	0	0	0	0	0
149.209100	1	143	143	0	18892	5913	12979	14348
150.132656	2	144	5	1	0	0	144124	221	111	7240	303500	3000	1448	536	512000	40000	135	0	0	0	0	0
150.132747	1	144	144	0	18892	5913	12979	14348
151.048607	2	145	5	1	0	0	145040	221	111	7240	303500	3000	1448	536	512000	40000	135	0	0	0	0	0
151.048697	1	145	145	0	18892	5913	12979	14348
152.272376	2	146	5	1	0	0	146264	221	111	7240	303500	3000	1448	536	512000	40000	135	0	0	0	0	0
152.272468	1	146	146	0	18892	5913	12979	14348
153.189014	2	147	5	1	0	0	147180	221	111	7240	303500	3000	1448	536	512000	40000	135	0	0	0	0	0
153.189192	1	147	147	0	18892	5913	12979	14348
154.105096	2	148	5	1	0	0	148096	221	111	7240	303500	3000	1448	536	512000	40000	135	0	0	0	0	0
154.105172	1	148	148	0	18892	5913	12979	14348
155.028694	2	149	5	1	0	0	149020	221	111	7240	303500	3000	1448	536	512000	40000	135	0	0	0	0	0
155.028786	1	149	149	0	18892	5913	12979	14348
156.252714	2	150	5	1	0	0	150244	221	111	7240	303500	3000	1448	536	512000	40000	135	0	0	0	0	0
156.252796	1	150	150	0	18892	5913	12979	14348
157.168472	2	151	5	1	0	0	151160	221	111	7240	303500	3000	1448	536	512000	40000	135	0	0	0	0	0
157.168562	1	151	151	0	18892	5913	12979	14348
158.084618	2	152	5	1	0	0	152076	221	111	7240	303500	3000	1448	536	512000	40000	135	0	0	0	0	0
158.084689	1	152	152	0	18892	5913	12979	14348
159.003086	2	153	5	1	0	4	152996	221	111	7240	303500	3000	1448	536	512000	40000	135	0	0	0	0	0
159.003173	1	153	153	0	18892	5913	12979	14348
160.224925	2	154	5	1	0	0	154216	221	111	7240	303500	3000	1448	536	512000	40000	135	0	0	0	0	0
160.225012	1	154	154	0	18892	5913	12979	14348
161.148766	2	155	5	1	0	0	155140	221	111	7240	303500	3000	1448	536	512000	40000	135	0	0	0	0	0
161.148859	1	155	155	0	18892	5913	12979	14348
162.064465	2	156	5	1	0	0	156056	221	111	7240	304000	6000	1448	536	516000	40000	135	0	0	0	0	0
162.064536	1	156	156	0	18892	5913	12979	14348
163.288665	2	157	5	1	0	0	157280	221	111	7240	303500	3000	1448	536	512000	40000	135	0	0	0	0	0
163.288756	1	157	157	0	18892	5913	12979	14348
164.204706	2	158	5	1	0	0	158196	221	111	7240	303500	3000	1448	536	512000	40000	135	0	0	0	0	0
164.204792	1	158	158	0	18892	5913	12979	14348
165.121111	2	159	5	1	0	0	159112	221	111	7240	303500	3000	1448	536	512000	40000	135	0	0	0	0	0
165.121201	1	159	159	0	18892	5913	12979	14348
166.044553	2	160	5	1	0	0	160036	221	111	7240	303500	3000	1448	536	512000	40000	135	0	0	0	0	0
166.044627	1	160	160	0	18892	5913	12979	14348
167.268418	2	161	5	1	0	0	161260	221	111	7240	303500	3000	1448	536	512000	40000	135	0	0	0	0	0
167.268510	1	161	161	0	18892	5913	12979	14348
168.184419	2	162	5	1	0	0	162176	221	111	7240	303500	3000	1448	536	512000	40000	135	0	0	0	0	0
168.184496	1	162	162	0	18892	5913	12979	14348
169.100631	2	163	5	1	0	0	163092	221	111	7240	303500	3000	1448	536	512000	40000	135	0	0	0	0	0
169.100717	1	163	163	0	18892	5913	12979	14348
170.016704	2	164	5	1	0	0	164008	221	111	7240	303500	3000	1448	536	512000	40000	135	0	0	0	0	0
170.016782	1	164	164	0	18892	5913	12979	14348
171.240981	2	165	5	1	0	0	165232	221	111	7240	303500	3000	1448	536	512000	40000	135	0	0	0	0	0
171.241074	1	165	165	0	18892	5913	12979	14348
172.164646	2	166	5	1	0	0	166156	221	111	7240	303500	3000	1448	536	512000	40000	135	0	0	0	0	0
172.164722	1	166	166	0	18892	5913	12979	14348
173.084449	2	167	5	1	0	0	167076	221	111	7240	304000	3000	1448	536	516000	40000	135	0	0	0	0	0
173.084541	1	167	167	0	18892	5913	12979	14348
174.003085	2	168	5	1	0	0	167996	221	111	7240	303500	3000	1448	536	512000	40000	165	0	0	0	0	0
174.003172	1	168	168	0	18892	5913	12979	14348
175.220751	2	169	5	1	0	0	169212	221	111	7240	303500	3000	1448	536	512000	40000	135	0	0	0	0	0
175.220842	1	169	169	0	18892	5913	12979	14348
176.136674	2	170	5	1	0	0	170128	221	111	7240	303500	3000	1448	536	512000	40000	135	0	0	0	0	0
176.136750	1	170	170	0	18892	5913	12979	14348
177.052918	2	171	5	1	0	0	171044	221	111	7240	303500	3000	1448	536	512000	40000	135	0	0	0	0	0
177.053007	1	171	171	0	18892	5913	12979	14348
178.276811	2	172	5	1	0	0	172268	221	111	7240	303500	3000	1448	536	512000	40000	135	0	0	0	0	0
178.276895	1	172	172	0	18892	5913	12979	14348
179.200520	2	173	5	1	0	0	173192	221	111	7240	303500	3000	1448	536	512000	40000	135	0	0	0	0	0
179.200607	1	173	173	0	18892	5913	12979	14348
180.116404	2	174	5	1	0	0	174108	221	111	7240	303500	3000	1448	536	512000	40000	135	0	0	0	0	0
180.116498	1	174	174	0	18892	5913	12979	14348
181.032678	2	175	5	1	0	0	175024	221	111	7240	303500	3000	1448	536	512000	40000	135	0	0	0	0	0
181.032767	1	175	175	0	18892	5913	12979	14348
182.256712	2	176	5	1	0	0	176248	221	111	7240	303500	3000	1448	536	512000	40000	135	0	0	0	0	0
182.256784	1	176	176	0	18892	5913	12979	14348
183.172682	2	177	5	1	0	0	177164	221	111	7240	303500	3000	1448	536	512000	40000	135	0	0	0	0	0
183.172855	1	177	177	0	18892	5913	12979	14348
184.096557	2	178	5	1	0	0	178088	221	111	7240	303500	3000	1448	536	512000	40000	135	0	0	0	0	0
184.096641	1	178	178	0	18892	5913	12979	14348
185.012327	2	179	5	1	0	0	179004	221	111	7240	303500	3000	1448	536	512000	40000	135	0	0	0	0	0
185.012445	1	179	179	0	18892	5913	12979	14348
186.236599	2	180	5	1	0	0	180228	221	111	7240	303500	3000	1448	536	512000	40000	135	0	0	0	0	0
186.236713	1	180	180	0	18892	5913	12979	14348
187.152657	2	181	5	1	0	0	181144	221	111	7240	303500	3000	1448	536	512000	40000	135	0	0	0	0	0
187.152750	1	181	181	0	18892	5913	12979	14348
188.068649	2	182	5	1	0	0	182060	221	111	7240	303500	3000	1448	536	512000	40000	135	0	0	0	0	0
188.068732	1	182	182	0	18892	5913	12979	14348
189.003078	2	183	5	1	0	4	182996	221	111	7240	303500	3000	1448	536	512000	40000	175	0	0	0	0	0
189.003166	1	183	183	0	18892	5913	12979	14348
190.216487	2	184	5	1	0	0	184208	221	111	7240	303500	3000	1448	536	512000	40000	135	0	0	0	0	0
190.216570	1	184	184	0	18892	5913	12979	14348
191.132560	2	185	5	1	0	0	185124	221	111	7240	303500	3000	1448	536	512000	40000	135	0	0	0	0	0
191.132647	1	185	185	0	18892	5913	12979	14348
192.048745	2	186	5	1	0	0	186040	221	111	7240	303500	3000	1448	536	512000	40000	135	0	0	0	0	0
192.048819	1	186	186	0	18892	5913	12979	14348
193.272418	2	187	5	1	0	0	187264	221	111	7240	303500	3000	1448	536	512000	40000	135	0	0	0	0	0
193.272508	1	187	187	0	18892	5913	12979	14348
194.188721	2	188	5	1	0	0	188180	221	111	7240	303500	3000	1448	536	512000	40000	135	0	0	0	0	0
194.188800	1	188	188	0	18892	5913	12979	14348
195.112457	2	189	5	1	0	0	189104	221	111	7240	303500	3000	1448	536	512000	40000	135	0	0	0	0	0
195.112544	1	189	189	0	18892	5913	12979	14348
196.028566	2	190	5	1	0	0	190020	221	111	7240	303500	3000	1448	536	512000	40000	135	0	0	0	0	0
196.028641	1	190	190	0	18892	5913	12979	14348
197.252533	2	191	5	1	0	0	191244	221	111	7240	303500	3000	1448	536	512000	40000	135	0	0	0	0	0
197.252623	1	191	191	0	18892	5913	12979	14348
198.168763	2	192	5	1	0	0	192160	221	111	7240	303500	3000	1448	536	512000	40000	135	0	0	0	0	0
198.168837	1	192	192	0	18892	5913	12979	14348
199.085045	2	193	5	1	0	0	193076	221	111	7240	303500	3000	1448	536	512000	40000	135	0	0	0	0	0
199.085128	1	193	193	0	18892	5913	12979	14348
200.008779	2	194	5	1	0	0	194000	221	111	7240	303500	3000	1448	536	512000	40000	135	0	0	0	0	0
200.008858	1	194	194	0	18892	5913	12979	14348
201.232655	2	195	5	1	0	0	195224	221	111	7240	303500	3000	1448	536	512000	40000	135	0	0	0	0	0
201.232746	1	195	195	0	18892	5913	12979	14348
202.148486	2	196	5	1	0	0	196140	221	111	7240	303500	3000	1448	536	512000	40000	135	0	0	0	0	0
202.148558	1	196	196	0	18892	5913	12979	14348
203.065113	2	197	5	1	0	0	197056	221	111	7240	303500	3000	1448	536	512000	40000	135	0	0	0	0	0
203.065198	1	197	197	0	18892	5913	12979	14348
204.288496	2	198	5	1	0	0	198280	221	111	7240	303500	3000	1448	536	512000	40000	135	0	0	0	0	0
204.288619	1	198	198	0	18892	5913	12979	14348
205.204707	2	199	5	1	0	0	199196	221	111	7240	303500	4000	1448	536	512000	40000	135	0	0	0	0	0
205.204780	1	199	199	0	18892	5913	12979	14348
206.128572	2	200	5	1	0	0	200120	221	111	7240	303500	3000	1448	536	512000	40000	135	0	0	0	0	0
206.128656	1	200	200	0	18892	5913	12979	14348
207.044562	2	201	5	1	0	0	201036	221	111	7240	303500	3000	1448	536	512000	40000	135	0	0	0	0	0
207.044649	1	201	201	0	18892	5913	12979	14348
208.268560	2	202	5	1	0	0	202260	221	111	7240	303500	3000	1448	536	512000	40000	135	0	0	0	0	0
208.268640	1	202	202	0	18892	5913	12979	14348
209.184545	2	203	5	1	0	0	203176	221	111	7240	303500	3000	1448	536	512000	40000	135	0	0	0	0	0
209.184632	1	203	203	0	18892	5913	12979	14348
209.198111	3	1	5	10.1.1.1	37015	htdocs/file.txt
