protocol: 5
domain: yeah_10Mbps_3ms
start-time: 1424598658
sender-id: 2
app-name: tinyhttpd
schema: 0 _experiment_metadata subject:string key:string value:string 
schema: 1 _client_instrumentation measurements_injected:uint32 measurements_dropped:uint32 bytes_allocated:uint64 bytes_freed:uint64 bytes_in_use:uint64 bytes_max:uint64 
schema: 2 tinyhttpd_tcp socket:int32 state:int32 ca_state:int32 last_data_sent:int32 last_data_recv:int32 snd_cwnd:int32 snd_ssthresh:int32 rcv_ssthresh:int32 rtt:int32 rttvar:int32 snd_mss:int32 rcv_mss:int32 rto:int32 ato:int32 unacked:int32 sacked:int32 lost:int32 retrans:int32 fackets:int32 total_retrans:int32 
schema: 3 tinyhttpd_peer socket:int32 ip:string port:int32 file:string 
content: text

7.011749	2	1	5	1	0	0	756	58	57	14480	61000	11000	1448	536	260000	40000	58	0	0	0	0	0
7.012556	1	1	1	0	18883	5907	12976	14345
8.057082	2	2	5	1	0	0	1804	59	57	14480	64000	7000	1448	536	264000	40000	59	0	0	0	0	0
8.057169	1	2	2	0	18883	5907	12976	14345
9.004598	2	3	5	1	0	8	2752	59	57	14480	63500	7000	1448	536	260000	40000	59	0	0	0	0	0
9.004686	1	3	3	0	18883	5907	12976	14345
10.042124	2	4	5	1	0	0	3788	60	57	14480	63000	13000	1448	536	260000	40000	45	0	0	0	0	0
10.042217	1	4	4	0	18883	5907	12976	14345
11.086047	2	5	5	1	0	0	4832	60	57	14480	64000	14000	1448	536	264000	40000	45	0	0	0	0	0
11.086140	1	5	5	0	18883	5907	12976	14345
12.101019	2	6	5	1	0	0	5848	65	57	14480	67500	12000	1448	536	264000	40000	45	0	0	0	0	0
12.101110	1	6	6	0	18883	5907	12976	14345
13.046095	2	7	5	1	0	0	6792	69	57	14480	80000	5000	1448	536	280000	40000	69	0	0	0	0	0
13.046187	1	7	7	0	18883	5907	12976	14345
14.051647	2	8	5	1	0	0	7796	70	57	14480	81500	7000	1448	536	280000	40000	70	0	0	0	0	0
14.051719	1	8	8	0	18883	5907	12976	14345
15.136416	2	9	5	1	0	0	8880	70	57	14480	80000	6000	1448	536	280000	40000	70	0	0	0	0	0
15.136510	1	9	9	0	18883	5907	12976	14345
16.077604	2	10	5	1	0	0	9824	71	57	14480	80500	8000	1448	536	280000	40000	71	0	0	0	0	0
16.077698	1	10	10	0	18883	5907	12976	14345
17.017949	2	11	5	1	0	0	10764	71	57	14480	80500	8000	1448	536	280000	40000	71	0	0	0	0	0
17.018035	1	11	11	0	18883	5907	12976	14345
18.136900	2	12	5	1	0	0	11884	72	57	14480	81500	9000	1448	536	280000	40000	63	0	0	0	0	0
18.136992	1	12	12	0	18883	5907	12976	14345
19.035189	2	13	5	1	0	0	12780	72	57	14480	81000	11000	1448	536	280000	40000	72	0	0	0	0	0
19.035270	1	13	13	0	18883	5907	12976	14345
20.082290	2	14	5	1	0	0	13828	73	57	14480	81000	11000	1448	536	280000	40000	73	0	0	0	0	0
20.082382	1	14	14	0	18883	5907	12976	14345
21.009511	2	15	5	1	0	0	14756	73	57	14480	81000	10000	1448	536	280000	40000	62	0	0	0	0	0
21.009603	1	15	15	0	18883	5907	12976	14345
22.054242	2	16	5	1	0	0	15800	74	57	14480	80500	10000	1448	536	280000	40000	61	0	0	0	0	0
22.054334	1	16	16	0	18883	5907	12976	14345
23.098896	2	17	5	1	0	0	16844	74	57	14480	80000	10000	1448	536	280000	40000	61	0	0	0	0	0
23.098990	1	17	17	0	18883	5907	12976	14345
24.143361	2	18	5	1	0	0	17888	75	57	14480	82500	11000	1448	536	280000	40000	60	0	0	0	0	0
24.143433	1	18	18	0	18883	5907	12976	14345
25.083579	2	19	5	1	0	0	18828	75	57	14480	83000	9000	1448	536	280000	40000	60	0	0	0	0	0
25.083676	1	19	19	0	18883	5907	12976	14345
26.023783	2	20	5	1	0	0	19768	76	57	14480	82500	9000	1448	536	280000	40000	59	0	0	0	0	0
26.023871	1	20	20	0	18883	5907	12976	14345
27.120652	2	21	5	1	0	0	20868	76	57	14480	83000	9000	1448	536	280000	40000	59	0	0	0	0	0
27.120743	1	21	21	0	18883	5907	12976	14345
28.060824	2	22	5	1	0	0	21808	77	57	14480	83500	11000	1448	536	280000	40000	58	0	0	0	0	0
28.060918	1	22	22	0	18883	5907	12976	14345
29.004600	2	23	5	1	0	4	22752	77	57	14480	84000	11000	1448	536	284000	40000	58	0	0	0	0	0
29.004686	1	23	23	0	18883	5907	12976	14345
30.097828	2	24	5	1	0	0	23844	78	57	14480	83500	9000	1448	536	280000	40000	57	0	0	0	0	0
30.097921	1	24	24	0	18883	5907	12976	14345
31.037997	2	25	5	1	0	0	24784	78	57	14480	83500	9000	1448	536	280000	40000	57	0	0	0	0	0
31.038087	1	25	25	0	18883	5907	12976	14345
32.134842	2	26	5	1	0	0	25880	79	57	14480	84000	10000	1448	536	284000	40000	56	0	0	0	0	0
32.134935	1	26	26	0	18883	5907	12976	14345
33.075051	2	27	5	1	0	0	26820	79	57	14480	83500	9000	1448	536	280000	40000	56	0	0	0	0	0
33.075234	1	27	27	0	18883	5907	12976	14345
34.015177	2	28	5	1	0	0	27760	80	57	14480	83500	10000	1448	536	280000	40000	55	0	0	0	0	0
34.015251	1	28	28	0	18883	5907	12976	14345
35.112026	2	29	5	1	0	0	28856	80	57	14480	84000	9000	1448	536	284000	40000	55	0	0	0	0	0
35.112120	1	29	29	0	18883	5907	12976	14345
36.052060	2	30	5	1	0	0	29796	81	57	14480	90500	13000	1448	536	288000	40000	63	0	0	0	0	0
36.052174	1	30	30	0	18883	5907	12976	14345
37.004600	2	31	5	1	0	8	30752	81	57	14480	92500	11000	1448	536	292000	40000	81	0	0	0	0	0
37.004696	1	31	31	0	18883	5907	12976	14345
38.089173	2	32	5	1	0	0	31836	82	57	14480	93000	12000	1448	536	292000	40000	61	0	0	0	0	0
38.089266	1	32	32	0	18883	5907	12976	14345
39.029310	2	33	5	1	0	0	32776	82	57	14480	92500	11000	1448	536	292000	40000	61	0	0	0	0	0
39.029393	1	33	33	0	18883	5907	12976	14345
40.126125	2	34	5	1	0	0	33872	83	57	14480	92500	13000	1448	536	292000	40000	59	0	0	0	0	0
40.126219	1	34	34	0	18883	5907	12976	14345
41.066304	2	35	5	1	0	0	34812	83	57	14480	93000	11000	1448	536	292000	40000	59	0	0	0	0	0
41.066397	1	35	35	0	18883	5907	12976	14345
42.006517	2	36	5	1	0	0	35752	83	57	14480	93000	12000	1448	536	292000	40000	59	0	0	0	0	0
42.006609	1	36	36	0	18883	5907	12976	14345
43.082537	2	37	5	1	0	0	36828	84	57	14480	92000	7000	1448	536	292000	40000	84	0	0	0	0	0
43.082631	1	37	37	0	18883	5907	12976	14345
44.036655	2	38	5	1	0	48	37784	84	57	14480	88500	10000	1448	536	288000	40000	78	0	0	0	0	0
44.036740	1	38	38	0	18883	5907	12976	14345
45.123077	2	39	5	1	0	0	38868	85	57	14480	94500	8000	1448	536	292000	40000	85	0	0	0	0	0
45.123187	1	39	39	0	18883	5907	12976	14345
46.063109	2	40	5	1	0	0	39808	85	57	14480	94500	8000	1448	536	292000	40000	85	0	0	0	0	0
46.063208	1	40	40	0	18883	5907	12976	14345
47.006831	2	41	5	1	0	36	40752	86	57	14480	98500	8000	1448	536	296000	40000	74	0	0	0	0	0
47.006921	1	41	41	0	18883	5907	12976	14345
48.104083	2	42	5	1	0	36	41848	86	57	14480	96000	9000	1448	536	296000	40000	74	0	0	0	0	0
48.104176	1	42	42	0	18883	5907	12976	14345
49.093257	2	43	5	1	0	0	42840	87	57	14480	95000	9000	1448	536	292000	40000	87	0	0	0	0	0
49.093346	1	43	43	0	18883	5907	12976	14345
50.138095	2	44	5	1	0	0	43884	87	57	14480	99000	7000	1448	536	296000	40000	87	0	0	0	0	0
50.138188	1	44	44	0	18883	5907	12976	14345
51.095964	2	45	5	1	0	0	44840	88	57	14480	100500	8000	1448	536	300000	40000	88	0	0	0	0	0
51.096076	1	45	45	0	18883	5907	12976	14345
52.176631	2	46	5	1	0	0	45924	88	57	14480	100500	7000	1448	536	300000	40000	88	0	0	0	0	0
52.176723	1	46	46	0	18883	5907	12976	14345
53.170262	2	47	5	1	0	36	46916	89	57	14480	101000	8000	1448	536	300000	40000	76	0	0	0	0	0
53.170355	1	47	47	0	18883	5907	12976	14345
54.162677	2	48	5	1	0	36	47908	89	57	14480	101000	6000	1448	536	300000	40000	76	0	0	0	0	0
54.162750	1	48	48	0	18883	5907	12976	14345
55.118244	2	49	5	1	0	0	48864	89	57	14480	100000	7000	1448	536	300000	40000	89	0	0	0	0	0
55.118337	1	49	49	0	18883	5907	12976	14345
56.058580	2	50	5	1	0	0	49804	90	57	14480	105500	3000	1448	536	304000	40000	90	0	0	0	0	0
56.058674	1	50	50	0	18883	5907	12976	14345
57.004601	2	51	5	1	0	8	50752	90	57	14480	107500	3000	1448	536	304000	40000	90	0	0	0	0	0
57.004696	1	51	51	0	18883	5907	12976	14345
58.095276	2	52	5	1	0	0	51840	91	57	14480	107500	3000	1448	536	304000	40000	91	0	0	0	0	0
58.095370	1	52	52	0	18883	5907	12976	14345
59.036128	2	53	5	1	0	0	52780	91	57	14480	119000	22000	1448	536	316000	40000	90	0	0	0	0	0
59.036219	1	53	53	0	18883	5907	12976	14345
60.132183	2	54	5	1	0	0	53876	91	57	14480	122000	24000	1448	536	320000	40000	90	0	0	0	0	0
60.132273	1	54	54	0	18883	5907	12976	14345
61.071800	2	55	5	1	0	0	54816	91	57	14480	122000	25000	1448	536	320000	40000	90	0	0	0	0	0
61.071891	1	55	55	0	18883	5907	12976	14345
62.012247	2	56	5	1	0	0	55756	92	57	14480	120000	23000	1448	536	320000	40000	90	0	0	0	0	0
62.012339	1	56	56	0	18883	5907	12976	14345
63.108659	2	57	5	1	0	0	56856	92	57	14480	114500	18000	1448	536	312000	40000	90	0	0	0	0	0
63.108751	1	57	57	0	18883	5907	12976	14345
64.048926	2	58	5	1	0	0	57796	92	57	14480	114500	18000	1448	536	312000	40000	90	0	0	0	0	0
64.049086	1	58	58	0	18883	5907	12976	14345
65.147161	2	59	5	1	0	0	58892	93	57	14480	113500	16000	1448	536	312000	40000	90	0	0	0	0	0
65.147255	1	59	59	0	18883	5907	12976	14345
66.086901	2	60	5	1	0	0	59832	93	57	14480	113500	16000	1448	536	312000	40000	90	0	0	0	0	0
66.086993	1	60	60	0	18883	5907	12976	14345
67.027873	2	61	5	1	0	0	60772	94	57	14480	113500	16000	1448	536	312000	40000	90	0	0	0	0	0
67.027966	1	61	61	0	18883	5907	12976	14345
68.124580	2	62	5	1	0	4	61872	94	57	14480	113000	17000	1448	536	312000	40000	90	0	0	0	0	0
68.124674	1	62	62	0	18883	5907	12976	14345
69.064721	2	63	5	1	0	0	62812	94	57	14480	113500	17000	1448	536	312000	40000	90	0	0	0	0	0
69.064812	1	63	63	0	18883	5907	12976	14345
70.005679	2	64	5	1	0	0	63752	95	57	14480	113000	15000	1448	536	312000	40000	90	0	0	0	0	0
70.005771	1	64	64	0	18883	5907	12976	14345
71.102662	2	65	5	1	0	0	64848	95	57	14480	113000	16000	1448	536	312000	40000	90	0	0	0	0	0
71.102755	1	65	65	0	18883	5907	12976	14345
72.043764	2	66	5	1	0	0	65788	96	57	14480	113000	17000	1448	536	312000	40000	90	0	0	0	0	0
72.043861	1	66	66	0	18883	5907	12976	14345
73.140376	2	67	5	1	0	0	66884	96	57	14480	112500	17000	1448	536	312000	40000	90	0	0	0	0	0
73.140469	1	67	67	0	18883	5907	12976	14345
74.080558	2	68	5	1	0	4	67828	96	57	14480	112500	17000	1448	536	312000	40000	90	0	0	0	0	0
74.080644	1	68	68	0	18883	5907	12976	14345
75.022067	2	69	5	1	0	0	68768	97	57	14480	112500	15000	1448	536	312000	40000	90	0	0	0	0	0
75.022157	1	69	69	0	18883	5907	12976	14345
76.118379	2	70	5	1	0	0	69864	97	57	14480	112500	16000	1448	536	312000	40000	90	0	0	0	0	0
76.118472	1	70	70	0	18883	5907	12976	14345
77.102491	2	71	5	1	0	0	70848	98	57	14480	111500	14000	1448	536	308000	40000	98	0	0	0	0	0
77.102577	1	71	71	0	18883	5907	12976	14345
78.042207	2	72	5	1	0	0	71788	98	57	14480	112500	17000	1448	536	312000	40000	90	0	0	0	0	0
78.042296	1	72	72	0	18883	5907	12976	14345
79.086091	2	73	5	1	0	0	72832	98	57	14480	113000	17000	1448	536	312000	40000	90	0	0	0	0	0
79.086184	1	73	73	0	18883	5907	12976	14345
80.129906	2	74	5	1	0	0	73876	98	57	14480	113000	17000	1448	536	312000	40000	90	0	0	0	0	0
80.129996	1	74	74	0	18883	5907	12976	14345
81.174005	2	75	5	1	0	0	74920	99	57	14480	112500	17000	1448	536	312000	40000	90	0	0	0	0	0
81.174099	1	75	75	0	18883	5907	12976	14345
82.009276	2	76	5	1	0	0	75756	99	57	14480	113000	17000	1448	536	312000	40000	90	0	0	0	0	0
82.009370	1	76	76	0	18883	5907	12976	14345
83.053091	2	77	5	1	0	0	76800	99	57	14480	112500	16000	1448	536	312000	40000	90	0	0	0	0	0
83.053187	1	77	77	0	18883	5907	12976	14345
84.097095	2	78	5	1	0	0	77844	100	57	14480	113000	17000	1448	536	312000	40000	90	0	0	0	0	0
84.097181	1	78	78	0	18883	5907	12976	14345
85.142922	2	79	5	1	0	0	78888	100	57	14480	113000	17000	1448	536	312000	40000	90	0	0	0	0	0
85.143010	1	79	79	0	18883	5907	12976	14345
86.185011	2	80	5	1	0	0	79932	100	57	14480	113500	17000	1448	536	312000	40000	90	0	0	0	0	0
86.185103	1	80	80	0	18883	5907	12976	14345
87.020131	2	81	5	1	0	0	80764	100	57	14480	112500	17000	1448	536	312000	40000	90	0	0	0	0	0
87.020224	1	81	81	0	18883	5907	12976	14345
88.063865	2	82	5	1	0	0	81808	101	57	14480	112500	17000	1448	536	312000	40000	90	0	0	0	0	0
88.063957	1	82	82	0	18883	5907	12976	14345
89.107835	2	83	5	1	0	0	82852	101	57	14480	112000	17000	1448	536	312000	40000	90	0	0	0	0	0
89.107929	1	83	83	0	18883	5907	12976	14345
90.151752	2	84	5	1	0	0	83896	101	57	14480	112500	17000	1448	536	312000	40000	90	0	0	0	0	0
90.151839	1	84	84	0	18883	5907	12976	14345
91.008803	2	85	5	1	0	16	84756	102	57	14480	112000	17000	1448	536	312000	40000	102	0	0	0	0	0
91.008893	1	85	85	0	18883	5907	12976	14345
92.030869	2	86	5	1	0	0	85776	102	57	14480	112000	18000	1448	536	312000	40000	90	0	0	0	0	0
92.030962	1	86	86	0	18883	5907	12976	14345
93.074685	2	87	5	1	0	0	86820	102	57	14480	112000	18000	1448	536	312000	40000	90	0	0	0	0	0
93.074780	1	87	87	0	18883	5907	12976	14345
94.118739	2	88	5	1	0	0	87864	102	57	14480	112000	18000	1448	536	312000	40000	90	0	0	0	0	0
94.118831	1	88	88	0	18883	5907	12976	14345
95.162669	2	89	5	1	0	0	88908	103	57	14480	112500	17000	1448	536	312000	40000	90	0	0	0	0	0
95.162831	1	89	89	0	18883	5907	12976	14345
96.004615	2	90	5	1	0	0	89752	103	57	14480	112000	16000	1448	536	312000	40000	103	0	0	0	0	0
96.004711	1	90	90	0	18883	5907	12976	14345
97.041655	2	91	5	1	0	0	90788	103	57	14480	112000	16000	1448	536	312000	40000	90	0	0	0	0	0
97.041747	1	91	91	0	18883	5907	12976	14345
98.085476	2	92	5	1	0	0	91832	104	57	14480	112000	16000	1448	536	312000	40000	90	0	0	0	0	0
98.085564	1	92	92	0	18883	5907	12976	14345
99.129493	2	93	5	1	0	0	92876	104	57	14480	112500	16000	1448	536	312000	40000	90	0	0	0	0	0
99.129585	1	93	93	0	18883	5907	12976	14345
100.173363	2	94	5	1	0	0	93920	104	57	14480	113000	17000	1448	536	312000	40000	90	0	0	0	0	0
100.173438	1	94	94	0	18883	5907	12976	14345
101.008454	2	95	5	1	0	0	94752	104	57	14480	112000	19000	1448	536	312000	40000	90	0	0	0	0	0
101.008549	1	95	95	0	18883	5907	12976	14345
102.069980	2	96	5	1	0	0	95816	105	57	14480	119500	11000	1448	536	316000	40000	90	0	0	0	0	0
102.070074	1	96	96	0	18883	5907	12976	14345
103.009599	2	97	5	1	0	0	96756	105	57	14480	120000	11000	1448	536	320000	40000	90	0	0	0	0	0
103.009692	1	97	97	0	18883	5907	12976	14345
104.105863	2	98	5	1	0	0	97852	105	57	14480	119500	11000	1448	536	316000	40000	90	0	0	0	0	0
104.105956	1	98	98	0	18883	5907	12976	14345
105.046722	2	99	5	1	0	0	98792	106	57	14480	120000	11000	1448	536	320000	40000	90	0	0	0	0	0
105.046807	1	99	99	0	18883	5907	12976	14345
106.143460	2	100	5	1	0	0	99888	106	57	14480	118000	10000	1448	536	316000	40000	90	0	0	0	0	0
106.143553	1	100	100	0	18883	5907	12976	14345
107.083491	2	101	5	1	0	0	100828	106	57	14480	118000	10000	1448	536	316000	40000	90	0	0	0	0	0
107.083578	1	101	101	0	18883	5907	12976	14345
108.024603	2	102	5	1	0	4	101772	107	57	14480	118000	10000	1448	536	316000	40000	90	0	0	0	0	0
108.024689	1	102	102	0	18883	5907	12976	14345
109.121408	2	103	5	1	0	0	102868	107	57	14480	120500	11000	1448	536	320000	40000	90	0	0	0	0	0
109.121524	1	103	103	0	18883	5907	12976	14345
110.061277	2	104	5	1	0	0	103808	107	57	14480	120500	10000	1448	536	320000	40000	90	0	0	0	0	0
110.061350	1	104	104	0	18883	5907	12976	14345
111.002520	2	105	5	1	0	0	104748	108	57	14480	120500	10000	1448	536	320000	40000	90	0	0	0	0	0
111.002615	1	105	105	0	18883	5907	12976	14345
112.099077	2	106	5	1	0	0	105844	108	57	14480	118000	9000	1448	536	316000	40000	90	0	0	0	0	0
112.099170	1	106	106	0	18883	5907	12976	14345
113.039365	2	107	5	1	0	0	106784	108	57	14480	118000	9000	1448	536	316000	40000	90	0	0	0	0	0
113.039458	1	107	107	0	18883	5907	12976	14345
114.136947	2	108	5	1	0	0	107884	109	57	14480	121000	12000	1448	536	320000	40000	90	0	0	0	0	0
114.137041	1	108	108	0	18883	5907	12976	14345
115.077159	2	109	5	1	0	0	108824	109	57	14480	121000	12000	1448	536	320000	40000	90	0	0	0	0	0
115.077247	1	109	109	0	18883	5907	12976	14345
116.017249	2	110	5	1	0	0	109764	109	57	14480	121000	12000	1448	536	320000	40000	90	0	0	0	0	0
116.017351	1	110	110	0	18883	5907	12976	14345
117.115003	2	111	5	1	0	0	110860	110	57	14480	116500	11000	1448	536	316000	40000	90	0	0	0	0	0
117.115107	1	111	111	0	18883	5907	12976	14345
118.055114	2	112	5	1	0	0	111800	110	57	14480	116500	11000	1448	536	316000	40000	90	0	0	0	0	0
118.055209	1	112	112	0	18883	5907	12976	14345
119.000605	2	113	5	1	0	0	112748	110	57	14480	116500	11000	1448	536	316000	40000	110	0	0	0	0	0
119.000700	1	113	113	0	18883	5907	12976	14345
120.093097	2	114	5	1	0	0	113840	111	57	14480	121500	16000	1448	536	320000	40000	90	0	0	0	0	0
120.093173	1	114	114	0	18883	5907	12976	14345
121.032840	2	115	5	1	0	0	114780	111	57	14480	121000	15000	1448	536	320000	40000	90	0	0	0	0	0
121.032934	1	115	115	0	18883	5907	12976	14345
122.129831	2	116	5	1	0	0	115876	112	57	14480	117500	14000	1448	536	316000	40000	90	0	0	0	0	0
122.129923	1	116	116	0	18883	5907	12976	14345
123.070832	2	117	5	1	0	0	116816	112	57	14480	121500	14000	1448	536	320000	40000	90	0	0	0	0	0
123.070925	1	117	117	0	18883	5907	12976	14345
124.010459	2	118	5	1	0	0	117756	112	57	14480	122000	15000	1448	536	320000	40000	90	0	0	0	0	0
124.010552	1	118	118	0	18883	5907	12976	14345
125.004597	2	119	5	1	0	4	118752	112	57	14480	123000	13000	1448	536	320000	40000	90	0	0	0	0	0
125.004754	1	119	119	0	18883	5907	12976	14345
126.098666	2	120	5	1	0	0	119844	112	57	14480	121000	14000	1448	536	320000	40000	90	0	0	0	0	0
126.098761	1	120	120	0	18883	5907	12976	14345
127.039384	2	121	5	1	0	0	120784	113	57	14480	121000	16000	1448	536	320000	40000	113	0	0	0	0	0
127.039478	1	121	121	0	18883	5907	12976	14345
128.135337	2	122	5	1	0	0	121880	113	57	14480	121500	15000	1448	536	320000	40000	113	0	0	0	0	0
128.135428	1	122	122	0	18883	5907	12976	14345
129.074701	2	123	5	1	0	0	122820	113	57	14480	121500	16000	1448	536	320000	40000	113	0	0	0	0	0
129.074794	1	123	123	0	18883	5907	12976	14345
129.086669	3	1	5	10.1.1.1	45206	htdocs/file.txt
