protocol: 5
domain: yeah_10Mbps_1ms
start-time: 1424597442
sender-id: 2
app-name: tinyhttpd
schema: 0 _experiment_metadata subject:string key:string value:string 
schema: 1 _client_instrumentation measurements_injected:uint32 measurements_dropped:uint32 bytes_allocated:uint64 bytes_freed:uint64 bytes_in_use:uint64 bytes_max:uint64 
schema: 2 tinyhttpd_tcp socket:int32 state:int32 ca_state:int32 last_data_sent:int32 last_data_recv:int32 snd_cwnd:int32 snd_ssthresh:int32 rcv_ssthresh:int32 rtt:int32 rttvar:int32 snd_mss:int32 rcv_mss:int32 rto:int32 ato:int32 unacked:int32 sacked:int32 lost:int32 retrans:int32 fackets:int32 total_retrans:int32 
schema: 3 tinyhttpd_peer socket:int32 ip:string port:int32 file:string 
content: text

4.020466	2	1	5	1	0	0	168	38	57	14480	32000	7000	1448	536	244000	40000	27	0	0	0	0	0
4.021085	1	1	1	0	18883	5907	12976	14345
5.004666	2	2	5	1	0	0	1156	60	57	14480	63500	11000	1448	536	272000	40000	45	0	0	0	0	0
5.004751	1	2	2	0	18883	5907	12976	14345
6.071957	2	3	5	1	0	0	2220	65	57	14480	66500	13000	1448	536	276000	40000	45	0	0	0	0	0
6.072044	1	3	3	0	18883	5907	12976	14345
7.070182	2	4	5	1	0	0	3220	70	57	14480	80000	6000	1448	536	292000	40000	70	0	0	0	0	0
7.070272	1	4	4	0	18883	5907	12976	14345
8.010024	2	5	5	1	0	0	4160	70	57	14480	80000	6000	1448	536	292000	40000	70	0	0	0	0	0
8.010114	1	5	5	0	18883	5907	12976	14345
9.108055	2	6	5	1	0	0	5256	71	57	14480	80000	6000	1448	536	292000	40000	71	0	0	0	0	0
9.108145	1	6	6	0	18883	5907	12976	14345
10.048191	2	7	5	1	0	0	6196	71	57	14480	80000	6000	1448	536	292000	40000	71	0	0	0	0	0
10.048275	1	7	7	0	18883	5907	12976	14345
11.114771	2	8	5	1	0	0	7264	72	57	14480	81000	10000	1448	536	292000	40000	63	0	0	0	0	0
11.114860	1	8	8	0	18883	5907	12976	14345
12.013208	2	9	5	1	0	0	8164	72	57	14480	81500	10000	1448	536	292000	40000	72	0	0	0	0	0
12.013299	1	9	9	0	18883	5907	12976	14345
13.059994	2	10	5	1	0	0	9208	73	57	14480	80500	10000	1448	536	292000	40000	73	0	0	0	0	0
13.060087	1	10	10	0	18883	5907	12976	14345
14.104599	2	11	5	1	0	4	10256	73	57	14480	80500	10000	1448	536	292000	40000	73	0	0	0	0	0
14.104692	1	11	11	0	18883	5907	12976	14345
15.031899	2	12	5	1	0	0	11180	74	57	14480	80000	11000	1448	536	292000	40000	61	0	0	0	0	0
15.031990	1	12	12	0	18883	5907	12976	14345
16.076444	2	13	5	1	0	0	12224	74	57	14480	80000	11000	1448	536	292000	40000	61	0	0	0	0	0
16.076529	1	13	13	0	18883	5907	12976	14345
17.120928	2	14	5	1	0	0	13272	75	57	14480	83500	10000	1448	536	292000	40000	60	0	0	0	0	0
17.121021	1	14	14	0	18883	5907	12976	14345
18.061010	2	15	5	1	0	0	14212	75	57	14480	83500	10000	1448	536	292000	40000	60	0	0	0	0	0
18.061107	1	15	15	0	18883	5907	12976	14345
19.004601	2	16	5	1	0	4	15156	76	57	14480	83500	10000	1448	536	292000	40000	59	0	0	0	0	0
19.004695	1	16	16	0	18883	5907	12976	14345
20.097906	2	17	5	1	0	0	16248	77	57	14480	83000	9000	1448	536	292000	40000	59	0	0	0	0	0
20.097989	1	17	17	0	18883	5907	12976	14345
21.037967	2	18	5	1	0	0	17188	77	57	14480	83000	9000	1448	536	292000	40000	58	0	0	0	0	0
21.038060	1	18	18	0	18883	5907	12976	14345
22.134760	2	19	5	1	0	0	18284	78	57	14480	82500	9000	1448	536	292000	40000	58	0	0	0	0	0
22.134852	1	19	19	0	18883	5907	12976	14345
23.074919	2	20	5	1	0	0	19224	78	57	14480	83000	10000	1448	536	292000	40000	57	0	0	0	0	0
23.075011	1	20	20	0	18883	5907	12976	14345
24.014901	2	21	5	1	0	0	20164	78	57	14480	83000	10000	1448	536	292000	40000	57	0	0	0	0	0
24.015010	1	21	21	0	18883	5907	12976	14345
25.111767	2	22	5	1	0	0	21260	79	57	14480	83500	10000	1448	536	292000	40000	56	0	0	0	0	0
25.111862	1	22	22	0	18883	5907	12976	14345
26.051739	2	23	5	1	0	0	22200	79	57	14480	83500	10000	1448	536	292000	40000	56	0	0	0	0	0
26.051828	1	23	23	0	18883	5907	12976	14345
27.148490	2	24	5	1	0	0	23296	80	57	14480	84000	9000	1448	536	296000	40000	55	0	0	0	0	0
27.148582	1	24	24	0	18883	5907	12976	14345
28.088698	2	25	5	1	0	0	24240	80	57	14480	84500	9000	1448	536	296000	40000	55	0	0	0	0	0
28.088789	1	25	25	0	18883	5907	12976	14345
29.028565	2	26	5	1	0	4	25180	81	57	14480	91000	12000	1448	536	300000	40000	63	0	0	0	0	0
29.028659	1	26	26	0	18883	5907	12976	14345
30.125488	2	27	5	1	0	0	26276	81	57	14480	92000	12000	1448	536	304000	40000	63	0	0	0	0	0
30.125655	1	27	27	0	18883	5907	12976	14345
31.065553	2	28	5	1	0	0	27216	82	57	14480	92500	12000	1448	536	304000	40000	61	0	0	0	0	0
31.065644	1	28	28	0	18883	5907	12976	14345
32.005569	2	29	5	1	0	0	28156	82	57	14480	92500	11000	1448	536	304000	40000	61	0	0	0	0	0
32.005660	1	29	29	0	18883	5907	12976	14345
33.102350	2	30	5	1	0	0	29252	83	57	14480	93000	11000	1448	536	304000	40000	59	0	0	0	0	0
33.102439	1	30	30	0	18883	5907	12976	14345
34.042547	2	31	5	1	0	0	30192	83	57	14480	93000	12000	1448	536	304000	40000	59	0	0	0	0	0
34.042640	1	31	31	0	18883	5907	12976	14345
35.132181	2	32	5	1	0	44	31280	84	57	14480	90000	10000	1448	536	300000	40000	78	0	0	0	0	0
35.132270	1	32	32	0	18883	5907	12976	14345
36.072314	2	33	5	1	0	44	32220	84	57	14480	90000	8000	1448	536	300000	40000	78	0	0	0	0	0
36.072395	1	33	33	0	18883	5907	12976	14345
37.004597	2	34	5	1	0	8	33156	85	57	14480	92500	7000	1448	536	304000	40000	85	0	0	0	0	0
37.004694	1	34	34	0	18883	5907	12976	14345
38.110593	2	35	5	1	0	48	34260	85	57	14480	92000	11000	1448	536	304000	40000	80	0	0	0	0	0
38.110685	1	35	35	0	18883	5907	12976	14345
39.050746	2	36	5	1	0	48	35200	85	57	14480	92000	11000	1448	536	304000	40000	80	0	0	0	0	0
39.050839	1	36	36	0	18883	5907	12976	14345
40.139561	2	37	5	1	0	36	36288	86	57	14480	96500	7000	1448	536	308000	40000	74	0	0	0	0	0
40.139650	1	37	37	0	18883	5907	12976	14345
41.080009	2	38	5	1	0	36	37228	86	57	14480	96500	8000	1448	536	308000	40000	74	0	0	0	0	0
41.080100	1	38	38	0	18883	5907	12976	14345
42.076020	2	39	5	1	0	40	38224	87	57	14480	99000	7000	1448	536	308000	40000	78	0	0	0	0	0
42.076110	1	39	39	0	18883	5907	12976	14345
43.113847	2	40	5	1	0	0	39264	87	57	14480	96000	8000	1448	536	308000	40000	87	0	0	0	0	0
43.113940	1	40	40	0	18883	5907	12976	14345
44.004600	2	41	5	1	0	4	40156	88	57	14480	98500	7000	1448	536	308000	40000	88	0	0	0	0	0
44.004694	1	41	41	0	18883	5907	12976	14345
45.052788	2	42	5	1	0	44	41204	88	57	14480	97500	6000	1448	536	308000	40000	78	0	0	0	0	0
45.052881	1	42	42	0	18883	5907	12976	14345
46.004725	2	43	5	1	0	0	42156	89	57	14480	101000	9000	1448	536	312000	40000	89	0	0	0	0	0
46.004810	1	43	43	0	18883	5907	12976	14345
47.101770	2	44	5	1	0	0	43252	89	57	14480	101000	7000	1448	536	312000	40000	89	0	0	0	0	0
47.101862	1	44	44	0	18883	5907	12976	14345
48.078721	2	45	5	1	0	0	44228	90	57	14480	104000	3000	1448	536	316000	40000	90	0	0	0	0	0
48.078839	1	45	45	0	18883	5907	12976	14345
49.033785	2	46	5	1	0	0	45184	90	57	14480	106000	3000	1448	536	316000	40000	90	0	0	0	0	0
49.033877	1	46	46	0	18883	5907	12976	14345
50.167889	2	47	5	1	0	0	46316	91	57	14480	107500	3000	1448	536	316000	40000	90	0	0	0	0	0
50.167974	1	47	47	0	18883	5907	12976	14345
51.071829	2	48	5	1	0	0	47220	91	57	14480	113000	14000	1448	536	324000	40000	91	0	0	0	0	0
51.071919	1	48	48	0	18883	5907	12976	14345
52.011475	2	49	5	1	0	0	48160	91	57	14480	120000	21000	1448	536	332000	40000	90	0	0	0	0	0
52.011564	1	49	49	0	18883	5907	12976	14345
53.107443	2	50	5	1	0	0	49256	91	57	14480	122000	24000	1448	536	332000	40000	90	0	0	0	0	0
53.107535	1	50	50	0	18883	5907	12976	14345
54.046757	2	51	5	1	0	0	50196	91	57	14480	122000	25000	1448	536	332000	40000	90	0	0	0	0	0
54.046848	1	51	51	0	18883	5907	12976	14345
55.144447	2	52	5	1	0	0	51292	92	57	14480	114000	18000	1448	536	324000	40000	90	0	0	0	0	0
55.144538	1	52	52	0	18883	5907	12976	14345
56.084582	2	53	5	1	0	4	52236	92	57	14480	114000	17000	1448	536	324000	40000	90	0	0	0	0	0
56.084673	1	53	53	0	18883	5907	12976	14345
57.025812	2	54	5	1	0	0	53176	93	57	14480	114000	16000	1448	536	324000	40000	90	0	0	0	0	0
57.025904	1	54	54	0	18883	5907	12976	14345
58.122587	2	55	5	1	0	0	54272	93	57	14480	113500	16000	1448	536	324000	40000	90	0	0	0	0	0
58.122666	1	55	55	0	18883	5907	12976	14345
59.062411	2	56	5	1	0	0	55212	93	57	14480	113500	16000	1448	536	324000	40000	90	0	0	0	0	0
59.062501	1	56	56	0	18883	5907	12976	14345
60.004001	2	57	5	1	0	0	56152	94	57	14480	113000	16000	1448	536	324000	40000	90	0	0	0	0	0
60.004090	1	57	57	0	18883	5907	12976	14345
61.100758	2	58	5	1	0	0	57252	94	57	14480	113500	17000	1448	536	324000	40000	90	0	0	0	0	0
61.100988	1	58	58	0	18883	5907	12976	14345
62.041938	2	59	5	1	0	0	58192	95	57	14480	113000	15000	1448	536	324000	40000	90	0	0	0	0	0
62.042028	1	59	59	0	18883	5907	12976	14345
63.138980	2	60	5	1	0	0	59288	95	57	14480	113000	16000	1448	536	324000	40000	90	0	0	0	0	0
63.139061	1	60	60	0	18883	5907	12976	14345
64.078503	2	61	5	1	0	0	60228	95	57	14480	113000	16000	1448	536	324000	40000	90	0	0	0	0	0
64.078591	1	61	61	0	18883	5907	12976	14345
65.019801	2	62	5	1	0	0	61168	96	57	14480	112500	15000	1448	536	324000	40000	90	0	0	0	0	0
65.019894	1	62	62	0	18883	5907	12976	14345
66.116614	2	63	5	1	0	0	62268	96	57	14480	113000	17000	1448	536	324000	40000	90	0	0	0	0	0
66.116701	1	63	63	0	18883	5907	12976	14345
67.057971	2	64	5	1	0	0	63208	97	57	14480	113000	15000	1448	536	324000	40000	90	0	0	0	0	0
67.058063	1	64	64	0	18883	5907	12976	14345
68.004605	2	65	5	1	0	0	64156	97	57	14480	112500	15000	1448	536	324000	40000	97	0	0	0	0	0
68.004684	1	65	65	0	18883	5907	12976	14345
69.094793	2	66	5	1	0	0	65244	97	57	14480	112500	16000	1448	536	324000	40000	90	0	0	0	0	0
69.094882	1	66	66	0	18883	5907	12976	14345
70.183202	2	67	5	1	0	0	66332	98	57	14480	112000	16000	1448	536	324000	40000	90	0	0	0	0	0
70.183292	1	67	67	0	18883	5907	12976	14345
71.018423	2	68	5	1	0	0	67168	98	57	14480	112500	17000	1448	536	324000	40000	90	0	0	0	0	0
71.018507	1	68	68	0	18883	5907	12976	14345
72.062220	2	69	5	1	0	0	68212	98	57	14480	112500	17000	1448	536	324000	40000	90	0	0	0	0	0
72.062313	1	69	69	0	18883	5907	12976	14345
73.106410	2	70	5	1	0	0	69256	99	57	14480	113000	17000	1448	536	324000	40000	90	0	0	0	0	0
73.106504	1	70	70	0	18883	5907	12976	14345
74.150334	2	71	5	1	0	0	70300	99	57	14480	112500	17000	1448	536	324000	40000	90	0	0	0	0	0
74.150425	1	71	71	0	18883	5907	12976	14345
75.004617	2	72	5	1	0	12	71156	99	57	14480	112500	16000	1448	536	324000	40000	99	0	0	0	0	0
75.004713	1	72	72	0	18883	5907	12976	14345
76.029579	2	73	5	1	0	0	72180	100	57	14480	112500	16000	1448	536	324000	40000	90	0	0	0	0	0
76.029662	1	73	73	0	18883	5907	12976	14345
77.073223	2	74	5	1	0	0	73224	100	57	14480	113500	16000	1448	536	324000	40000	90	0	0	0	0	0
77.073317	1	74	74	0	18883	5907	12976	14345
78.117509	2	75	5	1	0	0	74268	100	57	14480	113000	16000	1448	536	324000	40000	90	0	0	0	0	0
78.117599	1	75	75	0	18883	5907	12976	14345
79.161383	2	76	5	1	0	0	75312	100	57	14480	113500	16000	1448	536	324000	40000	90	0	0	0	0	0
79.161475	1	76	76	0	18883	5907	12976	14345
80.004597	2	77	5	1	0	4	76156	101	57	14480	112500	17000	1448	536	324000	40000	101	0	0	0	0	0
80.004686	1	77	77	0	18883	5907	12976	14345
81.040601	2	78	5	1	0	4	77192	101	57	14480	112500	18000	1448	536	324000	40000	90	0	0	0	0	0
81.040687	1	78	78	0	18883	5907	12976	14345
82.084469	2	79	5	1	0	0	78232	101	57	14480	112500	18000	1448	536	324000	40000	90	0	0	0	0	0
82.084560	1	79	79	0	18883	5907	12976	14345
83.128481	2	80	5	1	0	0	79276	102	57	14480	112500	17000	1448	536	324000	40000	90	0	0	0	0	0
83.128573	1	80	80	0	18883	5907	12976	14345
84.172445	2	81	5	1	0	0	80320	102	57	14480	112500	17000	1448	536	324000	40000	90	0	0	0	0	0
84.172534	1	81	81	0	18883	5907	12976	14345
85.007611	2	82	5	1	0	0	81156	102	57	14480	112500	18000	1448	536	324000	40000	90	0	0	0	0	0
85.007701	1	82	82	0	18883	5907	12976	14345
86.051550	2	83	5	1	0	0	82200	102	57	14480	112500	18000	1448	536	324000	40000	90	0	0	0	0	0
86.051635	1	83	83	0	18883	5907	12976	14345
87.095528	2	84	5	1	0	0	83244	103	57	14480	112000	17000	1448	536	324000	40000	90	0	0	0	0	0
87.095621	1	84	84	0	18883	5907	12976	14345
88.139608	2	85	5	1	0	0	84288	103	57	14480	112000	17000	1448	536	324000	40000	90	0	0	0	0	0
88.139696	1	85	85	0	18883	5907	12976	14345
89.183410	2	86	5	1	0	0	85332	103	57	14480	112000	17000	1448	536	324000	40000	90	0	0	0	0	0
89.183502	1	86	86	0	18883	5907	12976	14345
90.018664	2	87	5	1	0	0	86168	103	57	14480	112500	17000	1448	536	324000	40000	90	0	0	0	0	0
90.018753	1	87	87	0	18883	5907	12976	14345
91.062687	2	88	5	1	0	0	87212	104	57	14480	112000	18000	1448	536	324000	40000	90	0	0	0	0	0
91.062777	1	88	88	0	18883	5907	12976	14345
92.106613	2	89	5	1	0	0	88256	104	57	14480	112000	18000	1448	536	324000	40000	90	0	0	0	0	0
92.106785	1	89	89	0	18883	5907	12976	14345
93.150549	2	90	5	1	0	0	89300	104	57	14480	112000	18000	1448	536	324000	40000	90	0	0	0	0	0
93.150633	1	90	90	0	18883	5907	12976	14345
94.107790	2	91	5	1	0	0	90256	105	57	14480	116000	14000	1448	536	328000	40000	90	0	0	0	0	0
94.107880	1	91	91	0	18883	5907	12976	14345
95.047741	2	92	5	1	0	0	91196	105	57	14480	120000	10000	1448	536	332000	40000	90	0	0	0	0	0
95.047832	1	92	92	0	18883	5907	12976	14345
96.144183	2	93	5	1	0	0	92292	105	57	14480	120000	10000	1448	536	332000	40000	90	0	0	0	0	0
96.144266	1	93	93	0	18883	5907	12976	14345
97.083943	2	94	5	1	0	0	93232	105	57	14480	120000	10000	1448	536	332000	40000	90	0	0	0	0	0
97.084036	1	94	94	0	18883	5907	12976	14345
98.025266	2	95	5	1	0	0	94176	106	57	14480	121000	9000	1448	536	332000	40000	90	0	0	0	0	0
98.025355	1	95	95	0	18883	5907	12976	14345
99.122024	2	96	5	1	0	0	95272	106	57	14480	118000	8000	1448	536	328000	40000	90	0	0	0	0	0
99.122116	1	96	96	0	18883	5907	12976	14345
100.062293	2	97	5	1	0	0	96212	107	57	14480	118000	8000	1448	536	328000	40000	90	0	0	0	0	0
100.062384	1	97	97	0	18883	5907	12976	14345
101.003674	2	98	5	1	0	0	97152	107	57	14480	118000	9000	1448	536	328000	40000	90	0	0	0	0	0
101.003766	1	98	98	0	18883	5907	12976	14345
102.100612	2	99	5	1	0	0	98252	107	57	14480	120500	12000	1448	536	332000	40000	90	0	0	0	0	0
102.100703	1	99	99	0	18883	5907	12976	14345
103.041980	2	100	5	1	0	0	99192	108	57	14480	121000	12000	1448	536	332000	40000	90	0	0	0	0	0
103.042072	1	100	100	0	18883	5907	12976	14345
104.138657	2	101	5	1	0	0	100288	108	57	14480	118000	10000	1448	536	328000	40000	90	0	0	0	0	0
104.138775	1	101	101	0	18883	5907	12976	14345
105.079028	2	102	5	1	0	0	101228	108	57	14480	118000	10000	1448	536	328000	40000	90	0	0	0	0	0
105.079120	1	102	102	0	18883	5907	12976	14345
106.020401	2	103	5	1	0	0	102168	109	57	14480	118000	10000	1448	536	328000	40000	90	0	0	0	0	0
106.020488	1	103	103	0	18883	5907	12976	14345
107.117353	2	104	5	1	0	0	103268	109	57	14480	120500	12000	1448	536	332000	40000	90	0	0	0	0	0
107.117447	1	104	104	0	18883	5907	12976	14345
108.057449	2	105	5	1	0	0	104208	109	57	14480	120500	12000	1448	536	332000	40000	90	0	0	0	0	0
108.057541	1	105	105	0	18883	5907	12976	14345
109.004611	2	106	5	1	0	0	105156	110	57	14480	121000	12000	1448	536	332000	40000	110	0	0	0	0	0
109.004708	1	106	106	0	18883	5907	12976	14345
110.095827	2	107	5	1	0	0	106244	110	57	14480	116500	11000	1448	536	328000	40000	90	0	0	0	0	0
110.095918	1	107	107	0	18883	5907	12976	14345
111.036124	2	108	5	1	0	0	107184	110	57	14480	117000	12000	1448	536	328000	40000	90	0	0	0	0	0
111.036215	1	108	108	0	18883	5907	12976	14345
112.134068	2	109	5	1	0	0	108284	111	57	14480	120000	13000	1448	536	332000	40000	90	0	0	0	0	0
112.134160	1	109	109	0	18883	5907	12976	14345
113.074200	2	110	5	1	0	0	109224	111	57	14480	120000	13000	1448	536	332000	40000	90	0	0	0	0	0
113.074293	1	110	110	0	18883	5907	12976	14345
114.014427	2	111	5	1	0	0	110164	111	57	14480	120000	13000	1448	536	332000	40000	90	0	0	0	0	0
114.014519	1	111	111	0	18883	5907	12976	14345
115.112473	2	112	5	1	0	0	111260	112	57	14480	121000	14000	1448	536	332000	40000	90	0	0	0	0	0
115.112566	1	112	112	0	18883	5907	12976	14345
116.052258	2	113	5	1	0	0	112200	112	57	14480	121000	15000	1448	536	332000	40000	90	0	0	0	0	0
116.052335	1	113	113	0	18883	5907	12976	14345
117.004599	2	114	5	1	0	8	113156	112	57	14480	121000	15000	1448	536	332000	40000	112	0	0	0	0	0
117.004695	1	114	114	0	18883	5907	12976	14345
118.088759	2	115	5	1	0	0	114240	112	57	14480	121500	16000	1448	536	332000	40000	90	0	0	0	0	0
118.088849	1	115	115	0	18883	5907	12976	14345
119.029430	2	116	5	1	0	0	115180	113	57	14480	120500	15000	1448	536	332000	40000	113	0	0	0	0	0
119.029523	1	116	116	0	18883	5907	12976	14345
120.125662	2	117	5	1	0	0	116276	113	57	14480	121500	16000	1448	536	332000	40000	113	0	0	0	0	0
120.125755	1	117	117	0	18883	5907	12976	14345
121.065151	2	118	5	1	0	0	117216	113	57	14480	121500	15000	1448	536	332000	40000	113	0	0	0	0	0
121.065241	1	118	118	0	18883	5907	12976	14345
122.004631	2	119	5	1	0	0	118156	113	57	14480	121500	16000	1448	536	332000	40000	113	0	0	0	0	0
122.004800	1	119	119	0	18883	5907	12976	14345
123.100735	2	120	5	1	0	0	119252	113	57	14480	121500	16000	1448	536	332000	40000	113	0	0	0	0	0
123.100821	1	120	120	0	18883	5907	12976	14345
124.041432	2	121	5	1	0	0	120192	114	57	14480	121500	16000	1448	536	332000	40000	114	0	0	0	0	0
124.041514	1	121	121	0	18883	5907	12976	14345
125.137636	2	122	5	1	0	0	121288	114	57	14480	121500	16000	1448	536	332000	40000	114	0	0	0	0	0
125.137729	1	122	122	0	18883	5907	12976	14345
126.077044	2	123	5	1	0	0	122228	114	57	14480	121500	15000	1448	536	332000	40000	114	0	0	0	0	0
126.077126	1	123	123	0	18883	5907	12976	14345
126.711657	3	1	5	10.1.1.1	45199	htdocs/file.txt
