protocol: 5
domain: yeah_500Mbps_100ms
start-time: 1424586658
sender-id: 2
app-name: tinyhttpd
schema: 0 _experiment_metadata subject:string key:string value:string 
schema: 1 _client_instrumentation measurements_injected:uint32 measurements_dropped:uint32 bytes_allocated:uint64 bytes_freed:uint64 bytes_in_use:uint64 bytes_max:uint64 
schema: 2 tinyhttpd_tcp socket:int32 state:int32 ca_state:int32 last_data_sent:int32 last_data_recv:int32 snd_cwnd:int32 snd_ssthresh:int32 rcv_ssthresh:int32 rtt:int32 rttvar:int32 snd_mss:int32 rcv_mss:int32 rto:int32 ato:int32 unacked:int32 sacked:int32 lost:int32 retrans:int32 fackets:int32 total_retrans:int32 
schema: 3 tinyhttpd_peer socket:int32 ip:string port:int32 file:string 
content: text

5.023656	2	1	5	1	0	0	708	24	111	7240	112000	17000	1448	536	504000	40000	24	0	0	0	0	0
5.024268	1	1	1	0	18892	5913	12979	14348
6.133276	2	2	5	1	0	0	1816	55	111	7240	103500	3000	1448	536	312000	40000	38	0	0	0	0	0
6.133351	1	2	2	0	18892	5913	12979	14348
7.149671	2	3	5	1	0	0	2832	85	111	7240	103500	3000	1448	536	312000	40000	85	0	0	0	0	0
7.149755	1	3	3	0	18892	5913	12979	14348
8.158870	2	4	5	1	0	88	3840	114	111	7240	103500	3000	1448	536	312000	40000	90	0	0	0	0	0
8.158952	1	4	4	0	18892	5913	12979	14348
9.176852	2	5	5	1	0	0	4860	123	111	7240	103500	3000	1448	536	312000	40000	123	0	0	0	0	0
9.176940	1	5	5	0	18892	5913	12979	14348
10.092975	2	6	5	1	0	0	5776	131	111	7240	103500	3000	1448	536	312000	40000	131	0	0	0	0	0
10.093050	1	6	6	0	18892	5913	12979	14348
11.013821	2	7	5	1	0	0	6696	140	111	7240	103500	6000	1448	536	312000	40000	135	0	0	0	0	0
11.013912	1	7	7	0	18892	5913	12979	14348
12.035609	2	8	5	1	0	0	7720	151	111	7240	104000	4000	1448	536	316000	40000	135	0	0	0	0	0
12.035682	1	8	8	0	18892	5913	12979	14348
13.076495	2	9	5	1	0	0	8760	163	111	7240	103500	3000	1448	536	312000	40000	135	0	0	0	0	0
13.076587	1	9	9	0	18892	5913	12979	14348
14.016857	2	10	5	1	0	0	9700	175	111	7240	103500	3000	1448	536	312000	40000	135	0	0	0	0	0
14.016942	1	10	10	0	18892	5913	12979	14348
15.080641	2	11	5	1	0	0	10764	185	111	7240	103500	3000	1448	536	312000	40000	135	0	0	0	0	0
15.080728	1	11	11	0	18892	5913	12979	14348
16.028688	2	12	5	1	0	0	11712	191	111	7240	103500	3000	1448	536	312000	40000	135	0	0	0	0	0
16.028767	1	12	12	0	18892	5913	12979	14348
17.092373	2	13	5	1	0	0	12776	197	111	7240	103500	3000	1448	536	312000	40000	135	0	0	0	0	0
17.092459	1	13	13	0	18892	5913	12979	14348
18.048609	2	14	5	1	0	0	13732	202	111	7240	103500	3000	1448	536	312000	40000	135	0	0	0	0	0
18.048696	1	14	14	0	18892	5913	12979	14348
19.003076	2	15	5	1	0	8	14688	205	111	7240	103500	3000	1448	536	312000	40000	135	0	0	0	0	0
19.003169	1	15	15	0	18892	5913	12979	14348
20.060515	2	16	5	1	0	0	15744	209	111	7240	103500	3000	1448	536	312000	40000	135	0	0	0	0	0
20.060594	1	16	16	0	18892	5913	12979	14348
21.016661	2	17	5	1	0	0	16700	211	111	7240	103500	3000	1448	536	312000	40000	135	0	0	0	0	0
21.016748	1	17	17	0	18892	5913	12979	14348
22.072819	2	18	5	1	0	0	17756	214	111	7240	103500	3000	1448	536	312000	40000	135	0	0	0	0	0
22.072895	1	18	18	0	18892	5913	12979	14348
23.028462	2	19	5	1	0	0	18712	216	111	7240	103500	3000	1448	536	312000	40000	135	0	0	0	0	0
23.028551	1	19	19	0	18892	5913	12979	14348
24.084671	2	20	5	1	0	0	19768	216	111	7240	103500	3000	1448	536	312000	40000	135	0	0	0	0	0
24.084750	1	20	20	0	18892	5913	12979	14348
25.032543	2	21	5	1	0	0	20716	218	111	7240	103500	3000	1448	536	312000	40000	135	0	0	0	0	0
25.032629	1	21	21	0	18892	5913	12979	14348
26.003085	2	22	5	1	0	0	21688	219	111	7240	103500	3000	1448	536	312000	40000	158	0	0	0	0	0
26.003162	1	22	22	0	18892	5913	12979	14348
27.052636	2	23	5	1	0	0	22736	220	111	7240	103500	3000	1448	536	312000	40000	135	0	0	0	0	0
27.052727	1	23	23	0	18892	5913	12979	14348
28.003090	2	24	5	1	0	4	23688	221	111	7240	103500	3000	1448	536	312000	40000	135	0	0	0	0	0
28.003178	1	24	24	0	18892	5913	12979	14348
29.064572	2	25	5	1	0	0	24748	221	111	7240	103500	3000	1448	536	312000	40000	135	0	0	0	0	0
29.064663	1	25	25	0	18892	5913	12979	14348
30.012800	2	26	5	1	0	0	25696	221	111	7240	103500	3000	1448	536	312000	40000	135	0	0	0	0	0
30.012967	1	26	26	0	18892	5913	12979	14348
31.076301	2	27	5	1	0	0	26760	221	111	7240	103500	3000	1448	536	312000	40000	135	0	0	0	0	0
31.076410	1	27	27	0	18892	5913	12979	14348
32.032720	2	28	5	1	0	0	27716	221	111	7240	103500	3000	1448	536	312000	40000	135	0	0	0	0	0
32.032797	1	28	28	0	18892	5913	12979	14348
33.088804	2	29	5	1	0	0	28772	221	111	7240	103500	3000	1448	536	312000	40000	135	0	0	0	0	0
33.088893	1	29	29	0	18892	5913	12979	14348
34.044698	2	30	5	1	0	0	29728	221	111	7240	103500	3000	1448	536	312000	40000	135	0	0	0	0	0
34.044781	1	30	30	0	18892	5913	12979	14348
35.003076	2	31	5	1	0	4	30688	221	111	7240	103500	3000	1448	536	312000	40000	135	0	0	0	0	0
35.003155	1	31	31	0	18892	5913	12979	14348
36.056836	2	32	5	1	0	0	31740	221	111	7240	103500	3000	1448	536	312000	40000	135	0	0	0	0	0
36.056914	1	32	32	0	18892	5913	12979	14348
37.012728	2	33	5	1	0	0	32696	221	111	7240	103500	3000	1448	536	312000	40000	135	0	0	0	0	0
37.012818	1	33	33	0	18892	5913	12979	14348
38.068672	2	34	5	1	0	0	33752	221	111	7240	103500	3000	1448	536	312000	40000	135	0	0	0	0	0
38.068759	1	34	34	0	18892	5913	12979	14348
39.024652	2	35	5	1	0	0	34708	221	111	7240	103500	3000	1448	536	312000	40000	135	0	0	0	0	0
39.024740	1	35	35	0	18892	5913	12979	14348
40.088705	2	36	5	1	0	0	35772	221	111	7240	103500	3000	1448	536	312000	40000	135	0	0	0	0	0
40.088781	1	36	36	0	18892	5913	12979	14348
41.036766	2	37	5	1	0	0	36720	221	111	7240	103500	3000	1448	536	312000	40000	135	0	0	0	0	0
41.036859	1	37	37	0	18892	5913	12979	14348
42.003076	2	38	5	1	0	4	37688	221	111	7240	103500	3000	1448	536	312000	40000	164	0	0	0	0	0
42.003166	1	38	38	0	18892	5913	12979	14348
43.048927	2	39	5	1	0	0	38732	221	111	7240	103500	3000	1448	536	312000	40000	135	0	0	0	0	0
43.049016	1	39	39	0	18892	5913	12979	14348
44.004638	2	40	5	1	0	0	39688	221	111	7240	103500	3000	1448	536	312000	40000	135	0	0	0	0	0
44.004717	1	40	40	0	18892	5913	12979	14348
45.068721	2	41	5	1	0	0	40752	221	111	7240	103500	3000	1448	536	312000	40000	135	0	0	0	0	0
45.068806	1	41	41	0	18892	5913	12979	14348
46.016887	2	42	5	1	0	0	41700	221	111	7240	103500	3000	1448	536	312000	40000	135	0	0	0	0	0
46.016963	1	42	42	0	18892	5913	12979	14348
47.080594	2	43	5	1	0	0	42764	221	111	7240	103500	3000	1448	536	312000	40000	135	0	0	0	0	0
47.080683	1	43	43	0	18892	5913	12979	14348
48.036496	2	44	5	1	0	0	43720	221	111	7240	103500	3000	1448	536	312000	40000	135	0	0	0	0	0
48.036583	1	44	44	0	18892	5913	12979	14348
49.092755	2	45	5	1	0	0	44776	221	111	7240	103500	3000	1448	536	312000	40000	135	0	0	0	0	0
49.092845	1	45	45	0	18892	5913	12979	14348
50.048530	2	46	5	1	0	0	45732	221	111	7240	103500	3000	1448	536	312000	40000	135	0	0	0	0	0
50.048604	1	46	46	0	18892	5913	12979	14348
51.003083	2	47	5	1	0	0	46688	221	111	7240	103500	3000	1448	536	312000	40000	155	0	0	0	0	0
51.003170	1	47	47	0	18892	5913	12979	14348
52.060497	2	48	5	1	0	0	47744	221	111	7240	103500	3000	1448	536	312000	40000	135	0	0	0	0	0
52.060583	1	48	48	0	18892	5913	12979	14348
53.016594	2	49	5	1	0	0	48700	221	111	7240	103500	3000	1448	536	312000	40000	135	0	0	0	0	0
53.016685	1	49	49	0	18892	5913	12979	14348
54.072689	2	50	5	1	0	0	49756	221	111	7240	103500	3000	1448	536	312000	40000	135	0	0	0	0	0
54.072775	1	50	50	0	18892	5913	12979	14348
55.028518	2	51	5	1	0	0	50712	221	111	7240	103500	3000	1448	536	312000	40000	135	0	0	0	0	0
55.028598	1	51	51	0	18892	5913	12979	14348
56.084829	2	52	5	1	0	0	51768	221	111	7240	103500	3000	1448	536	312000	40000	135	0	0	0	0	0
56.084910	1	52	52	0	18892	5913	12979	14348
57.032837	2	53	5	1	0	0	52716	221	111	7240	103500	3000	1448	536	312000	40000	135	0	0	0	0	0
57.032928	1	53	53	0	18892	5913	12979	14348
58.096593	2	54	5	1	0	0	53780	221	111	7240	103500	3000	1448	536	312000	40000	135	0	0	0	0	0
58.096671	1	54	54	0	18892	5913	12979	14348
59.044744	2	55	5	1	0	0	54728	221	111	7240	103500	3000	1448	536	312000	40000	135	0	0	0	0	0
59.044836	1	55	55	0	18892	5913	12979	14348
60.007071	2	56	5	1	0	8	55692	221	111	7240	103500	3000	1448	536	312000	40000	135	0	0	0	0	0
60.007144	1	56	56	0	18892	5913	12979	14348
61.064767	2	57	5	1	0	0	56748	221	111	7240	103500	3000	1448	536	312000	40000	135	0	0	0	0	0
61.064945	1	57	57	0	18892	5913	12979	14348
62.013098	2	58	5	1	0	0	57696	221	111	7240	103500	3000	1448	536	312000	40000	135	0	0	0	0	0
62.013182	1	58	58	0	18892	5913	12979	14348
63.076514	2	59	5	1	0	0	58760	221	111	7240	103500	3000	1448	536	312000	40000	135	0	0	0	0	0
63.076612	1	59	59	0	18892	5913	12979	14348
64.032689	2	60	5	1	0	0	59716	221	111	7240	103500	3000	1448	536	312000	40000	135	0	0	0	0	0
64.032772	1	60	60	0	18892	5913	12979	14348
65.088639	2	61	5	1	0	0	60772	221	111	7240	103500	3000	1448	536	312000	40000	135	0	0	0	0	0
65.088724	1	61	61	0	18892	5913	12979	14348
66.044512	2	62	5	1	0	0	61728	221	111	7240	103500	3000	1448	536	312000	40000	135	0	0	0	0	0
66.044591	1	62	62	0	18892	5913	12979	14348
67.007085	2	63	5	1	0	0	62692	221	111	7240	103500	3000	1448	536	312000	40000	172	0	0	0	0	0
67.007178	1	63	63	0	18892	5913	12979	14348
68.056722	2	64	5	1	0	0	63740	221	111	7240	103500	3000	1448	536	312000	40000	135	0	0	0	0	0
68.056808	1	64	64	0	18892	5913	12979	14348
69.012503	2	65	5	1	0	0	64696	221	111	7240	103500	3000	1448	536	312000	40000	135	0	0	0	0	0
69.012595	1	65	65	0	18892	5913	12979	14348
70.068747	2	66	5	1	0	0	65752	221	111	7240	103500	3000	1448	536	312000	40000	135	0	0	0	0	0
70.068832	1	66	66	0	18892	5913	12979	14348
71.024519	2	67	5	1	0	0	66708	221	111	7240	103500	3000	1448	536	312000	40000	135	0	0	0	0	0
71.024603	1	67	67	0	18892	5913	12979	14348
72.081104	2	68	5	1	0	0	67764	221	111	7240	103500	3000	1448	536	312000	40000	135	0	0	0	0	0
72.081190	1	68	68	0	18892	5913	12979	14348
73.036817	2	69	5	1	0	0	68720	221	111	7240	103500	3000	1448	536	312000	40000	135	0	0	0	0	0
73.036904	1	69	69	0	18892	5913	12979	14348
74.092786	2	70	5	1	0	0	69776	221	111	7240	103500	3000	1448	536	312000	40000	135	0	0	0	0	0
74.092870	1	70	70	0	18892	5913	12979	14348
74.532113	3	1	5	10.1.1.1	37009	htdocs/file.txt
