protocol: 5
domain: yeah_500Mbps_200ms
start-time: 1424587281
sender-id: 2
app-name: tinyhttpd
schema: 0 _experiment_metadata subject:string key:string value:string 
schema: 1 _client_instrumentation measurements_injected:uint32 measurements_dropped:uint32 bytes_allocated:uint64 bytes_freed:uint64 bytes_in_use:uint64 bytes_max:uint64 
schema: 2 tinyhttpd_tcp socket:int32 state:int32 ca_state:int32 last_data_sent:int32 last_data_recv:int32 snd_cwnd:int32 snd_ssthresh:int32 rcv_ssthresh:int32 rtt:int32 rttvar:int32 snd_mss:int32 rcv_mss:int32 rto:int32 ato:int32 unacked:int32 sacked:int32 lost:int32 retrans:int32 fackets:int32 total_retrans:int32 
schema: 3 tinyhttpd_peer socket:int32 ip:string port:int32 file:string 
content: text

5.138816	2	1	5	1	0	0	600	14	111	7240	211500	26000	1448	536	680000	40000	8	0	0	0	0	0
5.139472	1	1	1	0	18892	5913	12979	14348
6.143308	2	2	5	1	0	0	1608	27	111	7240	204000	5000	1448	536	476000	40000	21	0	0	0	0	0
6.143380	1	2	2	0	18892	5913	12979	14348
7.147867	2	3	5	1	0	0	2612	39	111	7240	204000	3000	1448	536	428000	40000	39	0	0	0	0	0
7.147987	1	3	3	0	18892	5913	12979	14348
8.151597	2	4	5	1	0	0	3616	51	111	7240	204000	4000	1448	536	416000	40000	35	0	0	0	0	0
8.151676	1	4	4	0	18892	5913	12979	14348
9.362527	2	5	5	1	0	0	4824	66	111	7240	203500	3000	1448	536	412000	40000	45	0	0	0	0	0
9.362613	1	5	5	0	18892	5913	12979	14348
10.170596	2	6	5	1	0	0	5632	78	111	7240	203500	3000	1448	536	412000	40000	78	0	0	0	0	0
10.170696	1	6	6	0	18892	5913	12979	14348
11.377651	2	7	5	1	0	0	6840	99	111	7240	203500	3000	1448	536	412000	40000	93	0	0	0	0	0
11.377743	1	7	7	0	18892	5913	12979	14348
12.181679	2	8	5	1	0	0	7644	111	111	7240	203500	3000	1448	536	412000	40000	90	0	0	0	0	0
12.181766	1	8	8	0	18892	5913	12979	14348
13.003080	2	9	5	1	0	0	8468	116	111	7240	203500	3000	1448	536	412000	40000	116	0	0	0	0	0
13.003155	1	9	9	0	18892	5913	12979	14348
14.022061	2	10	5	1	0	0	9484	121	111	7240	203500	3000	1448	536	412000	40000	90	0	0	0	0	0
14.022150	1	10	10	0	18892	5913	12979	14348
15.005357	2	11	5	1	0	0	10468	125	111	7240	203500	3000	1448	536	412000	40000	125	0	0	0	0	0
15.005430	1	11	11	0	18892	5913	12979	14348
16.040172	2	12	5	1	0	0	11504	130	111	7240	203500	4000	1448	536	412000	40000	96	0	0	0	0	0
16.040258	1	12	12	0	18892	5913	12979	14348
17.064174	2	13	5	1	0	0	12528	134	111	7240	203500	3000	1448	536	412000	40000	95	0	0	0	0	0
17.064256	1	13	13	0	18892	5913	12979	14348
18.082564	2	14	5	1	0	0	13544	139	111	7240	203500	3000	1448	536	412000	40000	135	0	0	0	0	0
18.082651	1	14	14	0	18892	5913	12979	14348
19.087352	2	15	5	1	0	0	14552	144	111	7240	204000	4000	1448	536	416000	40000	135	0	0	0	0	0
19.087434	1	15	15	0	18892	5913	12979	14348
20.098953	2	16	5	1	0	0	15560	150	111	7240	203500	3000	1448	536	412000	40000	135	0	0	0	0	0
20.099042	1	16	16	0	18892	5913	12979	14348
21.115113	2	17	5	1	0	0	16580	156	111	7240	204000	4000	1448	536	416000	40000	135	0	0	0	0	0
21.115190	1	17	17	0	18892	5913	12979	14348
22.127798	2	18	5	1	0	0	17592	163	111	7240	204000	3000	1448	536	416000	40000	135	0	0	0	0	0
22.127885	1	18	18	0	18892	5913	12979	14348
23.148765	2	19	5	1	0	0	18612	169	111	7240	203500	3000	1448	536	412000	40000	135	0	0	0	0	0
23.148843	1	19	19	0	18892	5913	12979	14348
24.172910	2	20	5	1	0	0	19636	176	111	7240	203500	3000	1448	536	412000	40000	135	0	0	0	0	0
24.173001	1	20	20	0	18892	5913	12979	14348
25.027189	2	21	5	1	0	0	20492	181	111	7240	208500	13000	1448	536	420000	40000	88	0	0	0	0	0
25.027262	1	21	21	0	18892	5913	12979	14348
26.052745	2	22	5	1	0	0	21516	185	111	7240	203500	3000	1448	536	412000	40000	135	0	0	0	0	0
26.052835	1	22	22	0	18892	5913	12979	14348
27.084577	2	23	5	1	0	0	22548	188	111	7240	203500	3000	1448	536	412000	40000	135	0	0	0	0	0
27.084663	1	23	23	0	18892	5913	12979	14348
28.116710	2	24	5	1	0	0	23580	191	111	7240	203500	3000	1448	536	412000	40000	135	0	0	0	0	0
28.116799	1	24	24	0	18892	5913	12979	14348
29.140988	2	25	5	1	0	0	24604	194	111	7240	203500	3000	1448	536	412000	40000	135	0	0	0	0	0
29.141062	1	25	25	0	18892	5913	12979	14348
30.172581	2	26	5	1	0	0	25636	198	111	7240	203500	3000	1448	536	412000	40000	135	0	0	0	0	0
30.172664	1	26	26	0	18892	5913	12979	14348
31.003082	2	27	5	1	0	0	26468	200	111	7240	203500	3000	1448	536	412000	40000	165	0	0	0	0	0
31.003161	1	27	27	0	18892	5913	12979	14348
32.028460	2	28	5	1	0	0	27492	202	111	7240	203500	3000	1448	536	412000	40000	135	0	0	0	0	0
32.028549	1	28	28	0	18892	5913	12979	14348
33.060888	2	29	5	1	0	0	28524	204	111	7240	203500	3000	1448	536	412000	40000	135	0	0	0	0	0
33.060976	1	29	29	0	18892	5913	12979	14348
34.085051	2	30	5	1	0	0	29548	206	111	7240	203500	3000	1448	536	412000	40000	135	0	0	0	0	0
34.085133	1	30	30	0	18892	5913	12979	14348
35.116725	2	31	5	1	0	0	30580	208	111	7240	203500	3000	1448	536	412000	40000	135	0	0	0	0	0
35.116805	1	31	31	0	18892	5913	12979	14348
36.148510	2	32	5	1	0	0	31612	209	111	7240	203500	3000	1448	536	412000	40000	135	0	0	0	0	0
36.148593	1	32	32	0	18892	5913	12979	14348
37.180459	2	33	5	1	0	0	32644	211	111	7240	203500	3000	1448	536	412000	40000	135	0	0	0	0	0
37.180550	1	33	33	0	18892	5913	12979	14348
38.004513	2	34	5	1	0	0	33468	212	111	7240	203500	3000	1448	536	412000	40000	135	0	0	0	0	0
38.004599	1	34	34	0	18892	5913	12979	14348
39.028851	2	35	5	1	0	0	34492	213	111	7240	203500	3000	1448	536	412000	40000	135	0	0	0	0	0
39.028921	1	35	35	0	18892	5913	12979	14348
40.060550	2	36	5	1	0	0	35524	215	111	7240	203500	3000	1448	536	412000	40000	135	0	0	0	0	0
40.060637	1	36	36	0	18892	5913	12979	14348
41.092568	2	37	5	1	0	0	36556	216	111	7240	203500	3000	1448	536	412000	40000	135	0	0	0	0	0
41.092645	1	37	37	0	18892	5913	12979	14348
42.124652	2	38	5	1	0	0	37588	216	111	7240	203500	3000	1448	536	412000	40000	135	0	0	0	0	0
42.124739	1	38	38	0	18892	5913	12979	14348
43.148973	2	39	5	1	0	0	38612	217	111	7240	203500	3000	1448	536	412000	40000	135	0	0	0	0	0
43.149052	1	39	39	0	18892	5913	12979	14348
44.180701	2	40	5	1	0	0	39644	218	111	7240	203500	3000	1448	536	412000	40000	135	0	0	0	0	0
44.180787	1	40	40	0	18892	5913	12979	14348
45.004751	2	41	5	1	0	0	40468	219	111	7240	203500	3000	1448	536	412000	40000	135	0	0	0	0	0
45.004827	1	41	41	0	18892	5913	12979	14348
46.036687	2	42	5	1	0	0	41500	219	111	7240	203500	3000	1448	536	412000	40000	135	0	0	0	0	0
46.036777	1	42	42	0	18892	5913	12979	14348
47.068490	2	43	5	1	0	0	42532	219	111	7240	203500	3000	1448	536	412000	40000	135	0	0	0	0	0
47.068575	1	43	43	0	18892	5913	12979	14348
48.092935	2	44	5	1	0	0	43556	220	111	7240	203500	3000	1448	536	412000	40000	135	0	0	0	0	0
48.093026	1	44	44	0	18892	5913	12979	14348
49.124762	2	45	5	1	0	0	44588	220	111	7240	203500	3000	1448	536	412000	40000	135	0	0	0	0	0
49.124833	1	45	45	0	18892	5913	12979	14348
50.156519	2	46	5	1	0	0	45620	221	111	7240	203500	3000	1448	536	412000	40000	135	0	0	0	0	0
50.156641	1	46	46	0	18892	5913	12979	14348
51.188866	2	47	5	1	0	0	46652	221	111	7240	203500	3000	1448	536	412000	40000	135	0	0	0	0	0
51.188950	1	47	47	0	18892	5913	12979	14348
52.012684	2	48	5	1	0	0	47476	221	111	7240	203500	3000	1448	536	412000	40000	135	0	0	0	0	0
52.012772	1	48	48	0	18892	5913	12979	14348
53.036938	2	49	5	1	0	0	48500	221	111	7240	203500	3000	1448	536	412000	40000	135	0	0	0	0	0
53.037017	1	49	49	0	18892	5913	12979	14348
54.068680	2	50	5	1	0	0	49532	221	111	7240	203500	3000	1448	536	412000	40000	135	0	0	0	0	0
54.068762	1	50	50	0	18892	5913	12979	14348
55.100545	2	51	5	1	0	0	50564	221	111	7240	203500	3000	1448	536	412000	40000	135	0	0	0	0	0
55.100625	1	51	51	0	18892	5913	12979	14348
56.132919	2	52	5	1	0	0	51596	221	111	7240	203500	4000	1448	536	412000	40000	135	0	0	0	0	0
56.133006	1	52	52	0	18892	5913	12979	14348
57.156897	2	53	5	1	0	0	52620	221	111	7240	203500	3000	1448	536	412000	40000	135	0	0	0	0	0
57.156982	1	53	53	0	18892	5913	12979	14348
58.188537	2	54	5	1	0	0	53652	221	111	7240	203500	3000	1448	536	412000	40000	135	0	0	0	0	0
58.188628	1	54	54	0	18892	5913	12979	14348
59.012604	2	55	5	1	0	0	54476	221	111	7240	203500	3000	1448	536	412000	40000	135	0	0	0	0	0
59.012672	1	55	55	0	18892	5913	12979	14348
60.044475	2	56	5	1	0	0	55508	221	111	7240	203500	3000	1448	536	412000	40000	135	0	0	0	0	0
60.044564	1	56	56	0	18892	5913	12979	14348
61.100679	2	57	5	1	0	0	56564	221	111	7240	208500	13000	1448	536	420000	40000	88	0	0	0	0	0
61.100845	1	57	57	0	18892	5913	12979	14348
62.132614	2	58	5	1	0	0	57596	221	111	7240	203500	3000	1448	536	412000	40000	135	0	0	0	0	0
62.132703	1	58	58	0	18892	5913	12979	14348
63.164501	2	59	5	1	0	0	58628	221	111	7240	203500	3000	1448	536	412000	40000	135	0	0	0	0	0
63.164587	1	59	59	0	18892	5913	12979	14348
64.003071	2	60	5	1	0	8	59468	221	111	7240	203500	3000	1448	536	412000	40000	164	0	0	0	0	0
64.003152	1	60	60	0	18892	5913	12979	14348
65.020540	2	61	5	1	0	0	60484	221	111	7240	203500	3000	1448	536	412000	40000	135	0	0	0	0	0
65.020628	1	61	61	0	18892	5913	12979	14348
66.044767	2	62	5	1	0	0	61508	221	111	7240	203500	3000	1448	536	412000	40000	135	0	0	0	0	0
66.044858	1	62	62	0	18892	5913	12979	14348
67.076461	2	63	5	1	0	0	62540	221	111	7240	203500	3000	1448	536	412000	40000	135	0	0	0	0	0
67.076547	1	63	63	0	18892	5913	12979	14348
68.108662	2	64	5	1	0	0	63572	221	111	7240	203500	3000	1448	536	412000	40000	135	0	0	0	0	0
68.108751	1	64	64	0	18892	5913	12979	14348
69.132875	2	65	5	1	0	0	64596	221	111	7240	203500	3000	1448	536	412000	40000	135	0	0	0	0	0
69.132948	1	65	65	0	18892	5913	12979	14348
70.164703	2	66	5	1	0	0	65628	221	111	7240	203500	3000	1448	536	412000	40000	135	0	0	0	0	0
70.164790	1	66	66	0	18892	5913	12979	14348
71.003081	2	67	5	1	0	0	66468	221	111	7240	203500	3000	1448	536	412000	40000	158	0	0	0	0	0
71.003162	1	67	67	0	18892	5913	12979	14348
72.020308	2	68	5	1	0	0	67484	221	111	7240	203500	3000	1448	536	412000	40000	135	0	0	0	0	0
72.020394	1	68	68	0	18892	5913	12979	14348
73.052594	2	69	5	1	0	0	68516	221	111	7240	203500	3000	1448	536	412000	40000	135	0	0	0	0	0
73.052673	1	69	69	0	18892	5913	12979	14348
74.076928	2	70	5	1	0	0	69540	221	111	7240	203500	3000	1448	536	412000	40000	135	0	0	0	0	0
74.077015	1	70	70	0	18892	5913	12979	14348
75.108540	2	71	5	1	0	0	70572	221	111	7240	203500	3000	1448	536	412000	40000	135	0	0	0	0	0
75.108623	1	71	71	0	18892	5913	12979	14348
76.140534	2	72	5	1	0	0	71604	221	111	7240	203500	3000	1448	536	412000	40000	135	0	0	0	0	0
76.140622	1	72	72	0	18892	5913	12979	14348
77.172684	2	73	5	1	0	0	72636	221	111	7240	203500	3000	1448	536	412000	40000	135	0	0	0	0	0
77.172768	1	73	73	0	18892	5913	12979	14348
78.003079	2	74	5	1	0	8	73468	221	111	7240	203500	3000	1448	536	412000	40000	135	0	0	0	0	0
78.003163	1	74	74	0	18892	5913	12979	14348
79.021152	2	75	5	1	0	0	74484	221	111	7240	203500	3000	1448	536	412000	40000	135	0	0	0	0	0
79.021224	1	75	75	0	18892	5913	12979	14348
80.052606	2	76	5	1	0	0	75516	221	111	7240	203500	3000	1448	536	412000	40000	135	0	0	0	0	0
80.052692	1	76	76	0	18892	5913	12979	14348
81.084519	2	77	5	1	0	0	76548	221	111	7240	203500	3000	1448	536	412000	40000	135	0	0	0	0	0
81.084596	1	77	77	0	18892	5913	12979	14348
82.116482	2	78	5	1	0	0	77580	221	111	7240	203500	3000	1448	536	412000	40000	135	0	0	0	0	0
82.116568	1	78	78	0	18892	5913	12979	14348
83.140836	2	79	5	1	0	0	78604	221	111	7240	203500	3000	1448	536	412000	40000	135	0	0	0	0	0
83.140929	1	79	79	0	18892	5913	12979	14348
84.172676	2	80	5	1	0	0	79636	221	111	7240	203500	3000	1448	536	412000	40000	135	0	0	0	0	0
84.172767	1	80	80	0	18892	5913	12979	14348
85.003079	2	81	5	1	0	0	80468	221	111	7240	203500	3000	1448	536	412000	40000	165	0	0	0	0	0
85.003157	1	81	81	0	18892	5913	12979	14348
86.028238	2	82	5	1	0	0	81492	221	111	7240	203500	3000	1448	536	412000	40000	135	0	0	0	0	0
86.028318	1	82	82	0	18892	5913	12979	14348
87.060856	2	83	5	1	0	0	82524	221	111	7240	203500	3000	1448	536	412000	40000	135	0	0	0	0	0
87.060930	1	83	83	0	18892	5913	12979	14348
88.084853	2	84	5	1	0	0	83548	221	111	7240	203500	3000	1448	536	412000	40000	135	0	0	0	0	0
88.084945	1	84	84	0	18892	5913	12979	14348
89.116703	2	85	5	1	0	0	84580	221	111	7240	203500	3000	1448	536	412000	40000	135	0	0	0	0	0
89.116784	1	85	85	0	18892	5913	12979	14348
90.148445	2	86	5	1	0	0	85612	221	111	7240	203500	3000	1448	536	412000	40000	135	0	0	0	0	0
90.148534	1	86	86	0	18892	5913	12979	14348
91.180668	2	87	5	1	0	0	86644	221	111	7240	203500	3000	1448	536	412000	40000	135	0	0	0	0	0
91.180744	1	87	87	0	18892	5913	12979	14348
92.004652	2	88	5	1	0	0	87468	221	111	7240	203500	3000	1448	536	412000	40000	135	0	0	0	0	0
92.004821	1	88	88	0	18892	5913	12979	14348
93.028731	2	89	5	1	0	0	88492	221	111	7240	203500	3000	1448	536	412000	40000	135	0	0	0	0	0
93.028817	1	89	89	0	18892	5913	12979	14348
94.060720	2	90	5	1	0	0	89524	221	111	7240	203500	3000	1448	536	412000	40000	135	0	0	0	0	0
94.060808	1	90	90	0	18892	5913	12979	14348
95.092588	2	91	5	1	0	0	90556	221	111	7240	203500	3000	1448	536	412000	40000	135	0	0	0	0	0
95.092673	1	91	91	0	18892	5913	12979	14348
96.124632	2	92	5	1	0	0	91588	221	111	7240	203500	3000	1448	536	412000	40000	135	0	0	0	0	0
96.124711	1	92	92	0	18892	5913	12979	14348
97.156629	2	93	5	1	0	0	92620	221	111	7240	204000	4000	1448	536	416000	40000	135	0	0	0	0	0
97.156712	1	93	93	0	18892	5913	12979	14348
98.180465	2	94	5	1	0	0	93644	221	111	7240	203500	3000	1448	536	412000	40000	135	0	0	0	0	0
98.180558	1	94	94	0	18892	5913	12979	14348
99.004480	2	95	5	1	0	0	94468	221	111	7240	203500	3000	1448	536	412000	40000	135	0	0	0	0	0
99.004555	1	95	95	0	18892	5913	12979	14348
100.036625	2	96	5	1	0	0	95500	221	111	7240	203500	3000	1448	536	412000	40000	135	0	0	0	0	0
100.036717	1	96	96	0	18892	5913	12979	14348
101.060846	2	97	5	1	0	0	96524	221	111	7240	203500	3000	1448	536	412000	40000	135	0	0	0	0	0
101.060917	1	97	97	0	18892	5913	12979	14348
102.092391	2	98	5	1	0	0	97556	221	111	7240	203500	3000	1448	536	412000	40000	135	0	0	0	0	0
102.092478	1	98	98	0	18892	5913	12979	14348
103.124510	2	99	5	1	0	0	98588	221	111	7240	203500	3000	1448	536	412000	40000	135	0	0	0	0	0
103.124595	1	99	99	0	18892	5913	12979	14348
104.156462	2	100	5	1	0	0	99620	221	111	7240	203500	3000	1448	536	412000	40000	135	0	0	0	0	0
104.156553	1	100	100	0	18892	5913	12979	14348
105.180753	2	101	5	1	0	0	100644	221	111	7240	203500	3000	1448	536	412000	40000	135	0	0	0	0	0
105.180835	1	101	101	0	18892	5913	12979	14348
106.004930	2	102	5	1	0	0	101468	221	111	7240	203500	3000	1448	536	412000	40000	135	0	0	0	0	0
106.005008	1	102	102	0	18892	5913	12979	14348
107.036714	2	103	5	1	0	0	102500	221	111	7240	203500	3000	1448	536	412000	40000	135	0	0	0	0	0
107.036803	1	103	103	0	18892	5913	12979	14348
108.068498	2	104	5	1	0	0	103532	221	111	7240	203500	3000	1448	536	412000	40000	135	0	0	0	0	0
108.068591	1	104	104	0	18892	5913	12979	14348
109.100651	2	105	5	1	0	0	104564	221	111	7240	203500	3000	1448	536	412000	40000	135	0	0	0	0	0
109.100727	1	105	105	0	18892	5913	12979	14348
110.125015	2	106	5	1	0	0	105588	221	111	7240	203500	3000	1448	536	412000	40000	135	0	0	0	0	0
110.125106	1	106	106	0	18892	5913	12979	14348
111.156658	2	107	5	1	0	0	106620	221	111	7240	203500	3000	1448	536	412000	40000	135	0	0	0	0	0
111.156729	1	107	107	0	18892	5913	12979	14348
112.188538	2	108	5	1	0	0	107652	221	111	7240	203500	3000	1448	536	412000	40000	135	0	0	0	0	0
112.188627	1	108	108	0	18892	5913	12979	14348
113.012597	2	109	5	1	0	0	108476	221	111	7240	203500	3000	1448	536	412000	40000	135	0	0	0	0	0
113.012678	1	109	109	0	18892	5913	12979	14348
114.044602	2	110	5	1	0	0	109508	221	111	7240	203500	3000	1448	536	412000	40000	135	0	0	0	0	0
114.044689	1	110	110	0	18892	5913	12979	14348
115.068660	2	111	5	1	0	0	110532	221	111	7240	203500	3000	1448	536	412000	40000	135	0	0	0	0	0
115.068745	1	111	111	0	18892	5913	12979	14348
116.100597	2	112	5	1	0	0	111564	221	111	7240	203500	3000	1448	536	412000	40000	135	0	0	0	0	0
116.100680	1	112	112	0	18892	5913	12979	14348
117.132428	2	113	5	1	0	0	112596	221	111	7240	203500	3000	1448	536	412000	40000	135	0	0	0	0	0
117.132509	1	113	113	0	18892	5913	12979	14348
118.164519	2	114	5	1	0	0	113628	221	111	7240	203500	3000	1448	536	412000	40000	135	0	0	0	0	0
118.164610	1	114	114	0	18892	5913	12979	14348
119.189010	2	115	5	1	0	0	114652	221	111	7240	203500	3000	1448	536	412000	40000	135	0	0	0	0	0
119.189089	1	115	115	0	18892	5913	12979	14348
120.013087	2	116	5	1	0	0	115476	221	111	7240	203500	3000	1448	536	412000	40000	135	0	0	0	0	0
120.013168	1	116	116	0	18892	5913	12979	14348
121.044670	2	117	5	1	0	0	116508	221	111	7240	203500	3000	1448	536	412000	40000	135	0	0	0	0	0
121.044742	1	117	117	0	18892	5913	12979	14348
122.076575	2	118	5	1	0	0	117540	221	111	7240	203500	3000	1448	536	412000	40000	135	0	0	0	0	0
122.076744	1	118	118	0	18892	5913	12979	14348
123.108657	2	119	5	1	0	0	118572	221	111	7240	203500	3000	1448	536	412000	40000	135	0	0	0	0	0
123.108730	1	119	119	0	18892	5913	12979	14348
124.132874	2	120	5	1	0	0	119596	221	111	7240	203500	3000	1448	536	412000	40000	135	0	0	0	0	0
124.132963	1	120	120	0	18892	5913	12979	14348
125.164451	2	121	5	1	0	0	120628	221	111	7240	203500	3000	1448	536	412000	40000	135	0	0	0	0	0
125.164533	1	121	121	0	18892	5913	12979	14348
126.003075	2	122	5	1	0	8	121468	221	111	7240	203500	3000	1448	536	412000	40000	142	0	0	0	0	0
126.003159	1	122	122	0	18892	5913	12979	14348
127.020478	2	123	5	1	0	0	122484	221	111	7240	203500	3000	1448	536	412000	40000	135	0	0	0	0	0
127.020563	1	123	123	0	18892	5913	12979	14348
128.052686	2	124	5	1	0	0	123516	221	111	7240	203500	3000	1448	536	412000	40000	135	0	0	0	0	0
128.052775	1	124	124	0	18892	5913	12979	14348
129.076958	2	125	5	1	0	0	124540	221	111	7240	203500	3000	1448	536	412000	40000	135	0	0	0	0	0
129.077040	1	125	125	0	18892	5913	12979	14348
130.108724	2	126	5	1	0	0	125572	221	111	7240	203500	3000	1448	536	412000	40000	135	0	0	0	0	0
130.108810	1	126	126	0	18892	5913	12979	14348
131.140729	2	127	5	1	0	0	126604	221	111	7240	203500	3000	1448	536	412000	40000	135	0	0	0	0	0
131.140805	1	127	127	0	18892	5913	12979	14348
132.172631	2	128	5	1	0	0	127636	221	111	7240	203500	3000	1448	536	412000	40000	135	0	0	0	0	0
132.172720	1	128	128	0	18892	5913	12979	14348
133.013728	2	129	5	1	0	0	128476	221	111	7240	207500	10000	1448	536	416000	40000	85	0	0	0	0	0
133.013802	1	129	129	0	18892	5913	12979	14348
134.028323	2	130	5	1	0	0	129492	221	111	7240	203500	3000	1448	536	412000	40000	135	0	0	0	0	0
134.028409	1	130	130	0	18892	5913	12979	14348
135.052905	2	131	5	1	0	0	130516	221	111	7240	203500	3000	1448	536	412000	40000	135	0	0	0	0	0
135.052976	1	131	131	0	18892	5913	12979	14348
136.084756	2	132	5	1	0	0	131548	221	111	7240	203500	3000	1448	536	412000	40000	135	0	0	0	0	0
136.084840	1	132	132	0	18892	5913	12979	14348
137.116593	2	133	5	1	0	0	132580	221	111	7240	203500	3000	1448	536	412000	40000	135	0	0	0	0	0
137.116673	1	133	133	0	18892	5913	12979	14348
138.148629	2	134	5	1	0	0	133612	221	111	7240	203500	3000	1448	536	412000	40000	135	0	0	0	0	0
138.148719	1	134	134	0	18892	5913	12979	14348
139.173074	2	135	5	1	0	0	134636	221	111	7240	203500	3000	1448	536	412000	40000	135	0	0	0	0	0
139.173154	1	135	135	0	18892	5913	12979	14348
140.003073	2	136	5	1	0	8	135468	221	111	7240	203500	3000	1448	536	412000	40000	135	0	0	0	0	0
140.003153	1	136	136	0	18892	5913	12979	14348
141.028673	2	137	5	1	0	0	136492	221	111	7240	203500	3000	1448	536	412000	40000	135	0	0	0	0	0
141.028753	1	137	137	0	18892	5913	12979	14348
141.657063	3	1	5	10.1.1.1	37012	htdocs/file.txt
