protocol: 5
domain: reno_10Mbps_3ms
start-time: 1424602723
sender-id: 3
app-name: tinyhttpd
schema: 0 _experiment_metadata subject:string key:string value:string 
schema: 1 _client_instrumentation measurements_injected:uint32 measurements_dropped:uint32 bytes_allocated:uint64 bytes_freed:uint64 bytes_in_use:uint64 bytes_max:uint64 
schema: 2 tinyhttpd_tcp socket:int32 state:int32 ca_state:int32 last_data_sent:int32 last_data_recv:int32 snd_cwnd:int32 snd_ssthresh:int32 rcv_ssthresh:int32 rtt:int32 rttvar:int32 snd_mss:int32 rcv_mss:int32 rto:int32 ato:int32 unacked:int32 sacked:int32 lost:int32 retrans:int32 fackets:int32 total_retrans:int32 
schema: 3 tinyhttpd_peer socket:int32 ip:string port:int32 file:string 
content: text

3.036226	2	1	5	1	0	0	212	42	75	14480	37500	7000	1448	536	236000	40000	42	0	0	0	0	0
3.036872	1	1	1	0	18883	5907	12976	14345
4.110333	2	2	5	1	0	0	1288	76	75	14480	81000	12000	1448	536	280000	40000	59	0	0	0	0	0
4.110422	1	2	2	0	18883	5907	12976	14345
5.050458	2	3	5	1	0	0	2228	76	75	14480	83000	9000	1448	536	280000	40000	59	0	0	0	0	0
5.050547	1	3	3	0	18883	5907	12976	14345
6.147305	2	4	5	1	0	0	3324	77	75	14480	83000	9000	1448	536	280000	40000	58	0	0	0	0	0
6.147397	1	4	4	0	18883	5907	12976	14345
7.087386	2	5	5	1	0	0	4264	77	75	14480	83000	9000	1448	536	280000	40000	58	0	0	0	0	0
7.087475	1	5	5	0	18883	5907	12976	14345
8.027429	2	6	5	1	0	0	5204	78	75	14480	83000	9000	1448	536	280000	40000	57	0	0	0	0	0
8.027517	1	6	6	0	18883	5907	12976	14345
9.124267	2	7	5	1	0	0	6300	78	75	14480	83000	11000	1448	536	280000	40000	57	0	0	0	0	0
9.124357	1	7	7	0	18883	5907	12976	14345
10.064405	2	8	5	1	0	0	7240	79	75	14480	83500	10000	1448	536	280000	40000	56	0	0	0	0	0
10.064495	1	8	8	0	18883	5907	12976	14345
11.004628	2	9	5	1	0	0	8184	79	75	14480	84000	10000	1448	536	284000	40000	56	0	0	0	0	0
11.004718	1	9	9	0	18883	5907	12976	14345
12.101472	2	10	5	1	0	0	9280	80	75	14480	83500	9000	1448	536	280000	40000	55	0	0	0	0	0
12.101565	1	10	10	0	18883	5907	12976	14345
13.041614	2	11	5	1	0	0	10220	80	75	14480	84500	10000	1448	536	284000	40000	55	0	0	0	0	0
13.041706	1	11	11	0	18883	5907	12976	14345
14.138452	2	12	5	1	0	0	11316	81	75	14480	84000	10000	1448	536	284000	40000	55	0	0	0	0	0
14.138546	1	12	12	0	18883	5907	12976	14345
15.078417	2	13	5	1	0	0	12256	81	75	14480	91500	10000	1448	536	288000	40000	63	0	0	0	0	0
15.078500	1	13	13	0	18883	5907	12976	14345
16.018553	2	14	5	1	0	0	13196	81	75	14480	91500	10000	1448	536	288000	40000	63	0	0	0	0	0
16.018643	1	14	14	0	18883	5907	12976	14345
17.115277	2	15	5	1	0	0	14292	82	75	14480	92000	13000	1448	536	292000	40000	61	0	0	0	0	0
17.115369	1	15	15	0	18883	5907	12976	14345
18.055649	2	16	5	1	0	0	15232	82	75	14480	92500	13000	1448	536	292000	40000	61	0	0	0	0	0
18.055741	1	16	16	0	18883	5907	12976	14345
19.004594	2	17	5	1	0	4	16184	83	75	14480	93000	13000	1448	536	292000	40000	83	0	0	0	0	0
19.004685	1	17	17	0	18883	5907	12976	14345
20.092568	2	18	5	1	0	4	17272	83	75	14480	93000	12000	1448	536	292000	40000	59	0	0	0	0	0
20.092657	1	18	18	0	18883	5907	12976	14345
21.011661	2	19	5	1	0	0	18188	84	75	14480	93500	8000	1448	536	292000	40000	84	0	0	0	0	0
21.011753	1	19	19	0	18883	5907	12976	14345
22.122586	2	20	5	1	0	44	19300	84	75	14480	91500	10000	1448	536	288000	40000	78	0	0	0	0	0
22.122680	1	20	20	0	18883	5907	12976	14345
23.052360	2	21	5	1	0	0	20228	85	75	14480	95500	9000	1448	536	292000	40000	85	0	0	0	0	0
23.052452	1	21	21	0	18883	5907	12976	14345
24.000592	2	22	5	1	0	8	21180	85	75	14480	94500	8000	1448	536	292000	40000	85	0	0	0	0	0
24.000677	1	22	22	0	18883	5907	12976	14345
25.090322	2	23	5	1	0	0	22268	86	75	14480	94500	9000	1448	536	292000	40000	86	0	0	0	0	0
25.090416	1	23	23	0	18883	5907	12976	14345
26.033282	2	24	5	1	0	40	23212	86	75	14480	96500	7000	1448	536	296000	40000	74	0	0	0	0	0
26.033373	1	24	24	0	18883	5907	12976	14345
27.132630	2	25	5	1	0	44	24312	87	75	14480	98000	7000	1448	536	296000	40000	77	0	0	0	0	0
27.132723	1	25	25	0	18883	5907	12976	14345
28.014907	2	26	5	1	0	0	25192	87	75	14480	98000	7000	1448	536	296000	40000	87	0	0	0	0	0
28.015000	1	26	26	0	18883	5907	12976	14345
29.014582	2	27	5	1	0	40	26192	88	75	14480	100000	9000	1448	536	300000	40000	78	0	0	0	0	0
29.014763	1	27	27	0	18883	5907	12976	14345
30.003633	2	28	5	1	0	36	27180	88	75	14480	96500	8000	1448	536	296000	40000	76	0	0	0	0	0
30.003724	1	28	28	0	18883	5907	12976	14345
31.000603	2	29	5	1	0	44	28180	88	75	14480	99000	7000	1448	536	296000	40000	78	0	0	0	0	0
31.000697	1	29	29	0	18883	5907	12976	14345
32.146759	2	30	5	1	0	40	29324	89	75	14480	100000	4000	1448	536	300000	40000	78	0	0	0	0	0
32.146852	1	30	30	0	18883	5907	12976	14345
33.134705	2	31	5	1	0	0	30312	89	75	14480	99500	6000	1448	536	296000	40000	89	0	0	0	0	0
33.134799	1	31	31	0	18883	5907	12976	14345
34.040157	2	32	5	1	0	0	31216	90	75	14480	104000	3000	1448	536	304000	40000	90	0	0	0	0	0
34.040249	1	32	32	0	18883	5907	12976	14345
35.136963	2	33	5	1	0	0	32316	90	75	14480	107500	4000	1448	536	304000	40000	90	0	0	0	0	0
35.137050	1	33	33	0	18883	5907	12976	14345
36.076858	2	34	5	1	0	0	33256	91	75	14480	108000	3000	1448	536	308000	40000	91	0	0	0	0	0
36.076953	1	34	34	0	18883	5907	12976	14345
37.017953	2	35	5	1	0	0	34196	91	75	14480	114500	17000	1448	536	312000	40000	90	0	0	0	0	0
37.018045	1	35	35	0	18883	5907	12976	14345
38.113990	2	36	5	1	0	0	35292	91	75	14480	121500	24000	1448	536	320000	40000	90	0	0	0	0	0
38.114085	1	36	36	0	18883	5907	12976	14345
39.053446	2	37	5	1	0	0	36232	91	75	14480	122000	26000	1448	536	320000	40000	90	0	0	0	0	0
39.053536	1	37	37	0	18883	5907	12976	14345
40.004593	2	38	5	1	0	4	37184	91	75	14480	122500	26000	1448	536	320000	40000	91	0	0	0	0	0
40.004671	1	38	38	0	18883	5907	12976	14345
41.090450	2	39	5	1	0	0	38268	92	75	14480	114000	16000	1448	536	312000	40000	90	0	0	0	0	0
41.090542	1	39	39	0	18883	5907	12976	14345
42.030740	2	40	5	1	0	0	39208	92	75	14480	114000	16000	1448	536	312000	40000	90	0	0	0	0	0
42.030832	1	40	40	0	18883	5907	12976	14345
43.128659	2	41	5	1	0	0	40308	93	75	14480	114500	16000	1448	536	312000	40000	90	0	0	0	0	0
43.128745	1	41	41	0	18883	5907	12976	14345
44.068877	2	42	5	1	0	0	41248	93	75	14480	114500	17000	1448	536	312000	40000	90	0	0	0	0	0
44.068967	1	42	42	0	18883	5907	12976	14345
45.009021	2	43	5	1	0	0	42188	93	75	14480	114500	17000	1448	536	312000	40000	90	0	0	0	0	0
45.009095	1	43	43	0	18883	5907	12976	14345
46.106951	2	44	5	1	0	0	43284	94	75	14480	113500	16000	1448	536	312000	40000	90	0	0	0	0	0
46.107078	1	44	44	0	18883	5907	12976	14345
47.046935	2	45	5	1	0	0	44224	94	75	14480	113500	16000	1448	536	312000	40000	90	0	0	0	0	0
47.047025	1	45	45	0	18883	5907	12976	14345
48.145025	2	46	5	1	0	0	45324	95	75	14480	113500	16000	1448	536	312000	40000	90	0	0	0	0	0
48.145119	1	46	46	0	18883	5907	12976	14345
49.085279	2	47	5	1	0	0	46264	95	75	14480	113500	16000	1448	536	312000	40000	90	0	0	0	0	0
49.085364	1	47	47	0	18883	5907	12976	14345
50.025361	2	48	5	1	0	0	47204	95	75	14480	113000	15000	1448	536	312000	40000	90	0	0	0	0	0
50.025438	1	48	48	0	18883	5907	12976	14345
51.123377	2	49	5	1	0	0	48300	96	75	14480	112500	16000	1448	536	312000	40000	90	0	0	0	0	0
51.123470	1	49	49	0	18883	5907	12976	14345
52.063446	2	50	5	1	0	0	49240	96	75	14480	112500	16000	1448	536	312000	40000	90	0	0	0	0	0
52.063544	1	50	50	0	18883	5907	12976	14345
53.004629	2	51	5	1	0	0	50184	97	75	14480	113000	16000	1448	536	312000	40000	90	0	0	0	0	0
53.004722	1	51	51	0	18883	5907	12976	14345
54.101500	2	52	5	1	0	0	51280	97	75	14480	112500	15000	1448	536	312000	40000	90	0	0	0	0	0
54.101591	1	52	52	0	18883	5907	12976	14345
55.041600	2	53	5	1	0	0	52220	97	75	14480	112500	15000	1448	536	312000	40000	90	0	0	0	0	0
55.041671	1	53	53	0	18883	5907	12976	14345
56.130204	2	54	5	1	0	0	53308	98	75	14480	112500	15000	1448	536	312000	40000	90	0	0	0	0	0
56.130296	1	54	54	0	18883	5907	12976	14345
57.174143	2	55	5	1	0	0	54352	98	75	14480	113000	17000	1448	536	312000	40000	90	0	0	0	0	0
57.174235	1	55	55	0	18883	5907	12976	14345
58.009222	2	56	5	1	0	0	55188	98	75	14480	114000	17000	1448	536	312000	40000	90	0	0	0	0	0
58.009313	1	56	56	0	18883	5907	12976	14345
59.053403	2	57	5	1	0	0	56232	99	75	14480	113000	17000	1448	536	312000	40000	90	0	0	0	0	0
59.053497	1	57	57	0	18883	5907	12976	14345
60.097336	2	58	5	1	0	0	57276	99	75	14480	112500	16000	1448	536	312000	40000	90	0	0	0	0	0
60.097493	1	58	58	0	18883	5907	12976	14345
61.141505	2	59	5	1	0	0	58320	99	75	14480	112500	16000	1448	536	312000	40000	90	0	0	0	0	0
61.141596	1	59	59	0	18883	5907	12976	14345
62.185443	2	60	5	1	0	0	59364	100	75	14480	113000	16000	1448	536	312000	40000	90	0	0	0	0	0
62.185534	1	60	60	0	18883	5907	12976	14345
63.020697	2	61	5	1	0	0	60200	100	75	14480	113000	16000	1448	536	312000	40000	90	0	0	0	0	0
63.020789	1	61	61	0	18883	5907	12976	14345
64.064608	2	62	5	1	0	4	61244	100	75	14480	112500	17000	1448	536	312000	40000	90	0	0	0	0	0
64.064698	1	62	62	0	18883	5907	12976	14345
65.108624	2	63	5	1	0	0	62288	100	75	14480	113000	16000	1448	536	312000	40000	90	0	0	0	0	0
65.108701	1	63	63	0	18883	5907	12976	14345
66.152696	2	64	5	1	0	0	63332	101	75	14480	113000	17000	1448	536	312000	40000	90	0	0	0	0	0
66.152788	1	64	64	0	18883	5907	12976	14345
67.004597	2	65	5	1	0	12	64184	101	75	14480	112000	17000	1448	536	312000	40000	101	0	0	0	0	0
67.004692	1	65	65	0	18883	5907	12976	14345
68.032027	2	66	5	1	0	0	65208	101	75	14480	112000	17000	1448	536	312000	40000	90	0	0	0	0	0
68.032120	1	66	66	0	18883	5907	12976	14345
69.076021	2	67	5	1	0	0	66252	102	75	14480	112000	17000	1448	536	312000	40000	90	0	0	0	0	0
69.076113	1	67	67	0	18883	5907	12976	14345
70.119986	2	68	5	1	0	0	67296	102	75	14480	112500	17000	1448	536	312000	40000	90	0	0	0	0	0
70.120069	1	68	68	0	18883	5907	12976	14345
71.163881	2	69	5	1	0	0	68340	102	75	14480	112500	17000	1448	536	312000	40000	90	0	0	0	0	0
71.163971	1	69	69	0	18883	5907	12976	14345
72.004608	2	70	5	1	0	0	69184	102	75	14480	112500	18000	1448	536	312000	40000	102	0	0	0	0	0
72.004703	1	70	70	0	18883	5907	12976	14345
73.043257	2	71	5	1	0	0	70220	103	75	14480	112000	17000	1448	536	312000	40000	90	0	0	0	0	0
73.043351	1	71	71	0	18883	5907	12976	14345
74.087286	2	72	5	1	0	0	71264	103	75	14480	112000	17000	1448	536	312000	40000	90	0	0	0	0	0
74.087379	1	72	72	0	18883	5907	12976	14345
75.131253	2	73	5	1	0	0	72308	103	75	14480	112000	17000	1448	536	312000	40000	90	0	0	0	0	0
75.131337	1	73	73	0	18883	5907	12976	14345
76.175363	2	74	5	1	0	0	73352	104	75	14480	112500	17000	1448	536	312000	40000	90	0	0	0	0	0
76.175458	1	74	74	0	18883	5907	12976	14345
77.010522	2	75	5	1	0	0	74188	104	75	14480	112000	17000	1448	536	312000	40000	90	0	0	0	0	0
77.010614	1	75	75	0	18883	5907	12976	14345
78.054478	2	76	5	1	0	0	75232	104	75	14480	112000	18000	1448	536	312000	40000	90	0	0	0	0	0
78.054570	1	76	76	0	18883	5907	12976	14345
79.098428	2	77	5	1	0	0	76276	104	75	14480	112000	18000	1448	536	312000	40000	90	0	0	0	0	0
79.098520	1	77	77	0	18883	5907	12976	14345
80.055548	2	78	5	1	0	0	77232	105	75	14480	116000	15000	1448	536	316000	40000	90	0	0	0	0	0
80.055631	1	78	78	0	18883	5907	12976	14345
81.004597	2	79	5	1	0	4	78184	105	75	14480	119500	9000	1448	536	316000	40000	105	0	0	0	0	0
81.004690	1	79	79	0	18883	5907	12976	14345
82.091758	2	80	5	1	0	0	79268	105	75	14480	120000	10000	1448	536	320000	40000	90	0	0	0	0	0
82.091851	1	80	80	0	18883	5907	12976	14345
83.031660	2	81	5	1	0	0	80208	105	75	14480	120000	10000	1448	536	320000	40000	90	0	0	0	0	0
83.031752	1	81	81	0	18883	5907	12976	14345
84.129347	2	82	5	1	0	0	81308	106	75	14480	119000	8000	1448	536	316000	40000	90	0	0	0	0	0
84.129439	1	82	82	0	18883	5907	12976	14345
85.069590	2	83	5	1	0	0	82248	106	75	14480	118000	8000	1448	536	316000	40000	90	0	0	0	0	0
85.069670	1	83	83	0	18883	5907	12976	14345
86.009685	2	84	5	1	0	0	83188	107	75	14480	118500	8000	1448	536	316000	40000	90	0	0	0	0	0
86.009767	1	84	84	0	18883	5907	12976	14345
87.107628	2	85	5	1	0	0	84284	107	75	14480	119500	10000	1448	536	316000	40000	90	0	0	0	0	0
87.107723	1	85	85	0	18883	5907	12976	14345
88.047772	2	86	5	1	0	0	85224	107	75	14480	119500	10000	1448	536	316000	40000	90	0	0	0	0	0
88.047866	1	86	86	0	18883	5907	12976	14345
89.145734	2	87	5	1	0	0	86324	108	75	14480	118000	11000	1448	536	316000	40000	90	0	0	0	0	0
89.145827	1	87	87	0	18883	5907	12976	14345
90.085872	2	88	5	1	0	0	87264	108	75	14480	118000	11000	1448	536	316000	40000	90	0	0	0	0	0
90.085959	1	88	88	0	18883	5907	12976	14345
91.025974	2	89	5	1	0	0	88204	108	75	14480	118000	11000	1448	536	316000	40000	90	0	0	0	0	0
91.026142	1	89	89	0	18883	5907	12976	14345
92.124041	2	90	5	1	0	0	89300	109	75	14480	120500	11000	1448	536	320000	40000	90	0	0	0	0	0
92.124134	1	90	90	0	18883	5907	12976	14345
93.064245	2	91	5	1	0	0	90240	109	75	14480	120500	11000	1448	536	320000	40000	90	0	0	0	0	0
93.064337	1	91	91	0	18883	5907	12976	14345
94.004252	2	92	5	1	0	0	91180	109	75	14480	120500	11000	1448	536	320000	40000	90	0	0	0	0	0
94.004341	1	92	92	0	18883	5907	12976	14345
95.102328	2	93	5	1	0	0	92280	110	75	14480	117500	11000	1448	536	316000	40000	90	0	0	0	0	0
95.102438	1	93	93	0	18883	5907	12976	14345
96.042234	2	94	5	1	0	0	93220	110	75	14480	117500	11000	1448	536	316000	40000	90	0	0	0	0	0
96.042361	1	94	94	0	18883	5907	12976	14345
97.139041	2	95	5	1	0	0	94316	110	75	14480	120000	12000	1448	536	320000	40000	90	0	0	0	0	0
97.139134	1	95	95	0	18883	5907	12976	14345
98.080480	2	96	5	1	0	0	95256	111	75	14480	120000	12000	1448	536	320000	40000	90	0	0	0	0	0
98.080574	1	96	96	0	18883	5907	12976	14345
99.020599	2	97	5	1	0	0	96200	111	75	14480	121000	15000	1448	536	320000	40000	90	0	0	0	0	0
99.020684	1	97	97	0	18883	5907	12976	14345
100.117432	2	98	5	1	0	0	97296	111	75	14480	117500	14000	1448	536	316000	40000	90	0	0	0	0	0
100.117519	1	98	98	0	18883	5907	12976	14345
101.058668	2	99	5	1	0	0	98236	112	75	14480	121500	14000	1448	536	320000	40000	90	0	0	0	0	0
101.058755	1	99	99	0	18883	5907	12976	14345
102.000618	2	100	5	1	0	4	99180	112	75	14480	122000	15000	1448	536	320000	40000	90	0	0	0	0	0
102.000746	1	100	100	0	18883	5907	12976	14345
103.094864	2	101	5	1	0	0	100272	112	75	14480	121000	14000	1448	536	320000	40000	90	0	0	0	0	0
103.094984	1	101	101	0	18883	5907	12976	14345
104.034613	2	102	5	1	0	0	101212	112	75	14480	121500	14000	1448	536	320000	40000	90	0	0	0	0	0
104.034704	1	102	102	0	18883	5907	12976	14345
105.132008	2	103	5	1	0	0	102308	113	75	14480	121000	14000	1448	536	320000	40000	113	0	0	0	0	0
105.132101	1	103	103	0	18883	5907	12976	14345
106.071411	2	104	5	1	0	0	103248	113	75	14480	121500	15000	1448	536	320000	40000	113	0	0	0	0	0
106.071502	1	104	104	0	18883	5907	12976	14345
107.010914	2	105	5	1	0	0	104188	113	75	14480	121500	16000	1448	536	320000	40000	113	0	0	0	0	0
107.011008	1	105	105	0	18883	5907	12976	14345
108.106969	2	106	5	1	0	0	105284	113	75	14480	121500	16000	1448	536	320000	40000	113	0	0	0	0	0
108.107064	1	106	106	0	18883	5907	12976	14345
109.046449	2	107	5	1	0	0	106224	113	75	14480	121500	16000	1448	536	320000	40000	113	0	0	0	0	0
109.046537	1	107	107	0	18883	5907	12976	14345
110.143637	2	108	5	1	0	0	107320	114	75	14480	121500	16000	1448	536	320000	40000	114	0	0	0	0	0
110.143725	1	108	108	0	18883	5907	12976	14345
111.083022	2	109	5	1	0	0	108260	114	75	14480	121500	16000	1448	536	320000	40000	114	0	0	0	0	0
111.083100	1	109	109	0	18883	5907	12976	14345
112.022509	2	110	5	1	0	0	109200	114	75	14480	121500	16000	1448	536	320000	40000	114	0	0	0	0	0
112.022599	1	110	110	0	18883	5907	12976	14345
113.118515	2	111	5	1	0	0	110296	114	75	14480	121500	14000	1448	536	320000	40000	114	0	0	0	0	0
113.118609	1	111	111	0	18883	5907	12976	14345
114.059041	2	112	5	1	0	0	111236	115	75	14480	121500	16000	1448	536	320000	40000	115	0	0	0	0	0
114.059134	1	112	112	0	18883	5907	12976	14345
115.004598	2	113	5	1	0	8	112184	115	75	14480	121500	16000	1448	536	320000	40000	115	0	0	0	0	0
115.004690	1	113	113	0	18883	5907	12976	14345
116.094497	2	114	5	1	0	0	113272	115	75	14480	121500	16000	1448	536	320000	40000	115	0	0	0	0	0
116.094590	1	114	114	0	18883	5907	12976	14345
117.033972	2	115	5	1	0	0	114212	115	75	14480	121500	15000	1448	536	320000	40000	115	0	0	0	0	0
117.034063	1	115	115	0	18883	5907	12976	14345
118.129983	2	116	5	1	0	0	115308	116	75	14480	121500	15000	1448	536	320000	40000	116	0	0	0	0	0
118.130078	1	116	116	0	18883	5907	12976	14345
119.070725	2	117	5	1	0	0	116248	116	75	14480	121500	16000	1448	536	320000	40000	116	0	0	0	0	0
119.070817	1	117	117	0	18883	5907	12976	14345
120.010091	2	118	5	1	0	0	117188	116	75	14480	121500	16000	1448	536	320000	40000	116	0	0	0	0	0
120.010181	1	118	118	0	18883	5907	12976	14345
121.105872	2	119	5	1	0	0	118284	116	75	14480	122000	17000	1448	536	320000	40000	116	0	0	0	0	0
121.105964	1	119	119	0	18883	5907	12976	14345
122.045525	2	120	5	1	0	0	119224	116	75	14480	122000	17000	1448	536	320000	40000	116	0	0	0	0	0
122.045609	1	120	120	0	18883	5907	12976	14345
123.142706	2	121	5	1	0	0	120320	117	75	14480	121500	16000	1448	536	320000	40000	117	0	0	0	0	0
123.142798	1	121	121	0	18883	5907	12976	14345
124.082092	2	122	5	1	0	0	121260	117	75	14480	121500	16000	1448	536	320000	40000	117	0	0	0	0	0
124.082186	1	122	122	0	18883	5907	12976	14345
125.021660	2	123	5	1	0	0	122200	117	75	14480	121500	17000	1448	536	320000	40000	117	0	0	0	0	0
125.021751	1	123	123	0	18883	5907	12976	14345
125.658965	3	1	5	10.1.1.1	45226	htdocs/file.txt
