7.108178	2	4	5	1	0	200	3216	53	111	7240	203500	3000	1448	536	412000	40000	36	0	0	0	0	0
8.119962	2	5	5	1	0	0	4228	67	111	7240	204000	4000	1448	536	416000	40000	45	0	0	0	0	0
9.332189	2	6	5	1	0	0	5440	85	111	7240	204000	3000	1448	536	416000	40000	85	0	0	0	0	0
10.336709	2	7	5	1	0	184	6444	105	111	7240	203500	3000	1448	536	412000	40000	87	0	0	0	0	0
11.141666	2	8	5	1	0	0	7248	112	111	7240	203500	3000	1448	536	412000	40000	90	0	0	0	0	0
12.362835	2	9	5	1	0	0	8468	112	111	7240	203500	3000	1448	536	412000	40000	90	0	0	0	0	0
13.178732	2	10	5	1	0	0	9284	112	111	7240	203500	3000	1448	536	412000	40000	90	0	0	0	0	0
14.003076	2	11	5	1	0	4	10112	112	111	7240	204500	5000	1448	536	416000	40000	91	0	0	0	0	0
15.204819	2	12	5	1	0	0	11312	112	111	7240	206000	7000	1448	536	416000	40000	90	0	0	0	0	0
16.229559	2	13	5	1	0	0	12336	113	111	7240	203500	3000	1448	536	412000	40000	90	0	0	0	0	0
17.043071	2	14	5	1	0	4	13152	113	111	7240	203500	3000	1448	536	412000	40000	113	0	0	0	0	0
18.048044	2	15	5	1	0	0	14156	113	111	7240	204000	4000	1448	536	416000	40000	113	0	0	0	0	0
19.053002	2	16	5	1	0	0	15160	113	111	7240	207500	11000	1448	536	416000	40000	90	0	0	0	0	0
20.258119	2	17	5	1	0	0	16364	113	111	7240	204500	7000	1448	536	416000	40000	113	0	0	0	0	0
21.061819	2	18	5	1	0	0	17168	113	111	7240	203500	3000	1448	536	412000	40000	113	0	0	0	0	0
22.114496	2	19	5	1	0	0	18220	113	111	7240	203500	3000	1448	536	412000	40000	113	0	0	0	0	0
23.141451	2	20	5	1	0	0	19248	114	111	7240	203500	3000	1448	536	412000	40000	114	0	0	0	0	0
24.277499	2	21	5	1	0	0	20384	114	111	7240	203500	3000	1448	536	412000	40000	114	0	0	0	0	0
25.080964	2	22	5	1	0	0	21188	114	111	7240	203500	3000	1448	536	412000	40000	114	0	0	0	0	0
26.133604	2	23	5	1	0	0	22240	114	111	7240	203500	3000	1448	536	412000	40000	114	0	0	0	0	0
27.159661	2	24	5	1	0	0	23268	114	111	7240	204000	4000	1448	536	416000	40000	114	0	0	0	0	0
28.295963	2	25	5	1	0	0	24404	114	111	7240	204000	4000	1448	536	416000	40000	114	0	0	0	0	0
29.099823	2	26	5	1	0	0	25208	114	111	7240	204000	4000	1448	536	416000	40000	114	0	0	0	0	0
30.152310	2	27	5	1	0	0	26260	114	111	7240	203500	3000	1448	536	412000	40000	114	0	0	0	0	0
31.178361	2	28	5	1	0	0	27284	115	111	7240	203500	3000	1448	536	412000	40000	115	0	0	0	0	0
32.314481	2	29	5	1	0	0	28420	115	111	7240	203500	3000	1448	536	412000	40000	115	0	0	0	0	0
33.118184	2	30	5	1	0	0	29224	115	111	7240	203500	3000	1448	536	412000	40000	115	0	0	0	0	0
34.170574	2	31	5	1	0	0	30276	115	111	7240	203500	3000	1448	536	412000	40000	115	0	0	0	0	0
35.196241	2	32	5	1	0	0	31304	115	111	7240	203500	3000	1448	536	412000	40000	115	0	0	0	0	0
36.003084	2	33	5	1	0	4	32112	115	111	7240	203500	3000	1448	536	412000	40000	115	0	0	0	0	0
37.136628	2	34	5	1	0	0	33244	115	111	7240	203500	3000	1448	536	412000	40000	115	0	0	0	0	0
38.188580	2	35	5	1	0	0	34296	116	111	7240	203500	3000	1448	536	412000	40000	116	0	0	0	0	0
39.003077	2	36	5	1	0	12	35112	116	111	7240	203500	3000	1448	536	412000	40000	116	0	0	0	0	0
40.018135	2	37	5	1	0	0	36124	116	111	7240	203500	3000	1448	536	412000	40000	116	0	0	0	0	0
41.154967	2	38	5	1	0	0	37260	116	111	7240	203500	3000	1448	536	412000	40000	116	0	0	0	0	0
42.206894	2	39	5	1	0	0	38312	116	111	7240	203500	3000	1448	536	412000	40000	116	0	0	0	0	0
43.010415	2	40	5	1	0	0	39116	116	111	7240	203500	3000	1448	536	412000	40000	116	0	0	0	0	0
44.036822	2	41	5	1	0	0	40144	116	111	7240	203500	3000	1448	536	412000	40000	116	0	0	0	0	0
45.173606	2	42	5	1	0	0	41280	116	111	7240	203500	3000	1448	536	412000	40000	116	0	0	0	0	0
46.225052	2	43	5	1	0	0	42332	117	111	7240	203500	3000	1448	536	412000	40000	117	0	0	0	0	0
47.028736	2	44	5	1	0	0	43136	117	111	7240	203500	3000	1448	536	412000	40000	117	0	0	0	0	0
48.054801	2	45	5	1	0	0	44160	117	111	7240	203500	3000	1448	536	412000	40000	117	0	0	0	0	0
49.192041	2	46	5	1	0	0	45300	117	111	7240	203500	4000	1448	536	412000	40000	117	0	0	0	0	0
50.003081	2	47	5	1	0	8	46112	117	111	7240	204000	3000	1448	536	416000	40000	117	0	0	0	0	0
51.046880	2	48	5	1	0	0	47152	117	111	7240	203500	3000	1448	536	412000	40000	117	0	0	0	0	0
52.073294	2	49	5	1	0	0	48180	117	111	7240	203500	4000	1448	536	412000	40000	117	0	0	0	0	0
53.209897	2	50	5	1	0	0	49316	117	111	7240	203500	3000	1448	536	412000	40000	117	0	0	0	0	0
54.013379	2	51	5	1	0	0	50120	118	111	7240	203500	3000	1448	536	412000	40000	118	0	0	0	0	0
55.064583	2	52	5	1	0	0	51172	118	111	7240	203500	3000	1448	536	412000	40000	118	0	0	0	0	0
56.091220	2	53	5	1	0	0	52200	118	111	7240	204000	4000	1448	536	416000	40000	118	0	0	0	0	0
57.227508	2	54	5	1	0	0	53336	118	111	7240	204000	3000	1448	536	416000	40000	118	0	0	0	0	0
58.031289	2	55	5	1	0	0	54140	118	111	7240	204000	3000	1448	536	416000	40000	118	0	0	0	0	0
59.082548	2	56	5	1	0	0	55188	118	111	7240	203500	4000	1448	536	412000	40000	118	0	0	0	0	0
60.109342	2	57	5	1	0	0	56216	118	111	7240	203500	3000	1448	536	412000	40000	118	0	0	0	0	0
61.245369	2	58	5	1	0	0	57352	118	111	7240	203500	3000	1448	536	412000	40000	118	0	0	0	0	0
62.048995	2	59	5	1	0	0	58156	119	111	7240	203500	3000	1448	536	412000	40000	119	0	0	0	0	0
63.100161	2	60	5	1	0	0	59208	119	111	7240	203500	3000	1448	536	412000	40000	119	0	0	0	0	0
64.127163	2	61	5	1	0	0	60236	119	111	7240	204000	4000	1448	536	416000	40000	119	0	0	0	0	0
65.264000	2	62	5	1	0	0	61372	119	111	7240	203500	4000	1448	536	412000	40000	119	0	0	0	0	0
66.067699	2	63	5	1	0	0	62176	119	111	7240	204000	3000	1448	536	416000	40000	119	0	0	0	0	0
67.118438	2	64	5	1	0	0	63224	119	111	7240	203500	3000	1448	536	412000	40000	119	0	0	0	0	0
68.145540	2	65	5	1	0	0	64252	119	111	7240	203500	3000	1448	536	412000	40000	119	0	0	0	0	0
69.282391	2	66	5	1	0	0	65388	119	111	7240	203500	3000	1448	536	412000	40000	119	0	0	0	0	0
70.086155	2	67	5	1	0	0	66192	120	111	7240	203500	3000	1448	536	412000	40000	120	0	0	0	0	0
71.136844	2	68	5	1	0	0	67244	120	111	7240	203500	3000	1448	536	412000	40000	120	0	0	0	0	0
72.163715	2	69	5	1	0	0	68272	120	111	7240	204000	4000	1448	536	416000	40000	120	0	0	0	0	0
73.300633	2	70	5	1	0	0	69408	120	111	7240	203500	3000	1448	536	412000	40000	120	0	0	0	0	0
74.104183	2	71	5	1	0	0	70212	120	111	7240	203500	4000	1448	536	412000	40000	120	0	0	0	0	0
75.154664	2	72	5	1	0	0	71260	120	111	7240	203500	3000	1448	536	412000	40000	120	0	0	0	0	0
76.181671	2	73	5	1	0	0	72288	120	111	7240	203500	4000	1448	536	412000	40000	120	0	0	0	0	0
77.318612	2	74	5	1	0	0	73424	120	111	7240	203500	3000	1448	536	412000	40000	120	0	0	0	0	0
78.122212	2	75	5	1	0	0	74228	121	111	7240	203500	3000	1448	536	412000	40000	121	0	0	0	0	0
79.172717	2	76	5	1	0	0	75280	121	111	7240	203500	3000	1448	536	412000	40000	121	0	0	0	0	0
80.199470	2	77	5	1	0	0	76308	121	111	7240	204000	4000	1448	536	416000	40000	121	0	0	0	0	0
81.002971	2	78	5	1	0	0	77108	121	111	7240	203500	3000	1448	536	412000	40000	121	0	0	0	0	0
82.140427	2	79	5	1	0	0	78248	121	111	7240	203500	4000	1448	536	412000	40000	121	0	0	0	0	0
83.190499	2	80	5	1	0	0	79296	121	111	7240	203500	3000	1448	536	412000	40000	121	0	0	0	0	0
84.003079	2	81	5	1	0	12	80112	121	111	7240	203500	3000	1448	536	412000	40000	121	0	0	0	0	0
85.020982	2	82	5	1	0	0	81128	121	111	7240	203500	3000	1448	536	412000	40000	121	0	0	0	0	0
86.158535	2	83	5	1	0	0	82264	122	111	7240	203500	3000	1448	536	412000	40000	122	0	0	0	0	0
87.208432	2	84	5	1	0	0	83316	122	111	7240	203500	4000	1448	536	412000	40000	122	0	0	0	0	0
88.012187	2	85	5	1	0	0	84120	122	111	7240	203500	4000	1448	536	412000	40000	122	0	0	0	0	0
89.039573	2	86	5	1	0	0	85148	122	111	7240	204000	4000	1448	536	416000	40000	122	0	0	0	0	0
90.178057	2	87	5	1	0	0	86284	122	111	7240	203500	3000	1448	536	412000	40000	122	0	0	0	0	0
91.226299	2	88	5	1	0	0	87332	122	111	7240	203500	3000	1448	536	412000	40000	122	0	0	0	0	0
92.030028	2	89	5	1	0	0	88136	122	111	7240	203500	3000	1448	536	412000	40000	122	0	0	0	0	0
93.058361	2	90	5	1	0	0	89164	122	111	7240	203500	3000	1448	536	412000	40000	122	0	0	0	0	0
94.196472	2	91	5	1	0	0	90304	122	111	7240	203500	3000	1448	536	412000	40000	122	0	0	0	0	0
95.003088	2	92	5	1	0	4	91112	123	111	7240	203500	3000	1448	536	412000	40000	123	0	0	0	0	0
96.047743	2	93	5	1	0	0	92156	123	111	7240	203500	3000	1448	536	412000	40000	123	0	0	0	0	0
97.076099	2	94	5	1	0	0	93184	123	111	7240	203500	3000	1448	536	412000	40000	123	0	0	0	0	0
98.214694	2	95	5	1	0	0	94320	123	111	7240	203500	3000	1448	536	412000	40000	123	0	0	0	0	0
99.018379	2	96	5	1	0	0	95124	123	111	7240	203500	3000	1448	536	412000	40000	123	0	0	0	0	0
100.066165	2	97	5	1	0	0	96172	123	111	7240	203500	4000	1448	536	412000	40000	123	0	0	0	0	0
101.094291	2	98	5	1	0	0	97200	123	111	7240	203500	3000	1448	536	412000	40000	123	0	0	0	0	0
102.233096	2	99	5	1	0	0	98340	123	111	7240	203500	3000	1448	536	412000	40000	123	0	0	0	0	0
103.036874	2	100	5	1	0	0	99144	124	111	7240	203500	3000	1448	536	412000	40000	124	0	0	0	0	0
104.084773	2	101	5	1	0	0	100192	124	111	7240	203500	3000	1448	536	412000	40000	124	0	0	0	0	0
105.112756	2	102	5	1	0	0	101220	124	111	7240	203500	3000	1448	536	412000	40000	124	0	0	0	0	0
106.251577	2	103	5	1	0	0	102360	124	111	7240	204000	4000	1448	536	416000	40000	124	0	0	0	0	0
107.055351	2	104	5	1	0	0	103164	124	111	7240	204000	4000	1448	536	416000	40000	124	0	0	0	0	0
108.103011	2	105	5	1	0	0	104208	124	111	7240	203500	4000	1448	536	412000	40000	124	0	0	0	0	0
109.130935	2	106	5	1	0	0	105236	124	111	7240	203500	4000	1448	536	412000	40000	124	0	0	0	0	0
110.270103	2	107	5	1	0	0	106376	124	111	7240	203500	4000	1448	536	412000	40000	124	0	0	0	0	0
111.073871	2	108	5	1	0	0	107180	125	111	7240	203500	4000	1448	536	412000	40000	125	0	0	0	0	0
112.121394	2	109	5	1	0	0	108228	125	111	7240	203500	3000	1448	536	412000	40000	125	0	0	0	0	0
113.150174	2	110	5	1	0	0	109256	125	111	7240	203500	3000	1448	536	412000	40000	125	0	0	0	0	0
114.288889	2	111	5	1	0	0	110396	125	111	7240	203500	3000	1448	536	412000	40000	125	0	0	0	0	0
115.092693	2	112	5	1	0	0	111200	125	111	7240	203500	3000	1448	536	412000	40000	125	0	0	0	0	0
116.140016	2	113	5	1	0	0	112248	125	111	7240	203500	3000	1448	536	412000	40000	125	0	0	0	0	0
117.169069	2	114	5	1	0	0	113276	125	111	7240	203500	3000	1448	536	412000	40000	125	0	0	0	0	0
118.308948	2	115	5	1	0	0	114416	125	111	7240	203500	3000	1448	536	412000	40000	125	0	0	0	0	0
119.113007	2	116	5	1	0	0	115220	125	111	7240	203500	3000	1448	536	412000	40000	125	0	0	0	0	0
120.159504	2	117	5	1	0	0	116268	126	111	7240	204000	4000	1448	536	416000	40000	126	0	0	0	0	0
121.188543	2	118	5	1	0	0	117296	126	111	7240	203500	3000	1448	536	412000	40000	126	0	0	0	0	0
122.003075	2	119	5	1	0	12	118112	126	111	7240	203500	3000	1448	536	412000	40000	126	0	0	0	0	0
123.132504	2	120	5	1	0	0	119240	126	111	7240	203500	3000	1448	536	412000	40000	126	0	0	0	0	0
124.179427	2	121	5	1	0	0	120288	126	111	7240	204000	4000	1448	536	416000	40000	126	0	0	0	0	0
125.208035	2	122	5	1	0	0	121316	126	111	7240	203500	4000	1448	536	412000	40000	126	0	0	0	0	0
126.011828	2	123	5	1	0	0	122120	126	111	7240	204000	3000	1448	536	416000	40000	126	0	0	0	0	0
127.152568	2	124	5	1	0	0	123260	126	111	7240	203500	3000	1448	536	412000	40000	126	0	0	0	0	0
128.198345	2	125	5	1	0	0	124304	127	111	7240	203500	3000	1448	536	412000	40000	127	0	0	0	0	0
129.001871	2	126	5	1	0	0	125108	127	111	7240	203500	3000	1448	536	412000	40000	127	0	0	0	0	0
130.030956	2	127	5	1	0	0	126136	127	111	7240	203500	3000	1448	536	412000	40000	127	0	0	0	0	0
131.171425	2	128	5	1	0	0	127280	127	111	7240	204000	3000	1448	536	416000	40000	127	0	0	0	0	0
132.216836	2	129	5	1	0	0	128324	127	111	7240	203500	3000	1448	536	412000	40000	127	0	0	0	0	0
133.020357	2	130	5	1	0	0	129128	127	111	7240	203500	3000	1448	536	412000	40000	127	0	0	0	0	0
134.049474	2	131	5	1	0	0	130156	127	111	7240	203500	3000	1448	536	412000	40000	127	0	0	0	0	0
135.189708	2	132	5	1	0	0	131296	127	111	7240	203500	3000	1448	536	412000	40000	127	0	0	0	0	0
136.003080	2	133	5	1	0	12	132112	127	111	7240	203500	3000	1448	536	412000	40000	127	0	0	0	0	0
137.038389	2	134	5	1	0	0	133144	128	111	7240	203500	3000	1448	536	412000	40000	128	0	0	0	0	0
138.051321	2	135	5	1	0	0	134160	128	111	7240	204000	4000	1448	536	416000	40000	128	0	0	0	0	0
139.062947	2	136	5	1	0	0	135168	128	111	7240	203500	3000	1448	536	412000	40000	128	0	0	0	0	0
140.074692	2	137	5	1	0	0	136180	128	111	7240	205500	7000	1448	536	416000	40000	128	0	0	0	0	0
141.086906	2	138	5	1	0	0	137192	128	111	7240	203500	3000	1448	536	412000	40000	128	0	0	0	0	0
142.098730	2	139	5	1	0	0	138204	128	111	7240	203500	3000	1448	536	412000	40000	128	0	0	0	0	0
143.110687	2	140	5	1	0	0	139216	128	111	7240	203500	3000	1448	536	412000	40000	128	0	0	0	0	0
144.122702	2	141	5	1	0	0	140228	128	111	7240	203500	3000	1448	536	412000	40000	128	0	0	0	0	0
145.134657	2	142	5	1	0	0	141240	129	111	7240	203500	3000	1448	536	412000	40000	129	0	0	0	0	0
146.146533	2	143	5	1	0	0	142252	129	111	7240	203500	3000	1448	536	412000	40000	129	0	0	0	0	0
147.158817	2	144	5	1	0	0	143264	129	111	7240	203500	3000	1448	536	412000	40000	129	0	0	0	0	0
148.170834	2	145	5	1	0	0	144276	129	111	7240	203500	3000	1448	536	412000	40000	129	0	0	0	0	0
149.182887	2	146	5	1	0	0	145288	129	111	7240	203500	3000	1448	536	412000	40000	129	0	0	0	0	0
150.197457	2	147	5	1	0	0	146304	129	111	7240	203500	3000	1448	536	412000	40000	129	0	0	0	0	0
151.207256	2	148	5	1	0	0	147316	129	111	7240	204000	4000	1448	536	416000	40000	129	0	0	0	0	0
152.218879	2	149	5	1	0	0	148324	129	111	7240	203500	3000	1448	536	412000	40000	129	0	0	0	0	0
153.230922	2	150	5	1	0	0	149336	130	111	7240	203500	3000	1448	536	412000	40000	130	0	0	0	0	0
154.242830	2	151	5	1	0	0	150348	130	111	7240	203500	3000	1448	536	412000	40000	130	0	0	0	0	0
155.254595	2	152	5	1	0	0	151360	130	111	7240	203500	3000	1448	536	412000	40000	130	0	0	0	0	0
156.266566	2	153	5	1	0	0	152372	130	111	7240	203500	3000	1448	536	412000	40000	130	0	0	0	0	0
157.278991	2	154	5	1	0	0	153384	130	111	7240	203500	3000	1448	536	412000	40000	130	0	0	0	0	0
158.290991	2	155	5	1	0	0	154396	130	111	7240	203500	3000	1448	536	412000	40000	130	0	0	0	0	0
159.303187	2	156	5	1	0	0	155412	130	111	7240	204000	4000	1448	536	416000	40000	130	0	0	0	0	0
160.314769	2	157	5	1	0	0	156420	130	111	7240	203500	3000	1448	536	412000	40000	130	0	0	0	0	0
161.326803	2	158	5	1	0	0	157432	131	111	7240	203500	3000	1448	536	412000	40000	131	0	0	0	0	0
162.338816	2	159	5	1	0	0	158444	131	111	7240	203500	3000	1448	536	412000	40000	131	0	0	0	0	0
163.350879	2	160	5	1	0	0	159456	131	111	7240	203500	3000	1448	536	412000	40000	131	0	0	0	0	0
164.007079	2	161	5	1	0	4	160116	131	111	7240	203500	3000	1448	536	412000	40000	94	0	0	0	0	0
165.015573	2	162	5	1	0	0	161124	131	111	7240	204000	4000	1448	536	416000	40000	94	0	0	0	0	0
166.027632	2	163	5	1	0	0	162136	131	111	7240	204000	4000	1448	536	416000	40000	94	0	0	0	0	0
167.039552	2	164	5	1	0	0	163148	131	111	7240	204000	4000	1448	536	416000	40000	94	0	0	0	0	0
168.051937	2	165	5	1	0	0	164160	131	111	7240	204000	4000	1448	536	416000	40000	94	0	0	0	0	0
169.063855	2	166	5	1	0	0	165172	131	111	7240	204000	4000	1448	536	416000	40000	94	0	0	0	0	0
170.226295	2	167	5	1	0	0	166332	132	111	7240	203500	3000	1448	536	412000	40000	132	0	0	0	0	0
171.050631	2	168	5	1	0	0	167156	132	111	7240	203500	3000	1448	536	412000	40000	132	0	0	0	0	0
172.095840	2	169	5	1	0	0	168204	132	111	7240	203500	3000	1448	536	412000	40000	93	0	0	0	0	0
173.128068	2	170	5	1	0	0	169236	132	111	7240	203500	3000	1448	536	412000	40000	96	0	0	0	0	0
174.346707	2	171	5	1	0	0	170452	132	111	7240	203500	3000	1448	536	412000	40000	132	0	0	0	0	0
175.170692	2	172	5	1	0	0	171276	132	111	7240	203500	3000	1448	536	412000	40000	132	0	0	0	0	0
176.007073	2	173	5	1	0	8	172116	132	111	7240	203500	3000	1448	536	412000	40000	90	0	0	0	0	0
177.039988	2	174	5	1	0	0	173148	133	111	7240	203500	3000	1448	536	412000	40000	92	0	0	0	0	0
178.071856	2	175	5	1	0	0	174180	133	111	7240	203500	3000	1448	536	412000	40000	92	0	0	0	0	0
179.103937	2	176	5	1	0	0	175212	133	111	7240	203500	3000	1448	536	412000	40000	92	0	0	0	0	0
180.135876	2	177	5	1	0	0	176244	133	111	7240	203500	3000	1448	536	412000	40000	92	0	0	0	0	0
181.191746	2	178	5	1	0	0	177300	133	111	7240	203500	6000	1448	536	412000	40000	92	0	0	0	0	0
182.007084	2	179	5	1	0	8	178116	133	111	7240	203500	3000	1448	536	412000	40000	133	0	0	0	0	0
183.034929	2	180	5	1	0	0	179140	133	111	7240	203500	3000	1448	536	412000	40000	133	0	0	0	0	0
184.087826	2	181	5	1	0	0	180196	134	111	7240	203500	3000	1448	536	412000	40000	97	0	0	0	0	0
185.120082	2	182	5	1	0	0	181228	134	111	7240	203500	4000	1448	536	412000	40000	93	0	0	0	0	0
186.346897	2	183	5	1	0	0	182452	134	111	7240	203500	3000	1448	536	412000	40000	134	0	0	0	0	0
187.191852	2	184	5	1	0	0	183300	134	111	7240	203500	3000	1448	536	412000	40000	94	0	0	0	0	0
188.215112	2	185	5	1	0	8	184324	134	111	7240	203500	3000	1448	536	412000	40000	134	0	0	0	0	0
189.056096	2	186	5	1	0	0	185164	134	111	7240	203500	3000	1448	536	412000	40000	94	0	0	0	0	0
190.074822	2	187	5	1	0	0	186180	134	111	7240	203500	3000	1448	536	412000	40000	134	0	0	0	0	0
191.128014	2	188	5	1	0	8	187236	135	111	7240	203500	3000	1448	536	412000	40000	95	0	0	0	0	0
192.167966	2	189	5	1	0	44	188276	135	111	7240	203500	3000	1448	536	412000	40000	95	0	0	0	0	0
193.007081	2	190	5	1	0	0	189116	135	111	7240	203500	3000	1448	536	412000	40000	135	0	0	0	0	0
194.040058	2	191	5	1	0	24	190148	135	111	7240	203500	3000	1448	536	412000	40000	95	0	0	0	0	0
195.080088	2	192	5	1	0	56	191188	135	111	7240	203500	3000	1448	536	412000	40000	95	0	0	0	0	0
196.120086	2	193	5	1	0	92	192228	135	111	7240	203500	3000	1448	536	412000	40000	95	0	0	0	0	0
197.149734	2	194	5	1	0	0	193256	135	111	7240	203500	3000	1448	536	412000	40000	135	0	0	0	0	0
198.154571	2	195	5	1	0	0	194260	135	111	7240	203500	4000	1448	536	412000	40000	135	0	0	0	0	0
199.159701	2	196	5	1	0	0	195268	136	111	7240	207000	7000	1448	536	416000	40000	135	0	0	0	0	0
200.164438	2	197	5	1	0	0	196272	136	111	7240	215500	25000	1448	536	424000	40000	135	0	0	0	0	0
201.169252	2	198	5	1	0	0	197276	136	111	7240	217000	25000	1448	536	428000	40000	135	0	0	0	0	0
202.173809	2	199	5	1	0	0	198280	136	111	7240	217000	24000	1448	536	428000	40000	135	0	0	0	0	0
203.178873	2	200	5	1	0	0	199284	136	111	7240	216500	26000	1448	536	428000	40000	135	0	0	0	0	0
204.183403	2	201	5	1	0	0	200292	136	111	7240	217000	25000	1448	536	428000	40000	135	0	0	0	0	0
205.187706	2	202	5	1	0	0	201296	136	111	7240	217500	24000	1448	536	428000	40000	135	0	0	0	0	0
