protocol: 5
domain: reno_10Mbps_2ms
start-time: 1424602107
sender-id: 3
app-name: tinyhttpd
schema: 0 _experiment_metadata subject:string key:string value:string 
schema: 1 _client_instrumentation measurements_injected:uint32 measurements_dropped:uint32 bytes_allocated:uint64 bytes_freed:uint64 bytes_in_use:uint64 bytes_max:uint64 
schema: 2 tinyhttpd_tcp socket:int32 state:int32 ca_state:int32 last_data_sent:int32 last_data_recv:int32 snd_cwnd:int32 snd_ssthresh:int32 rcv_ssthresh:int32 rtt:int32 rttvar:int32 snd_mss:int32 rcv_mss:int32 rto:int32 ato:int32 unacked:int32 sacked:int32 lost:int32 retrans:int32 fackets:int32 total_retrans:int32 
schema: 3 tinyhttpd_peer socket:int32 ip:string port:int32 file:string 
content: text

4.004643	2	1	5	1	0	4	388	50	75	14480	46500	9000	1448	536	244000	40000	50	0	0	0	0	0
4.005289	1	1	1	0	18883	5907	12976	14345
5.015380	2	2	5	1	0	0	1396	76	75	14480	80000	14000	1448	536	280000	40000	59	0	0	0	0	0
5.015471	1	2	2	0	18883	5907	12976	14345
6.112276	2	3	5	1	0	0	2492	76	75	14480	82500	10000	1448	536	280000	40000	59	0	0	0	0	0
6.112368	1	3	3	0	18883	5907	12976	14345
7.052349	2	4	5	1	0	0	3432	77	75	14480	83000	9000	1448	536	280000	40000	58	0	0	0	0	0
7.052434	1	4	4	0	18883	5907	12976	14345
8.004596	2	5	5	1	0	8	4388	77	75	14480	83000	10000	1448	536	280000	40000	77	0	0	0	0	0
8.004687	1	5	5	0	18883	5907	12976	14345
9.089309	2	6	5	1	0	0	5472	78	75	14480	84500	11000	1448	536	284000	40000	57	0	0	0	0	0
9.089400	1	6	6	0	18883	5907	12976	14345
10.029522	2	7	5	1	0	0	6412	78	75	14480	83500	9000	1448	536	280000	40000	57	0	0	0	0	0
10.029616	1	7	7	0	18883	5907	12976	14345
11.126304	2	8	5	1	0	0	7508	79	75	14480	83500	10000	1448	536	280000	40000	56	0	0	0	0	0
11.126396	1	8	8	0	18883	5907	12976	14345
12.066400	2	9	5	1	0	0	8448	79	75	14480	84000	9000	1448	536	284000	40000	56	0	0	0	0	0
12.066490	1	9	9	0	18883	5907	12976	14345
13.006549	2	10	5	1	0	0	9388	80	75	14480	84000	10000	1448	536	284000	40000	55	0	0	0	0	0
13.006625	1	10	10	0	18883	5907	12976	14345
14.103383	2	11	5	1	0	0	10484	80	75	14480	83500	10000	1448	536	280000	40000	55	0	0	0	0	0
14.103470	1	11	11	0	18883	5907	12976	14345
15.043451	2	12	5	1	0	0	11424	81	75	14480	83500	10000	1448	536	280000	40000	55	0	0	0	0	0
15.043545	1	12	12	0	18883	5907	12976	14345
16.140176	2	13	5	1	0	0	12520	81	75	14480	92500	11000	1448	536	292000	40000	63	0	0	0	0	0
16.140272	1	13	13	0	18883	5907	12976	14345
17.080355	2	14	5	1	0	0	13460	81	75	14480	92500	11000	1448	536	292000	40000	63	0	0	0	0	0
17.080448	1	14	14	0	18883	5907	12976	14345
18.020535	2	15	5	1	0	0	14400	82	75	14480	93000	13000	1448	536	292000	40000	61	0	0	0	0	0
18.020621	1	15	15	0	18883	5907	12976	14345
19.117404	2	16	5	1	0	0	15500	82	75	14480	93000	13000	1448	536	292000	40000	61	0	0	0	0	0
19.117494	1	16	16	0	18883	5907	12976	14345
20.057719	2	17	5	1	0	0	16440	83	75	14480	93500	10000	1448	536	292000	40000	59	0	0	0	0	0
20.057812	1	17	17	0	18883	5907	12976	14345
21.004593	2	18	5	1	0	8	17388	83	75	14480	93500	12000	1448	536	292000	40000	59	0	0	0	0	0
21.004686	1	18	18	0	18883	5907	12976	14345
22.073607	2	19	5	1	0	0	18456	84	75	14480	91500	7000	1448	536	288000	40000	84	0	0	0	0	0
22.073699	1	19	19	0	18883	5907	12976	14345
23.027969	2	20	5	1	0	44	19408	84	75	14480	90000	9000	1448	536	288000	40000	78	0	0	0	0	0
23.028062	1	20	20	0	18883	5907	12976	14345
24.114384	2	21	5	1	0	0	20496	85	75	14480	94500	9000	1448	536	292000	40000	85	0	0	0	0	0
24.114476	1	21	21	0	18883	5907	12976	14345
25.054584	2	22	5	1	0	0	21436	85	75	14480	94500	8000	1448	536	292000	40000	85	0	0	0	0	0
25.054678	1	22	22	0	18883	5907	12976	14345
26.004598	2	23	5	1	0	12	22388	86	75	14480	94500	8000	1448	536	292000	40000	86	0	0	0	0	0
26.004694	1	23	23	0	18883	5907	12976	14345
27.095320	2	24	5	1	0	36	23476	86	75	14480	97500	8000	1448	536	296000	40000	74	0	0	0	0	0
27.095413	1	24	24	0	18883	5907	12976	14345
28.038109	2	25	5	1	0	40	24420	87	75	14480	97000	7000	1448	536	296000	40000	77	0	0	0	0	0
28.038203	1	25	25	0	18883	5907	12976	14345
29.076942	2	26	5	1	0	0	25460	87	75	14480	95000	9000	1448	536	292000	40000	87	0	0	0	0	0
29.077034	1	26	26	0	18883	5907	12976	14345
30.124282	2	27	5	1	0	36	26504	88	75	14480	99000	7000	1448	536	296000	40000	77	0	0	0	0	0
30.124466	1	27	27	0	18883	5907	12976	14345
31.027515	2	28	5	1	0	0	27408	88	75	14480	100500	7000	1448	536	300000	40000	88	0	0	0	0	0
31.027606	1	28	28	0	18883	5907	12976	14345
32.108212	2	29	5	1	0	36	28488	89	75	14480	99000	7000	1448	536	296000	40000	76	0	0	0	0	0
32.108305	1	29	29	0	18883	5907	12976	14345
33.012686	2	30	5	1	0	0	29396	89	75	14480	102000	6000	1448	536	300000	40000	89	0	0	0	0	0
33.012774	1	30	30	0	18883	5907	12976	14345
34.144783	2	31	5	1	0	0	30528	89	75	14480	99500	7000	1448	536	296000	40000	89	0	0	0	0	0
34.144898	1	31	31	0	18883	5907	12976	14345
35.049705	2	32	5	1	0	0	31432	90	75	14480	105500	3000	1448	536	304000	40000	90	0	0	0	0	0
35.049798	1	32	32	0	18883	5907	12976	14345
36.004594	2	33	5	1	0	16	32388	90	75	14480	107500	3000	1448	536	304000	40000	90	0	0	0	0	0
36.004689	1	33	33	0	18883	5907	12976	14345
37.086447	2	34	5	1	0	0	33468	91	75	14480	108000	4000	1448	536	308000	40000	91	0	0	0	0	0
37.086539	1	34	34	0	18883	5907	12976	14345
38.027422	2	35	5	1	0	0	34408	91	75	14480	119500	22000	1448	536	316000	40000	90	0	0	0	0	0
38.027515	1	35	35	0	18883	5907	12976	14345
39.123423	2	36	5	1	0	0	35504	91	75	14480	122000	24000	1448	536	320000	40000	90	0	0	0	0	0
39.123504	1	36	36	0	18883	5907	12976	14345
40.062683	2	37	5	1	0	0	36444	91	75	14480	122000	25000	1448	536	320000	40000	90	0	0	0	0	0
40.062779	1	37	37	0	18883	5907	12976	14345
41.001991	2	38	5	1	0	0	37384	91	75	14480	122000	25000	1448	536	320000	40000	90	0	0	0	0	0
41.002078	1	38	38	0	18883	5907	12976	14345
42.100021	2	39	5	1	0	0	38480	92	75	14480	114500	18000	1448	536	312000	40000	90	0	0	0	0	0
42.100113	1	39	39	0	18883	5907	12976	14345
43.040069	2	40	5	1	0	0	39420	92	75	14480	114500	18000	1448	536	312000	40000	90	0	0	0	0	0
43.040154	1	40	40	0	18883	5907	12976	14345
44.138183	2	41	5	1	0	0	40520	93	75	14480	113500	16000	1448	536	312000	40000	90	0	0	0	0	0
44.138270	1	41	41	0	18883	5907	12976	14345
45.078183	2	42	5	1	0	0	41460	93	75	14480	114000	16000	1448	536	312000	40000	90	0	0	0	0	0
45.078288	1	42	42	0	18883	5907	12976	14345
46.018236	2	43	5	1	0	0	42400	93	75	14480	113500	16000	1448	536	312000	40000	90	0	0	0	0	0
46.018329	1	43	43	0	18883	5907	12976	14345
47.116423	2	44	5	1	0	0	43496	94	75	14480	113000	16000	1448	536	312000	40000	90	0	0	0	0	0
47.116515	1	44	44	0	18883	5907	12976	14345
48.056556	2	45	5	1	0	4	44440	94	75	14480	113000	17000	1448	536	312000	40000	90	0	0	0	0	0
48.056643	1	45	45	0	18883	5907	12976	14345
49.004592	2	46	5	1	0	8	45388	95	75	14480	113000	15000	1448	536	312000	40000	90	0	0	0	0	0
49.004676	1	46	46	0	18883	5907	12976	14345
50.094385	2	47	5	1	0	0	46476	95	75	14480	112500	15000	1448	536	312000	40000	90	0	0	0	0	0
50.094510	1	47	47	0	18883	5907	12976	14345
51.034827	2	48	5	1	0	0	47416	95	75	14480	113000	15000	1448	536	312000	40000	90	0	0	0	0	0
51.034916	1	48	48	0	18883	5907	12976	14345
52.132698	2	49	5	1	0	0	48516	96	75	14480	113000	17000	1448	536	312000	40000	90	0	0	0	0	0
52.132792	1	49	49	0	18883	5907	12976	14345
53.072893	2	50	5	1	0	0	49456	96	75	14480	113000	17000	1448	536	312000	40000	90	0	0	0	0	0
53.072986	1	50	50	0	18883	5907	12976	14345
54.014179	2	51	5	1	0	0	50396	97	75	14480	112500	15000	1448	536	312000	40000	90	0	0	0	0	0
54.014268	1	51	51	0	18883	5907	12976	14345
55.110781	2	52	5	1	0	0	51492	97	75	14480	112500	16000	1448	536	312000	40000	90	0	0	0	0	0
55.110874	1	52	52	0	18883	5907	12976	14345
56.051081	2	53	5	1	0	0	52432	97	75	14480	112500	16000	1448	536	312000	40000	90	0	0	0	0	0
56.051175	1	53	53	0	18883	5907	12976	14345
57.139559	2	54	5	1	0	0	53520	98	75	14480	112500	16000	1448	536	312000	40000	90	0	0	0	0	0
57.139652	1	54	54	0	18883	5907	12976	14345
58.183491	2	55	5	1	0	0	54564	98	75	14480	112500	17000	1448	536	312000	40000	90	0	0	0	0	0
58.183586	1	55	55	0	18883	5907	12976	14345
59.018712	2	56	5	1	0	0	55400	98	75	14480	112500	17000	1448	536	312000	40000	90	0	0	0	0	0
59.018797	1	56	56	0	18883	5907	12976	14345
60.062856	2	57	5	1	0	0	56444	99	75	14480	113000	17000	1448	536	312000	40000	90	0	0	0	0	0
60.062951	1	57	57	0	18883	5907	12976	14345
61.106851	2	58	5	1	0	0	57488	99	75	14480	113000	17000	1448	536	312000	40000	90	0	0	0	0	0
61.107020	1	58	58	0	18883	5907	12976	14345
62.150820	2	59	5	1	0	0	58532	99	75	14480	113000	17000	1448	536	312000	40000	90	0	0	0	0	0
62.150915	1	59	59	0	18883	5907	12976	14345
63.194910	2	60	5	1	0	0	59576	100	75	14480	113000	17000	1448	536	312000	40000	90	0	0	0	0	0
63.195004	1	60	60	0	18883	5907	12976	14345
64.030109	2	61	5	1	0	0	60412	100	75	14480	112500	16000	1448	536	312000	40000	90	0	0	0	0	0
64.030201	1	61	61	0	18883	5907	12976	14345
65.073974	2	62	5	1	0	0	61456	100	75	14480	113000	17000	1448	536	312000	40000	90	0	0	0	0	0
65.074064	1	62	62	0	18883	5907	12976	14345
66.118190	2	63	5	1	0	0	62500	100	75	14480	112500	16000	1448	536	312000	40000	90	0	0	0	0	0
66.118284	1	63	63	0	18883	5907	12976	14345
67.162066	2	64	5	1	0	0	63544	101	75	14480	112500	16000	1448	536	312000	40000	90	0	0	0	0	0
67.162158	1	64	64	0	18883	5907	12976	14345
68.004609	2	65	5	1	0	0	64388	101	75	14480	113000	17000	1448	536	312000	40000	101	0	0	0	0	0
68.004704	1	65	65	0	18883	5907	12976	14345
69.041396	2	66	5	1	0	0	65424	101	75	14480	113000	17000	1448	536	312000	40000	90	0	0	0	0	0
69.041522	1	66	66	0	18883	5907	12976	14345
70.085471	2	67	5	1	0	0	66468	102	75	14480	112500	16000	1448	536	312000	40000	90	0	0	0	0	0
70.085566	1	67	67	0	18883	5907	12976	14345
71.129464	2	68	5	1	0	0	67512	102	75	14480	112500	16000	1448	536	312000	40000	90	0	0	0	0	0
71.129558	1	68	68	0	18883	5907	12976	14345
72.173487	2	69	5	1	0	0	68556	102	75	14480	112500	17000	1448	536	312000	40000	90	0	0	0	0	0
72.173583	1	69	69	0	18883	5907	12976	14345
73.008666	2	70	5	1	0	0	69392	102	75	14480	113000	16000	1448	536	312000	40000	90	0	0	0	0	0
73.008758	1	70	70	0	18883	5907	12976	14345
74.052756	2	71	5	1	0	0	70436	103	75	14480	112500	16000	1448	536	312000	40000	90	0	0	0	0	0
74.052845	1	71	71	0	18883	5907	12976	14345
75.096575	2	72	5	1	0	4	71480	103	75	14480	111500	18000	1448	536	308000	40000	90	0	0	0	0	0
75.096662	1	72	72	0	18883	5907	12976	14345
76.140656	2	73	5	1	0	0	72524	103	75	14480	112500	17000	1448	536	312000	40000	90	0	0	0	0	0
76.140751	1	73	73	0	18883	5907	12976	14345
77.184667	2	74	5	1	0	0	73568	104	75	14480	113500	17000	1448	536	312000	40000	90	0	0	0	0	0
77.184760	1	74	74	0	18883	5907	12976	14345
78.019814	2	75	5	1	0	0	74400	104	75	14480	112000	18000	1448	536	312000	40000	90	0	0	0	0	0
78.019935	1	75	75	0	18883	5907	12976	14345
79.063908	2	76	5	1	0	0	75444	104	75	14480	112000	18000	1448	536	312000	40000	90	0	0	0	0	0
79.063987	1	76	76	0	18883	5907	12976	14345
80.107752	2	77	5	1	0	0	76488	104	75	14480	112000	18000	1448	536	312000	40000	90	0	0	0	0	0
80.107844	1	77	77	0	18883	5907	12976	14345
81.065011	2	78	5	1	0	0	77448	105	75	14480	117000	16000	1448	536	316000	40000	90	0	0	0	0	0
81.065104	1	78	78	0	18883	5907	12976	14345
82.004822	2	79	5	1	0	0	78388	105	75	14480	120500	11000	1448	536	320000	40000	90	0	0	0	0	0
82.004912	1	79	79	0	18883	5907	12976	14345
83.101224	2	80	5	1	0	0	79484	105	75	14480	120500	11000	1448	536	320000	40000	90	0	0	0	0	0
83.101318	1	80	80	0	18883	5907	12976	14345
84.040944	2	81	5	1	0	0	80424	105	75	14480	120500	11000	1448	536	320000	40000	90	0	0	0	0	0
84.041039	1	81	81	0	18883	5907	12976	14345
85.138710	2	82	5	1	0	0	81520	106	75	14480	118000	8000	1448	536	316000	40000	90	0	0	0	0	0
85.138803	1	82	82	0	18883	5907	12976	14345
86.078909	2	83	5	1	0	0	82460	106	75	14480	118000	8000	1448	536	316000	40000	90	0	0	0	0	0
86.079003	1	83	83	0	18883	5907	12976	14345
87.019521	2	84	5	1	0	0	83400	107	75	14480	118000	8000	1448	536	316000	40000	90	0	0	0	0	0
87.019616	1	84	84	0	18883	5907	12976	14345
88.117144	2	85	5	1	0	0	84500	107	75	14480	120500	10000	1448	536	320000	40000	90	0	0	0	0	0
88.117238	1	85	85	0	18883	5907	12976	14345
89.057277	2	86	5	1	0	0	85440	107	75	14480	120500	11000	1448	536	320000	40000	90	0	0	0	0	0
89.057363	1	86	86	0	18883	5907	12976	14345
90.004609	2	87	5	1	0	0	86388	108	75	14480	120500	9000	1448	536	320000	40000	108	0	0	0	0	0
90.004702	1	87	87	0	18883	5907	12976	14345
91.095282	2	88	5	1	0	0	87476	108	75	14480	118000	10000	1448	536	316000	40000	90	0	0	0	0	0
91.095375	1	88	88	0	18883	5907	12976	14345
92.035372	2	89	5	1	0	0	88416	108	75	14480	118000	9000	1448	536	316000	40000	90	0	0	0	0	0
92.035467	1	89	89	0	18883	5907	12976	14345
93.133427	2	90	5	1	0	0	89516	109	75	14480	120500	11000	1448	536	320000	40000	90	0	0	0	0	0
93.133519	1	90	90	0	18883	5907	12976	14345
94.073576	2	91	5	1	0	0	90456	109	75	14480	120000	12000	1448	536	320000	40000	90	0	0	0	0	0
94.073665	1	91	91	0	18883	5907	12976	14345
95.013623	2	92	5	1	0	0	91396	109	75	14480	120500	12000	1448	536	320000	40000	90	0	0	0	0	0
95.013710	1	92	92	0	18883	5907	12976	14345
96.111716	2	93	5	1	0	0	92492	110	75	14480	117500	11000	1448	536	316000	40000	90	0	0	0	0	0
96.111809	1	93	93	0	18883	5907	12976	14345
97.051599	2	94	5	1	0	0	93432	110	75	14480	116500	11000	1448	536	316000	40000	90	0	0	0	0	0
97.051691	1	94	94	0	18883	5907	12976	14345
98.004600	2	95	5	1	0	8	94388	110	75	14480	116500	11000	1448	536	316000	40000	110	0	0	0	0	0
98.004695	1	95	95	0	18883	5907	12976	14345
99.089801	2	96	5	1	0	0	95472	111	75	14480	121000	12000	1448	536	320000	40000	90	0	0	0	0	0
99.089898	1	96	96	0	18883	5907	12976	14345
100.030049	2	97	5	1	0	0	96412	111	75	14480	121000	12000	1448	536	320000	40000	90	0	0	0	0	0
100.030139	1	97	97	0	18883	5907	12976	14345
101.126753	2	98	5	1	0	0	97508	111	75	14480	117000	11000	1448	536	316000	40000	90	0	0	0	0	0
101.126846	1	98	98	0	18883	5907	12976	14345
102.068005	2	99	5	1	0	0	98448	112	75	14480	121000	14000	1448	536	320000	40000	90	0	0	0	0	0
102.068099	1	99	99	0	18883	5907	12976	14345
103.007854	2	100	5	1	0	0	99388	112	75	14480	121000	15000	1448	536	320000	40000	90	0	0	0	0	0
103.007945	1	100	100	0	18883	5907	12976	14345
104.156432	2	101	5	1	0	0	100536	112	75	14480	123000	19000	1448	536	320000	40000	90	0	0	0	0	0
104.156548	1	101	101	0	18883	5907	12976	14345
105.096226	2	102	5	1	0	0	101476	112	75	14480	121000	15000	1448	536	320000	40000	90	0	0	0	0	0
105.096318	1	102	102	0	18883	5907	12976	14345
106.037074	2	103	5	1	0	0	102420	113	75	14480	121000	15000	1448	536	320000	40000	113	0	0	0	0	0
106.037168	1	103	103	0	18883	5907	12976	14345
107.133040	2	104	5	1	0	0	103516	113	75	14480	121000	15000	1448	536	320000	40000	113	0	0	0	0	0
107.133134	1	104	104	0	18883	5907	12976	14345
108.073534	2	105	5	1	0	0	104456	113	75	14480	121500	15000	1448	536	320000	40000	113	0	0	0	0	0
108.073624	1	105	105	0	18883	5907	12976	14345
109.011792	2	106	5	1	0	0	105392	113	75	14480	121000	14000	1448	536	320000	40000	113	0	0	0	0	0
109.011881	1	106	106	0	18883	5907	12976	14345
110.107866	2	107	5	1	0	0	106488	113	75	14480	121000	14000	1448	536	320000	40000	113	0	0	0	0	0
110.107958	1	107	107	0	18883	5907	12976	14345
111.048583	2	108	5	1	0	4	107432	114	75	14480	121500	16000	1448	536	320000	40000	114	0	0	0	0	0
111.048677	1	108	108	0	18883	5907	12976	14345
112.144418	2	109	5	1	0	0	108524	114	75	14480	121500	15000	1448	536	320000	40000	114	0	0	0	0	0
112.144513	1	109	109	0	18883	5907	12976	14345
113.083994	2	110	5	1	0	0	109464	114	75	14480	121500	16000	1448	536	320000	40000	114	0	0	0	0	0
113.084089	1	110	110	0	18883	5907	12976	14345
114.023448	2	111	5	1	0	0	110404	114	75	14480	121500	16000	1448	536	320000	40000	114	0	0	0	0	0
114.023542	1	111	111	0	18883	5907	12976	14345
115.120392	2	112	5	1	0	0	111500	115	75	14480	121500	16000	1448	536	320000	40000	115	0	0	0	0	0
115.120484	1	112	112	0	18883	5907	12976	14345
116.060096	2	113	5	1	0	0	112440	115	75	14480	121000	15000	1448	536	320000	40000	115	0	0	0	0	0
116.060190	1	113	113	0	18883	5907	12976	14345
117.000598	2	114	5	1	0	4	113384	115	75	14480	121500	14000	1448	536	320000	40000	115	0	0	0	0	0
117.000687	1	114	114	0	18883	5907	12976	14345
118.095400	2	115	5	1	0	0	114476	115	75	14480	121500	16000	1448	536	320000	40000	115	0	0	0	0	0
118.095494	1	115	115	0	18883	5907	12976	14345
119.034943	2	116	5	1	0	0	115416	115	75	14480	121500	16000	1448	536	320000	40000	115	0	0	0	0	0
119.035032	1	116	116	0	18883	5907	12976	14345
120.131939	2	117	5	1	0	0	116512	116	75	14480	121500	16000	1448	536	320000	40000	116	0	0	0	0	0
120.132063	1	117	117	0	18883	5907	12976	14345
121.071583	2	118	5	1	0	0	117452	116	75	14480	121500	16000	1448	536	320000	40000	116	0	0	0	0	0
121.071677	1	118	118	0	18883	5907	12976	14345
122.011027	2	119	5	1	0	0	118392	116	75	14480	121500	15000	1448	536	320000	40000	116	0	0	0	0	0
122.011123	1	119	119	0	18883	5907	12976	14345
123.107039	2	120	5	1	0	0	119488	116	75	14480	121500	14000	1448	536	320000	40000	116	0	0	0	0	0
123.107132	1	120	120	0	18883	5907	12976	14345
124.047571	2	121	5	1	0	0	120428	117	75	14480	121500	16000	1448	536	320000	40000	117	0	0	0	0	0
124.047662	1	121	121	0	18883	5907	12976	14345
125.143502	2	122	5	1	0	0	121524	117	75	14480	121500	16000	1448	536	320000	40000	117	0	0	0	0	0
125.143590	1	122	122	0	18883	5907	12976	14345
126.083060	2	123	5	1	0	0	122464	117	75	14480	121500	16000	1448	536	320000	40000	117	0	0	0	0	0
126.083154	1	123	123	0	18883	5907	12976	14345
126.553842	3	1	5	10.1.1.1	45223	htdocs/file.txt
