protocol: 5
domain: reno_10Mbps_1ms
start-time: 1424601497
sender-id: 3
app-name: tinyhttpd
schema: 0 _experiment_metadata subject:string key:string value:string 
schema: 1 _client_instrumentation measurements_injected:uint32 measurements_dropped:uint32 bytes_allocated:uint64 bytes_freed:uint64 bytes_in_use:uint64 bytes_max:uint64 
schema: 2 tinyhttpd_tcp socket:int32 state:int32 ca_state:int32 last_data_sent:int32 last_data_recv:int32 snd_cwnd:int32 snd_ssthresh:int32 rcv_ssthresh:int32 rtt:int32 rttvar:int32 snd_mss:int32 rcv_mss:int32 rto:int32 ato:int32 unacked:int32 sacked:int32 lost:int32 retrans:int32 fackets:int32 total_retrans:int32 
schema: 3 tinyhttpd_peer socket:int32 ip:string port:int32 file:string 
content: text

4.004617	2	1	5	1	0	8	696	69	75	14480	63000	12000	1448	536	272000	40000	69	0	0	0	0	0
4.005292	1	1	1	0	18883	5907	12976	14345
5.019424	2	2	5	1	0	0	1708	76	75	14480	82500	10000	1448	536	292000	40000	59	0	0	0	0	0
5.019514	1	2	2	0	18883	5907	12976	14345
6.116219	2	3	5	1	0	0	2804	76	75	14480	82500	9000	1448	536	292000	40000	59	0	0	0	0	0
6.116303	1	3	3	0	18883	5907	12976	14345
7.056320	2	4	5	1	0	0	3744	77	75	14480	83000	10000	1448	536	292000	40000	58	0	0	0	0	0
7.056401	1	4	4	0	18883	5907	12976	14345
8.004599	2	5	5	1	0	4	4696	77	75	14480	83000	10000	1448	536	292000	40000	77	0	0	0	0	0
8.004697	1	5	5	0	18883	5907	12976	14345
9.093184	2	6	5	1	0	0	5784	78	75	14480	84500	11000	1448	536	296000	40000	57	0	0	0	0	0
9.093274	1	6	6	0	18883	5907	12976	14345
10.033317	2	7	5	1	0	0	6724	78	75	14480	83500	9000	1448	536	292000	40000	57	0	0	0	0	0
10.033410	1	7	7	0	18883	5907	12976	14345
11.130098	2	8	5	1	0	0	7820	79	75	14480	83500	10000	1448	536	292000	40000	56	0	0	0	0	0
11.130183	1	8	8	0	18883	5907	12976	14345
12.070131	2	9	5	1	0	0	8760	79	75	14480	83500	10000	1448	536	292000	40000	56	0	0	0	0	0
12.070222	1	9	9	0	18883	5907	12976	14345
13.010230	2	10	5	1	0	0	9700	80	75	14480	84000	10000	1448	536	296000	40000	55	0	0	0	0	0
13.010324	1	10	10	0	18883	5907	12976	14345
14.107134	2	11	5	1	0	0	10796	80	75	14480	83500	10000	1448	536	292000	40000	55	0	0	0	0	0
14.107228	1	11	11	0	18883	5907	12976	14345
15.047146	2	12	5	1	0	0	11736	81	75	14480	90500	11000	1448	536	300000	40000	63	0	0	0	0	0
15.047247	1	12	12	0	18883	5907	12976	14345
16.143995	2	13	5	1	0	0	12832	81	75	14480	92500	10000	1448	536	304000	40000	63	0	0	0	0	0
16.144083	1	13	13	0	18883	5907	12976	14345
17.084150	2	14	5	1	0	0	13772	82	75	14480	92500	11000	1448	536	304000	40000	61	0	0	0	0	0
17.084235	1	14	14	0	18883	5907	12976	14345
18.024027	2	15	5	1	0	0	14712	82	75	14480	92500	13000	1448	536	304000	40000	61	0	0	0	0	0
18.024120	1	15	15	0	18883	5907	12976	14345
19.120949	2	16	5	1	0	0	15812	83	75	14480	94000	14000	1448	536	304000	40000	59	0	0	0	0	0
19.121042	1	16	16	0	18883	5907	12976	14345
20.061044	2	17	5	1	0	0	16752	83	75	14480	94000	13000	1448	536	304000	40000	59	0	0	0	0	0
20.061137	1	17	17	0	18883	5907	12976	14345
21.004598	2	18	5	1	0	4	17696	84	75	14480	93500	12000	1448	536	304000	40000	59	0	0	0	0	0
21.004687	1	18	18	0	18883	5907	12976	14345
22.090904	2	19	5	1	0	44	18780	84	75	14480	90000	10000	1448	536	300000	40000	78	0	0	0	0	0
22.090995	1	19	19	0	18883	5907	12976	14345
23.031355	2	20	5	1	0	44	19720	84	75	14480	90000	8000	1448	536	300000	40000	78	0	0	0	0	0
23.031445	1	20	20	0	18883	5907	12976	14345
24.117827	2	21	5	1	0	0	20808	85	75	14480	94000	8000	1448	536	304000	40000	85	0	0	0	0	0
24.117920	1	21	21	0	18883	5907	12976	14345
25.058033	2	22	5	1	0	0	21748	85	75	14480	94500	8000	1448	536	304000	40000	85	0	0	0	0	0
25.058124	1	22	22	0	18883	5907	12976	14345
26.004601	2	23	5	1	0	44	22696	86	75	14480	97000	7000	1448	536	308000	40000	74	0	0	0	0	0
26.004690	1	23	23	0	18883	5907	12976	14345
27.098821	2	24	5	1	0	40	23788	86	75	14480	97000	7000	1448	536	308000	40000	74	0	0	0	0	0
27.098902	1	24	24	0	18883	5907	12976	14345
28.094911	2	25	5	1	0	40	24784	87	75	14480	99500	8000	1448	536	308000	40000	78	0	0	0	0	0
28.094998	1	25	25	0	18883	5907	12976	14345
29.132590	2	26	5	1	0	4	25824	87	75	14480	95500	8000	1448	536	304000	40000	87	0	0	0	0	0
29.132702	1	26	26	0	18883	5907	12976	14345
30.020622	2	27	5	1	0	0	26712	88	75	14480	99500	7000	1448	536	308000	40000	88	0	0	0	0	0
30.020863	1	27	27	0	18883	5907	12976	14345
31.014543	2	28	5	1	0	0	27704	88	75	14480	98500	7000	1448	536	308000	40000	88	0	0	0	0	0
31.014623	1	28	28	0	18883	5907	12976	14345
32.009289	2	29	5	1	0	40	28700	89	75	14480	99500	8000	1448	536	308000	40000	77	0	0	0	0	0
32.009380	1	29	29	0	18883	5907	12976	14345
33.067974	2	30	5	1	0	0	29756	89	75	14480	102000	4000	1448	536	312000	40000	89	0	0	0	0	0
33.068086	1	30	30	0	18883	5907	12976	14345
34.008145	2	31	5	1	0	0	30696	90	75	14480	97500	7000	1448	536	308000	40000	90	0	0	0	0	0
34.008236	1	31	31	0	18883	5907	12976	14345
35.104846	2	32	5	1	0	0	31796	90	75	14480	105500	4000	1448	536	316000	40000	90	0	0	0	0	0
35.104939	1	32	32	0	18883	5907	12976	14345
36.045091	2	33	5	1	0	0	32736	90	75	14480	107000	3000	1448	536	316000	40000	90	0	0	0	0	0
36.045176	1	33	33	0	18883	5907	12976	14345
37.141794	2	34	5	1	0	0	33832	91	75	14480	107500	3000	1448	536	316000	40000	91	0	0	0	0	0
37.141880	1	34	34	0	18883	5907	12976	14345
38.082497	2	35	5	1	0	0	34772	91	75	14480	120500	22000	1448	536	332000	40000	90	0	0	0	0	0
38.082590	1	35	35	0	18883	5907	12976	14345
39.021889	2	36	5	1	0	0	35712	91	75	14480	121500	26000	1448	536	332000	40000	90	0	0	0	0	0
39.021978	1	36	36	0	18883	5907	12976	14345
40.117961	2	37	5	1	0	0	36808	91	75	14480	122000	26000	1448	536	332000	40000	90	0	0	0	0	0
40.118053	1	37	37	0	18883	5907	12976	14345
41.057349	2	38	5	1	0	0	37748	91	75	14480	122500	26000	1448	536	332000	40000	90	0	0	0	0	0
41.057437	1	38	38	0	18883	5907	12976	14345
42.004613	2	39	5	1	0	0	38696	92	75	14480	121000	22000	1448	536	332000	40000	92	0	0	0	0	0
42.004705	1	39	39	0	18883	5907	12976	14345
43.094764	2	40	5	1	0	0	39784	92	75	14480	114000	16000	1448	536	324000	40000	90	0	0	0	0	0
43.094857	1	40	40	0	18883	5907	12976	14345
44.034852	2	41	5	1	0	0	40724	92	75	14480	114000	16000	1448	536	324000	40000	90	0	0	0	0	0
44.034945	1	41	41	0	18883	5907	12976	14345
45.132794	2	42	5	1	0	0	41824	93	75	14480	114500	17000	1448	536	324000	40000	90	0	0	0	0	0
45.132885	1	42	42	0	18883	5907	12976	14345
46.072949	2	43	5	1	0	0	42764	93	75	14480	114500	17000	1448	536	324000	40000	90	0	0	0	0	0
46.073041	1	43	43	0	18883	5907	12976	14345
47.014241	2	44	5	1	0	0	43704	94	75	14480	114000	16000	1448	536	324000	40000	90	0	0	0	0	0
47.014315	1	44	44	0	18883	5907	12976	14345
48.111064	2	45	5	1	0	0	44800	94	75	14480	113500	16000	1448	536	324000	40000	90	0	0	0	0	0
48.111159	1	45	45	0	18883	5907	12976	14345
49.051159	2	46	5	1	0	0	45740	94	75	14480	113500	16000	1448	536	324000	40000	90	0	0	0	0	0
49.051252	1	46	46	0	18883	5907	12976	14345
50.004600	2	47	5	1	0	8	46696	95	75	14480	113000	17000	1448	536	324000	40000	95	0	0	0	0	0
50.004697	1	47	47	0	18883	5907	12976	14345
51.089183	2	48	5	1	0	0	47780	95	75	14480	113500	17000	1448	536	324000	40000	90	0	0	0	0	0
51.089275	1	48	48	0	18883	5907	12976	14345
52.030471	2	49	5	1	0	0	48720	96	75	14480	113000	15000	1448	536	324000	40000	90	0	0	0	0	0
52.030558	1	49	49	0	18883	5907	12976	14345
53.127153	2	50	5	1	0	0	49816	96	75	14480	112500	16000	1448	536	324000	40000	90	0	0	0	0	0
53.127248	1	50	50	0	18883	5907	12976	14345
54.067446	2	51	5	1	0	0	50756	96	75	14480	112500	16000	1448	536	324000	40000	90	0	0	0	0	0
54.067538	1	51	51	0	18883	5907	12976	14345
55.008683	2	52	5	1	0	0	51700	97	75	14480	113000	16000	1448	536	324000	40000	90	0	0	0	0	0
55.008806	1	52	52	0	18883	5907	12976	14345
56.105600	2	53	5	1	0	0	52796	97	75	14480	112500	15000	1448	536	324000	40000	90	0	0	0	0	0
56.105693	1	53	53	0	18883	5907	12976	14345
57.089698	2	54	5	1	0	0	53780	98	75	14480	111500	14000	1448	536	320000	40000	98	0	0	0	0	0
57.089784	1	54	54	0	18883	5907	12976	14345
58.029469	2	55	5	1	0	0	54720	98	75	14480	113000	15000	1448	536	324000	40000	90	0	0	0	0	0
58.029561	1	55	55	0	18883	5907	12976	14345
59.073475	2	56	5	1	0	0	55764	98	75	14480	113000	16000	1448	536	324000	40000	90	0	0	0	0	0
59.073567	1	56	56	0	18883	5907	12976	14345
60.117655	2	57	5	1	0	0	56808	99	75	14480	113000	16000	1448	536	324000	40000	90	0	0	0	0	0
60.117749	1	57	57	0	18883	5907	12976	14345
61.161583	2	58	5	1	0	0	57852	99	75	14480	112500	16000	1448	536	324000	40000	90	0	0	0	0	0
61.161751	1	58	58	0	18883	5907	12976	14345
62.004604	2	59	5	1	0	0	58696	99	75	14480	113000	16000	1448	536	324000	40000	99	0	0	0	0	0
62.004691	1	59	59	0	18883	5907	12976	14345
63.040665	2	60	5	1	0	0	59732	99	75	14480	113000	16000	1448	536	324000	40000	90	0	0	0	0	0
63.040754	1	60	60	0	18883	5907	12976	14345
64.084873	2	61	5	1	0	0	60776	100	75	14480	113000	16000	1448	536	324000	40000	90	0	0	0	0	0
64.084966	1	61	61	0	18883	5907	12976	14345
65.128928	2	62	5	1	0	0	61820	100	75	14480	113000	16000	1448	536	324000	40000	90	0	0	0	0	0
65.129021	1	62	62	0	18883	5907	12976	14345
66.172905	2	63	5	1	0	0	62864	100	75	14480	113500	17000	1448	536	324000	40000	90	0	0	0	0	0
66.172996	1	63	63	0	18883	5907	12976	14345
67.008148	2	64	5	1	0	0	63696	100	75	14480	112500	17000	1448	536	324000	40000	90	0	0	0	0	0
67.008232	1	64	64	0	18883	5907	12976	14345
68.051893	2	65	5	1	0	0	64740	101	75	14480	112500	17000	1448	536	324000	40000	90	0	0	0	0	0
68.051989	1	65	65	0	18883	5907	12976	14345
69.096094	2	66	5	1	0	0	65784	101	75	14480	112500	17000	1448	536	324000	40000	90	0	0	0	0	0
69.096179	1	66	66	0	18883	5907	12976	14345
70.140029	2	67	5	1	0	0	66828	101	75	14480	112500	17000	1448	536	324000	40000	90	0	0	0	0	0
70.140125	1	67	67	0	18883	5907	12976	14345
71.184171	2	68	5	1	0	0	67872	102	75	14480	112500	17000	1448	536	324000	40000	90	0	0	0	0	0
71.184262	1	68	68	0	18883	5907	12976	14345
72.019381	2	69	5	1	0	0	68708	102	75	14480	112500	18000	1448	536	324000	40000	90	0	0	0	0	0
72.019467	1	69	69	0	18883	5907	12976	14345
73.063376	2	70	5	1	0	0	69752	102	75	14480	112500	18000	1448	536	324000	40000	90	0	0	0	0	0
73.063469	1	70	70	0	18883	5907	12976	14345
74.107371	2	71	5	1	0	0	70796	102	75	14480	112500	18000	1448	536	324000	40000	90	0	0	0	0	0
74.107465	1	71	71	0	18883	5907	12976	14345
75.151346	2	72	5	1	0	0	71840	103	75	14480	112000	17000	1448	536	324000	40000	90	0	0	0	0	0
75.151438	1	72	72	0	18883	5907	12976	14345
76.000597	2	73	5	1	0	8	72692	103	75	14480	112500	17000	1448	536	324000	40000	103	0	0	0	0	0
76.000693	1	73	73	0	18883	5907	12976	14345
77.030578	2	74	5	1	0	0	73720	103	75	14480	112500	17000	1448	536	324000	40000	90	0	0	0	0	0
77.030667	1	74	74	0	18883	5907	12976	14345
78.074543	2	75	5	1	0	0	74764	104	75	14480	112500	17000	1448	536	324000	40000	90	0	0	0	0	0
78.074636	1	75	75	0	18883	5907	12976	14345
79.118698	2	76	5	1	0	0	75808	104	75	14480	112000	18000	1448	536	324000	40000	90	0	0	0	0	0
79.118791	1	76	76	0	18883	5907	12976	14345
80.162584	2	77	5	1	0	0	76852	104	75	14480	112000	18000	1448	536	324000	40000	90	0	0	0	0	0
80.162677	1	77	77	0	18883	5907	12976	14345
81.000606	2	78	5	1	0	4	77692	104	75	14480	112000	17000	1448	536	324000	40000	90	0	0	0	0	0
81.000696	1	78	78	0	18883	5907	12976	14345
82.059417	2	79	5	1	0	0	78748	105	75	14480	119500	10000	1448	536	328000	40000	90	0	0	0	0	0
82.059509	1	79	79	0	18883	5907	12976	14345
83.000599	2	80	5	1	0	4	79692	105	75	14480	119500	9000	1448	536	328000	40000	90	0	0	0	0	0
83.000692	1	80	80	0	18883	5907	12976	14345
84.095593	2	81	5	1	0	0	80784	105	75	14480	119500	10000	1448	536	328000	40000	90	0	0	0	0	0
84.095687	1	81	81	0	18883	5907	12976	14345
85.036560	2	82	5	1	0	0	81724	106	75	14480	120000	10000	1448	536	332000	40000	90	0	0	0	0	0
85.036680	1	82	82	0	18883	5907	12976	14345
86.133300	2	83	5	1	0	0	82824	106	75	14480	118500	8000	1448	536	328000	40000	90	0	0	0	0	0
86.133392	1	83	83	0	18883	5907	12976	14345
87.073380	2	84	5	1	0	0	83764	106	75	14480	118500	8000	1448	536	328000	40000	90	0	0	0	0	0
87.073469	1	84	84	0	18883	5907	12976	14345
88.014777	2	85	5	1	0	0	84704	107	75	14480	118500	8000	1448	536	328000	40000	90	0	0	0	0	0
88.014860	1	85	85	0	18883	5907	12976	14345
89.111442	2	86	5	1	0	0	85800	107	75	14480	119500	10000	1448	536	328000	40000	90	0	0	0	0	0
89.111536	1	86	86	0	18883	5907	12976	14345
90.051518	2	87	5	1	0	0	86740	107	75	14480	119500	10000	1448	536	328000	40000	90	0	0	0	0	0
90.051614	1	87	87	0	18883	5907	12976	14345
91.004595	2	88	5	1	0	4	87696	108	75	14480	121000	12000	1448	536	332000	40000	108	0	0	0	0	0
91.004683	1	88	88	0	18883	5907	12976	14345
92.089804	2	89	5	1	0	0	88780	108	75	14480	118000	12000	1448	536	328000	40000	90	0	0	0	0	0
92.089895	1	89	89	0	18883	5907	12976	14345
93.029909	2	90	5	1	0	0	89720	108	75	14480	118000	11000	1448	536	328000	40000	90	0	0	0	0	0
93.029994	1	90	90	0	18883	5907	12976	14345
94.127892	2	91	5	1	0	0	90816	109	75	14480	120500	11000	1448	536	332000	40000	90	0	0	0	0	0
94.127986	1	91	91	0	18883	5907	12976	14345
95.068020	2	92	5	1	0	0	91756	109	75	14480	119500	9000	1448	536	328000	40000	90	0	0	0	0	0
95.068115	1	92	92	0	18883	5907	12976	14345
96.008131	2	93	5	1	0	0	92696	109	75	14480	120500	11000	1448	536	332000	40000	90	0	0	0	0	0
96.008221	1	93	93	0	18883	5907	12976	14345
97.106099	2	94	5	1	0	0	93796	110	75	14480	117500	11000	1448	536	328000	40000	90	0	0	0	0	0
97.106189	1	94	94	0	18883	5907	12976	14345
98.046113	2	95	5	1	0	0	94736	110	75	14480	117500	11000	1448	536	328000	40000	90	0	0	0	0	0
98.046207	1	95	95	0	18883	5907	12976	14345
99.143012	2	96	5	1	0	0	95832	111	75	14480	120000	12000	1448	536	332000	40000	90	0	0	0	0	0
99.143106	1	96	96	0	18883	5907	12976	14345
100.084301	2	97	5	1	0	0	96772	111	75	14480	120000	13000	1448	536	332000	40000	90	0	0	0	0	0
100.084396	1	97	97	0	18883	5907	12976	14345
101.024449	2	98	5	1	0	0	97712	111	75	14480	120000	13000	1448	536	332000	40000	90	0	0	0	0	0
101.024543	1	98	98	0	18883	5907	12976	14345
102.121285	2	99	5	1	0	0	98812	112	75	14480	118000	14000	1448	536	328000	40000	90	0	0	0	0	0
102.121377	1	99	99	0	18883	5907	12976	14345
103.062381	2	100	5	1	0	0	99752	112	75	14480	121500	15000	1448	536	332000	40000	90	0	0	0	0	0
103.062471	1	100	100	0	18883	5907	12976	14345
104.002098	2	101	5	1	0	0	100692	112	75	14480	121500	16000	1448	536	332000	40000	90	0	0	0	0	0
104.002192	1	101	101	0	18883	5907	12976	14345
105.098303	2	102	5	1	0	0	101788	112	75	14480	121500	14000	1448	536	332000	40000	90	0	0	0	0	0
105.098393	1	102	102	0	18883	5907	12976	14345
106.038330	2	103	5	1	0	0	102728	112	75	14480	121500	15000	1448	536	332000	40000	90	0	0	0	0	0
106.038424	1	103	103	0	18883	5907	12976	14345
107.135562	2	104	5	1	0	0	103824	113	75	14480	121500	16000	1448	536	332000	40000	113	0	0	0	0	0
107.135653	1	104	104	0	18883	5907	12976	14345
108.075115	2	105	5	1	0	0	104764	113	75	14480	121500	16000	1448	536	332000	40000	113	0	0	0	0	0
108.075205	1	105	105	0	18883	5907	12976	14345
109.014495	2	106	5	1	0	0	105704	113	75	14480	121500	16000	1448	536	332000	40000	113	0	0	0	0	0
109.014593	1	106	106	0	18883	5907	12976	14345
110.110367	2	107	5	1	0	0	106800	113	75	14480	121500	16000	1448	536	332000	40000	113	0	0	0	0	0
110.110472	1	107	107	0	18883	5907	12976	14345
111.050997	2	108	5	1	0	0	107740	114	75	14480	121500	16000	1448	536	332000	40000	114	0	0	0	0	0
111.051091	1	108	108	0	18883	5907	12976	14345
112.147096	2	109	5	1	0	0	108836	114	75	14480	121500	16000	1448	536	332000	40000	114	0	0	0	0	0
112.147189	1	109	109	0	18883	5907	12976	14345
113.086468	2	110	5	1	0	0	109776	114	75	14480	121500	16000	1448	536	332000	40000	114	0	0	0	0	0
113.086557	1	110	110	0	18883	5907	12976	14345
114.025845	2	111	5	1	0	0	110716	114	75	14480	121500	16000	1448	536	332000	40000	114	0	0	0	0	0
114.025940	1	111	111	0	18883	5907	12976	14345
115.121863	2	112	5	1	0	0	111812	114	75	14480	121500	16000	1448	536	332000	40000	114	0	0	0	0	0
115.121957	1	112	112	0	18883	5907	12976	14345
116.062608	2	113	5	1	0	0	112752	115	75	14480	121500	16000	1448	536	332000	40000	115	0	0	0	0	0
116.062703	1	113	113	0	18883	5907	12976	14345
117.004597	2	114	5	1	0	4	113696	115	75	14480	121500	15000	1448	536	332000	40000	115	0	0	0	0	0
117.004688	1	114	114	0	18883	5907	12976	14345
118.098110	2	115	5	1	0	0	114788	115	75	14480	121500	15000	1448	536	332000	40000	115	0	0	0	0	0
118.098198	1	115	115	0	18883	5907	12976	14345
119.037532	2	116	5	1	0	0	115728	115	75	14480	121500	17000	1448	536	332000	40000	115	0	0	0	0	0
119.037624	1	116	116	0	18883	5907	12976	14345
120.134694	2	117	5	1	0	0	116824	116	75	14480	121500	17000	1448	536	332000	40000	116	0	0	0	0	0
120.134789	1	117	117	0	18883	5907	12976	14345
121.074033	2	118	5	1	0	0	117764	116	75	14480	121500	16000	1448	536	332000	40000	116	0	0	0	0	0
121.074126	1	118	118	0	18883	5907	12976	14345
122.013535	2	119	5	1	0	0	118704	116	75	14480	121500	17000	1448	536	332000	40000	116	0	0	0	0	0
122.013628	1	119	119	0	18883	5907	12976	14345
123.109648	2	120	5	1	0	0	119800	116	75	14480	121500	17000	1448	536	332000	40000	116	0	0	0	0	0
123.109727	1	120	120	0	18883	5907	12976	14345
124.049094	2	121	5	1	0	0	120740	116	75	14480	121500	17000	1448	536	332000	40000	116	0	0	0	0	0
124.049187	1	121	121	0	18883	5907	12976	14345
125.146224	2	122	5	1	0	0	121836	117	75	14480	121500	16000	1448	536	332000	40000	117	0	0	0	0	0
125.146319	1	122	122	0	18883	5907	12976	14345
126.085667	2	123	5	1	0	0	122776	117	75	14480	121500	17000	1448	536	332000	40000	117	0	0	0	0	0
126.085761	1	123	123	0	18883	5907	12976	14345
126.243242	3	1	5	10.1.1.1	45219	htdocs/file.txt
