protocol: 5
domain: reno_500Mbps_300ms
start-time: 1424585882
sender-id: 3
app-name: tinyhttpd
schema: 0 _experiment_metadata subject:string key:string value:string 
schema: 1 _client_instrumentation measurements_injected:uint32 measurements_dropped:uint32 bytes_allocated:uint64 bytes_freed:uint64 bytes_in_use:uint64 bytes_max:uint64 
schema: 2 tinyhttpd_tcp socket:int32 state:int32 ca_state:int32 last_data_sent:int32 last_data_recv:int32 snd_cwnd:int32 snd_ssthresh:int32 rcv_ssthresh:int32 rtt:int32 rttvar:int32 snd_mss:int32 rcv_mss:int32 rto:int32 ato:int32 unacked:int32 sacked:int32 lost:int32 retrans:int32 fackets:int32 total_retrans:int32 
schema: 3 tinyhttpd_peer socket:int32 ip:string port:int32 file:string 
content: text

5.353089	2	1	5	1	0	0	904	12	111	7240	305000	12000	1448	536	760000	40000	8	0	0	0	0	0
5.353869	1	1	1	0	18892	5913	12979	14348
6.556176	2	2	5	1	0	0	2108	16	111	7240	303500	5000	1448	536	584000	40000	14	0	0	0	0	0
6.556260	1	2	2	0	18892	5913	12979	14348
7.157801	2	3	5	1	0	0	2708	20	111	7240	303500	3000	1448	536	548000	40000	16	0	0	0	0	0
7.157885	1	3	3	0	18892	5913	12979	14348
8.060462	2	4	5	1	0	0	3612	28	111	7240	303500	3000	1448	536	524000	40000	24	0	0	0	0	0
8.060535	1	4	4	0	18892	5913	12979	14348
9.564816	2	5	5	1	0	0	5116	42	111	7240	303500	3000	1448	536	512000	40000	42	0	0	0	0	0
9.564909	1	5	5	0	18892	5913	12979	14348
10.166588	2	6	5	1	0	0	5716	48	111	7240	303500	3000	1448	536	512000	40000	48	0	0	0	0	0
10.166663	1	6	6	0	18892	5913	12979	14348
11.370849	2	7	5	1	0	0	6920	58	111	7240	303500	3000	1448	536	512000	40000	44	0	0	0	0	0
11.370936	1	7	7	0	18892	5913	12979	14348
12.574043	2	8	5	1	0	0	8124	67	111	7240	303500	3000	1448	536	512000	40000	45	0	0	0	0	0
12.574126	1	8	8	0	18892	5913	12979	14348
13.181081	2	9	5	1	0	0	8732	73	111	7240	303500	3000	1448	536	512000	40000	73	0	0	0	0	0
13.181158	1	9	9	0	18892	5913	12979	14348
14.385870	2	10	5	1	0	0	9936	85	111	7240	303500	3000	1448	536	512000	40000	85	0	0	0	0	0
14.385948	1	10	10	0	18892	5913	12979	14348
15.003081	2	11	5	1	0	16	10556	95	111	7240	303500	3000	1448	536	512000	40000	95	0	0	0	0	0
15.003180	1	11	11	0	18892	5913	12979	14348
16.192066	2	12	5	1	0	0	11744	107	111	7240	304000	4000	1448	536	516000	40000	90	0	0	0	0	0
16.192139	1	12	12	0	18892	5913	12979	14348
17.396556	2	13	5	1	0	0	12948	112	111	7240	303500	3000	1448	536	512000	40000	90	0	0	0	0	0
17.396647	1	13	13	0	18892	5913	12979	14348
18.003100	2	14	5	1	0	4	13556	112	111	7240	303500	3000	1448	536	512000	40000	90	0	0	0	0	0
18.003167	1	14	14	0	18892	5913	12979	14348
19.218424	2	15	5	1	0	0	14768	112	111	7240	303500	3000	1448	536	512000	40000	90	0	0	0	0	0
19.218509	1	15	15	0	18892	5913	12979	14348
20.434458	2	16	5	1	0	0	15984	112	111	7240	303500	3000	1448	536	512000	40000	90	0	0	0	0	0
20.434544	1	16	16	0	18892	5913	12979	14348
21.042052	2	17	5	1	0	0	16592	112	111	7240	303500	3000	1448	536	512000	40000	90	0	0	0	0	0
21.042122	1	17	17	0	18892	5913	12979	14348
22.257077	2	18	5	1	0	0	17808	112	111	7240	303500	3000	1448	536	512000	40000	92	0	0	0	0	0
22.257192	1	18	18	0	18892	5913	12979	14348
23.472941	2	19	5	1	0	0	19024	112	111	7240	303500	3000	1448	536	512000	40000	92	0	0	0	0	0
23.473036	1	19	19	0	18892	5913	12979	14348
24.081118	2	20	5	1	0	0	19632	113	111	7240	303500	3000	1448	536	512000	40000	91	0	0	0	0	0
24.081189	1	20	20	0	18892	5913	12979	14348
25.297014	2	21	5	1	0	0	20848	113	111	7240	303500	3000	1448	536	512000	40000	90	0	0	0	0	0
25.297106	1	21	21	0	18892	5913	12979	14348
26.512926	2	22	5	1	0	0	22064	113	111	7240	303500	3000	1448	536	512000	40000	90	0	0	0	0	0
26.513013	1	22	22	0	18892	5913	12979	14348
27.120998	2	23	5	1	0	0	22672	113	111	7240	303500	3000	1448	536	512000	40000	90	0	0	0	0	0
27.121090	1	23	23	0	18892	5913	12979	14348
28.324488	2	24	5	1	0	0	23876	113	111	7240	303500	3000	1448	536	512000	40000	113	0	0	0	0	0
28.324597	1	24	24	0	18892	5913	12979	14348
29.283536	2	25	5	1	0	0	24836	113	111	7240	304000	5000	1448	536	516000	40000	113	0	0	0	0	0
29.283608	1	25	25	0	18892	5913	12979	14348
30.186038	2	26	5	1	0	0	25736	113	111	7240	303500	3000	1448	536	512000	40000	113	0	0	0	0	0
30.186115	1	26	26	0	18892	5913	12979	14348
31.088779	2	27	5	1	0	0	26640	113	111	7240	303500	3000	1448	536	512000	40000	90	0	0	0	0	0
31.088864	1	27	27	0	18892	5913	12979	14348
32.003079	2	28	5	1	0	0	27556	113	111	7240	303500	4000	1448	536	512000	40000	113	0	0	0	0	0
32.003158	1	28	28	0	18892	5913	12979	14348
33.244453	2	29	5	1	0	0	28796	114	111	7240	303500	4000	1448	536	512000	40000	114	0	0	0	0	0
33.244540	1	29	29	0	18892	5913	12979	14348
34.098622	2	30	5	1	0	0	29648	114	111	7240	303500	3000	1448	536	512000	40000	114	0	0	0	0	0
34.098699	1	30	30	0	18892	5913	12979	14348
35.302559	2	31	5	1	0	0	30852	114	111	7240	303500	3000	1448	536	512000	40000	114	0	0	0	0	0
35.302650	1	31	31	0	18892	5913	12979	14348
36.161093	2	32	5	1	0	0	31712	114	111	7240	303500	3000	1448	536	512000	40000	114	0	0	0	0	0
36.161166	1	32	32	0	18892	5913	12979	14348
37.371925	2	33	5	1	0	0	32924	114	111	7240	304500	5000	1448	536	516000	40000	114	0	0	0	0	0
37.372011	1	33	33	0	18892	5913	12979	14348
38.059911	2	34	5	1	0	0	33612	114	111	7240	304000	4000	1448	536	516000	40000	114	0	0	0	0	0
38.059984	1	34	34	0	18892	5913	12979	14348
39.263826	2	35	5	1	0	0	34816	114	111	7240	304000	4000	1448	536	516000	40000	114	0	0	0	0	0
39.263910	1	35	35	0	18892	5913	12979	14348
40.117712	2	36	5	1	0	0	35668	114	111	7240	303500	3000	1448	536	512000	40000	114	0	0	0	0	0
40.117792	1	36	36	0	18892	5913	12979	14348
41.321194	2	37	5	1	0	0	36872	114	111	7240	303500	3000	1448	536	512000	40000	114	0	0	0	0	0
41.321282	1	37	37	0	18892	5913	12979	14348
42.187060	2	38	5	1	0	4	37740	114	111	7240	303500	4000	1448	536	512000	40000	114	0	0	0	0	0
42.187131	1	38	38	0	18892	5913	12979	14348
43.390514	2	39	5	1	0	0	38940	115	111	7240	303500	4000	1448	536	512000	40000	115	0	0	0	0	0
43.390600	1	39	39	0	18892	5913	12979	14348
44.078055	2	40	5	1	0	0	39628	115	111	7240	303500	3000	1448	536	512000	40000	115	0	0	0	0	0
44.078127	1	40	40	0	18892	5913	12979	14348
45.281563	2	41	5	1	0	0	40832	115	111	7240	303500	3000	1448	536	512000	40000	115	0	0	0	0	0
45.281655	1	41	41	0	18892	5913	12979	14348
46.135279	2	42	5	1	0	0	41688	115	111	7240	304000	4000	1448	536	516000	40000	115	0	0	0	0	0
46.135352	1	42	42	0	18892	5913	12979	14348
47.003081	2	43	5	1	0	4	42556	115	111	7240	303500	3000	1448	536	512000	40000	115	0	0	0	0	0
47.003165	1	43	43	0	18892	5913	12979	14348
48.204800	2	44	5	1	0	0	43756	115	111	7240	303500	3000	1448	536	512000	40000	115	0	0	0	0	0
48.204874	1	44	44	0	18892	5913	12979	14348
49.408432	2	45	5	1	0	0	44960	115	111	7240	303500	3000	1448	536	512000	40000	115	0	0	0	0	0
49.408519	1	45	45	0	18892	5913	12979	14348
50.095625	2	46	5	1	0	0	45648	115	111	7240	304000	3000	1448	536	516000	40000	115	0	0	0	0	0
50.095696	1	46	46	0	18892	5913	12979	14348
51.299440	2	47	5	1	0	0	46852	115	111	7240	304000	4000	1448	536	516000	40000	115	0	0	0	0	0
51.299529	1	47	47	0	18892	5913	12979	14348
52.153593	2	48	5	1	0	0	47704	115	111	7240	303500	3000	1448	536	512000	40000	115	0	0	0	0	0
52.153668	1	48	48	0	18892	5913	12979	14348
53.020167	2	49	5	1	0	0	48572	115	111	7240	303500	3000	1448	536	512000	40000	115	0	0	0	0	0
53.020250	1	49	49	0	18892	5913	12979	14348
54.224041	2	50	5	1	0	0	49776	115	111	7240	304000	3000	1448	536	516000	40000	115	0	0	0	0	0
54.224128	1	50	50	0	18892	5913	12979	14348
55.427829	2	51	5	1	0	0	50980	116	111	7240	304000	3000	1448	536	516000	40000	116	0	0	0	0	0
55.427916	1	51	51	0	18892	5913	12979	14348
56.114754	2	52	5	1	0	0	51664	116	111	7240	303500	3000	1448	536	512000	40000	116	0	0	0	0	0
56.114827	1	52	52	0	18892	5913	12979	14348
57.318722	2	53	5	1	0	0	52868	116	111	7240	303500	3000	1448	536	512000	40000	116	0	0	0	0	0
57.318808	1	53	53	0	18892	5913	12979	14348
58.172944	2	54	5	1	0	0	53724	116	111	7240	303500	3000	1448	536	512000	40000	116	0	0	0	0	0
58.173016	1	54	54	0	18892	5913	12979	14348
59.039503	2	55	5	1	0	0	54592	116	111	7240	304000	3000	1448	536	516000	40000	116	0	0	0	0	0
59.039585	1	55	55	0	18892	5913	12979	14348
60.243258	2	56	5	1	0	0	55796	116	111	7240	304000	3000	1448	536	516000	40000	116	0	0	0	0	0
60.243338	1	56	56	0	18892	5913	12979	14348
61.447143	2	57	5	1	0	0	57000	116	111	7240	304000	4000	1448	536	516000	40000	116	0	0	0	0	0
61.447323	1	57	57	0	18892	5913	12979	14348
62.133777	2	58	5	1	0	0	57684	116	111	7240	303500	3000	1448	536	512000	40000	116	0	0	0	0	0
62.133849	1	58	58	0	18892	5913	12979	14348
63.337538	2	59	5	1	0	0	58888	116	111	7240	303500	3000	1448	536	512000	40000	116	0	0	0	0	0
63.337626	1	59	59	0	18892	5913	12979	14348
64.191708	2	60	5	1	0	0	59744	116	111	7240	304000	3000	1448	536	516000	40000	116	0	0	0	0	0
64.191789	1	60	60	0	18892	5913	12979	14348
65.058906	2	61	5	1	0	0	60608	116	111	7240	303500	3000	1448	536	512000	40000	116	0	0	0	0	0
65.058992	1	61	61	0	18892	5913	12979	14348
66.262636	2	62	5	1	0	0	61812	116	111	7240	303500	3000	1448	536	512000	40000	116	0	0	0	0	0
66.262716	1	62	62	0	18892	5913	12979	14348
67.466608	2	63	5	1	0	0	63016	117	111	7240	303500	3000	1448	536	512000	40000	117	0	0	0	0	0
67.466691	1	63	63	0	18892	5913	12979	14348
68.152813	2	64	5	1	0	0	63704	117	111	7240	303500	4000	1448	536	512000	40000	117	0	0	0	0	0
68.152886	1	64	64	0	18892	5913	12979	14348
69.006598	2	65	5	1	0	0	64556	117	111	7240	303500	4000	1448	536	512000	40000	117	0	0	0	0	0
69.006681	1	65	65	0	18892	5913	12979	14348
70.210338	2	66	5	1	0	0	65760	117	111	7240	303500	4000	1448	536	512000	40000	117	0	0	0	0	0
70.210414	1	66	66	0	18892	5913	12979	14348
71.078100	2	67	5	1	0	0	66628	117	111	7240	303500	3000	1448	536	512000	40000	117	0	0	0	0	0
71.078183	1	67	67	0	18892	5913	12979	14348
72.281747	2	68	5	1	0	0	67832	117	111	7240	303500	3000	1448	536	512000	40000	117	0	0	0	0	0
72.281837	1	68	68	0	18892	5913	12979	14348
73.485500	2	69	5	1	0	0	69036	117	111	7240	303500	3000	1448	536	512000	40000	117	0	0	0	0	0
73.485586	1	69	69	0	18892	5913	12979	14348
74.171591	2	70	5	1	0	0	69724	117	111	7240	304000	4000	1448	536	516000	40000	117	0	0	0	0	0
74.171664	1	70	70	0	18892	5913	12979	14348
75.024997	2	71	5	1	0	0	70576	117	111	7240	303500	3000	1448	536	512000	40000	117	0	0	0	0	0
75.025079	1	71	71	0	18892	5913	12979	14348
76.228773	2	72	5	1	0	0	71780	117	111	7240	303500	3000	1448	536	512000	40000	117	0	0	0	0	0
76.228855	1	72	72	0	18892	5913	12979	14348
77.096967	2	73	5	1	0	0	72648	117	111	7240	303500	3000	1448	536	512000	40000	117	0	0	0	0	0
77.097044	1	73	73	0	18892	5913	12979	14348
78.300902	2	74	5	1	0	0	73852	117	111	7240	303500	3000	1448	536	512000	40000	117	0	0	0	0	0
78.300990	1	74	74	0	18892	5913	12979	14348
79.504741	2	75	5	1	0	0	75056	118	111	7240	303500	4000	1448	536	512000	40000	118	0	0	0	0	0
79.504817	1	75	75	0	18892	5913	12979	14348
80.191013	2	76	5	1	0	0	75740	118	111	7240	303500	3000	1448	536	512000	40000	118	0	0	0	0	0
80.191156	1	76	76	0	18892	5913	12979	14348
81.043265	2	77	5	1	0	0	76596	118	111	7240	304000	4000	1448	536	516000	40000	118	0	0	0	0	0
81.043358	1	77	77	0	18892	5913	12979	14348
82.247013	2	78	5	1	0	0	77796	118	111	7240	303500	3000	1448	536	512000	40000	118	0	0	0	0	0
82.247108	1	78	78	0	18892	5913	12979	14348
83.115574	2	79	5	1	0	0	78668	118	111	7240	304000	4000	1448	536	516000	40000	118	0	0	0	0	0
83.115685	1	79	79	0	18892	5913	12979	14348
84.319152	2	80	5	1	0	0	79872	118	111	7240	304000	4000	1448	536	516000	40000	118	0	0	0	0	0
84.319243	1	80	80	0	18892	5913	12979	14348
85.005443	2	81	5	1	0	0	80556	118	111	7240	303500	3000	1448	536	512000	40000	118	0	0	0	0	0
85.005512	1	81	81	0	18892	5913	12979	14348
86.208919	2	82	5	1	0	0	81760	118	111	7240	303500	3000	1448	536	512000	40000	118	0	0	0	0	0
86.209035	1	82	82	0	18892	5913	12979	14348
87.061446	2	83	5	1	0	0	82612	118	111	7240	303500	4000	1448	536	512000	40000	118	0	0	0	0	0
87.061528	1	83	83	0	18892	5913	12979	14348
88.264976	2	84	5	1	0	0	83816	118	111	7240	303500	4000	1448	536	512000	40000	118	0	0	0	0	0
88.265061	1	84	84	0	18892	5913	12979	14348
89.134193	2	85	5	1	0	0	84684	118	111	7240	303500	3000	1448	536	512000	40000	118	0	0	0	0	0
89.134269	1	85	85	0	18892	5913	12979	14348
90.338220	2	86	5	1	0	0	85888	118	111	7240	303500	3000	1448	536	512000	40000	118	0	0	0	0	0
90.338304	1	86	86	0	18892	5913	12979	14348
91.023998	2	87	5	1	0	0	86576	119	111	7240	304000	4000	1448	536	516000	40000	119	0	0	0	0	0
91.024070	1	87	87	0	18892	5913	12979	14348
92.227731	2	88	5	1	0	0	87780	119	111	7240	304000	4000	1448	536	516000	40000	119	0	0	0	0	0
92.227888	1	88	88	0	18892	5913	12979	14348
93.080011	2	89	5	1	0	0	88632	119	111	7240	303500	4000	1448	536	512000	40000	119	0	0	0	0	0
93.080093	1	89	89	0	18892	5913	12979	14348
94.283933	2	90	5	1	0	0	89836	119	111	7240	304000	4000	1448	536	516000	40000	119	0	0	0	0	0
94.284018	1	90	90	0	18892	5913	12979	14348
95.157546	2	91	5	1	0	0	90708	119	111	7240	303500	3000	1448	536	512000	40000	119	0	0	0	0	0
95.157616	1	91	91	0	18892	5913	12979	14348
96.361499	2	92	5	1	0	0	91912	119	111	7240	303500	3000	1448	536	512000	40000	119	0	0	0	0	0
96.361588	1	92	92	0	18892	5913	12979	14348
97.043259	2	93	5	1	0	0	92596	119	111	7240	304000	4000	1448	536	516000	40000	119	0	0	0	0	0
97.043331	1	93	93	0	18892	5913	12979	14348
98.247091	2	94	5	1	0	0	93800	119	111	7240	304000	4000	1448	536	516000	40000	119	0	0	0	0	0
98.247172	1	94	94	0	18892	5913	12979	14348
99.099117	2	95	5	1	0	0	94652	119	111	7240	304000	4000	1448	536	516000	40000	119	0	0	0	0	0
99.099197	1	95	95	0	18892	5913	12979	14348
100.302834	2	96	5	1	0	0	95852	119	111	7240	303500	3000	1448	536	512000	40000	119	0	0	0	0	0
100.302920	1	96	96	0	18892	5913	12979	14348
101.176879	2	97	5	1	0	0	96728	119	111	7240	303500	3000	1448	536	512000	40000	119	0	0	0	0	0
101.176953	1	97	97	0	18892	5913	12979	14348
102.380750	2	98	5	1	0	0	97932	119	111	7240	303500	3000	1448	536	512000	40000	119	0	0	0	0	0
102.380833	1	98	98	0	18892	5913	12979	14348
103.064752	2	99	5	1	0	0	98616	120	111	7240	303500	4000	1448	536	512000	40000	120	0	0	0	0	0
103.064823	1	99	99	0	18892	5913	12979	14348
104.268512	2	100	5	1	0	0	99820	120	111	7240	303500	4000	1448	536	512000	40000	120	0	0	0	0	0
104.268602	1	100	100	0	18892	5913	12979	14348
105.118196	2	101	5	1	0	0	100668	120	111	7240	303500	3000	1448	536	512000	40000	120	0	0	0	0	0
105.118267	1	101	101	0	18892	5913	12979	14348
106.003074	2	102	5	1	0	12	101556	120	111	7240	303500	3000	1448	536	512000	40000	120	0	0	0	0	0
106.003159	1	102	102	0	18892	5913	12979	14348
107.196514	2	103	5	1	0	0	102748	120	111	7240	303500	3000	1448	536	512000	40000	120	0	0	0	0	0
107.196603	1	103	103	0	18892	5913	12979	14348
108.400184	2	104	5	1	0	0	103952	120	111	7240	303500	3000	1448	536	512000	40000	120	0	0	0	0	0
108.400271	1	104	104	0	18892	5913	12979	14348
109.083407	2	105	5	1	0	0	104636	120	111	7240	304000	4000	1448	536	516000	40000	120	0	0	0	0	0
109.083482	1	105	105	0	18892	5913	12979	14348
110.286950	2	106	5	1	0	0	105836	120	111	7240	303500	3000	1448	536	512000	40000	120	0	0	0	0	0
110.287028	1	106	106	0	18892	5913	12979	14348
111.135799	2	107	5	1	0	0	106688	120	111	7240	304000	4000	1448	536	516000	40000	120	0	0	0	0	0
111.135874	1	107	107	0	18892	5913	12979	14348
112.011171	2	108	5	1	0	0	107564	120	111	7240	304000	3000	1448	536	516000	40000	120	0	0	0	0	0
112.011243	1	108	108	0	18892	5913	12979	14348
113.214888	2	109	5	1	0	0	108764	120	111	7240	303500	3000	1448	536	512000	40000	120	0	0	0	0	0
113.214972	1	109	109	0	18892	5913	12979	14348
114.419058	2	110	5	1	0	4	109972	120	111	7240	303500	3000	1448	536	512000	40000	120	0	0	0	0	0
114.419151	1	110	110	0	18892	5913	12979	14348
115.101296	2	111	5	1	0	0	110652	121	111	7240	303500	4000	1448	536	512000	40000	121	0	0	0	0	0
115.101365	1	111	111	0	18892	5913	12979	14348
116.305211	2	112	5	1	0	0	111856	121	111	7240	303500	4000	1448	536	512000	40000	121	0	0	0	0	0
116.305302	1	112	112	0	18892	5913	12979	14348
117.154649	2	113	5	1	0	0	112704	121	111	7240	303500	3000	1448	536	512000	40000	121	0	0	0	0	0
117.154732	1	113	113	0	18892	5913	12979	14348
118.030877	2	114	5	1	0	0	113580	121	111	7240	303500	3000	1448	536	512000	40000	121	0	0	0	0	0
118.030951	1	114	114	0	18892	5913	12979	14348
119.234823	2	115	5	1	0	0	114784	121	111	7240	303500	3000	1448	536	512000	40000	121	0	0	0	0	0
119.234914	1	115	115	0	18892	5913	12979	14348
120.438853	2	116	5	1	0	0	115988	121	111	7240	303500	3000	1448	536	512000	40000	121	0	0	0	0	0
120.438937	1	116	116	0	18892	5913	12979	14348
121.120897	2	117	5	1	0	0	116672	121	111	7240	303500	4000	1448	536	512000	40000	121	0	0	0	0	0
121.120980	1	117	117	0	18892	5913	12979	14348
122.324745	2	118	5	1	0	0	117876	121	111	7240	303500	3000	1448	536	512000	40000	121	0	0	0	0	0
122.324928	1	118	118	0	18892	5913	12979	14348
123.173573	2	119	5	1	0	0	118724	121	111	7240	303500	4000	1448	536	512000	40000	121	0	0	0	0	0
123.173645	1	119	119	0	18892	5913	12979	14348
124.050394	2	120	5	1	0	0	119600	121	111	7240	303500	3000	1448	536	512000	40000	121	0	0	0	0	0
124.050472	1	120	120	0	18892	5913	12979	14348
125.254295	2	121	5	1	0	0	120804	121	111	7240	303500	3000	1448	536	512000	40000	121	0	0	0	0	0
125.254385	1	121	121	0	18892	5913	12979	14348
126.458633	2	122	5	1	0	0	122008	121	111	7240	303500	3000	1448	536	512000	40000	121	0	0	0	0	0
126.458725	1	122	122	0	18892	5913	12979	14348
127.139644	2	123	5	1	0	0	122692	122	111	7240	304000	4000	1448	536	516000	40000	122	0	0	0	0	0
127.139726	1	123	123	0	18892	5913	12979	14348
128.343068	2	124	5	1	0	4	123896	122	111	7240	303500	3000	1448	536	512000	40000	122	0	0	0	0	0
128.343158	1	124	124	0	18892	5913	12979	14348
129.191744	2	125	5	1	0	0	124744	122	111	7240	304000	4000	1448	536	516000	40000	122	0	0	0	0	0
129.191819	1	125	125	0	18892	5913	12979	14348
130.069257	2	126	5	1	0	0	125620	122	111	7240	303500	4000	1448	536	512000	40000	122	0	0	0	0	0
130.069338	1	126	126	0	18892	5913	12979	14348
131.273022	2	127	5	1	0	0	126824	122	111	7240	303500	3000	1448	536	512000	40000	122	0	0	0	0	0
131.273109	1	127	127	0	18892	5913	12979	14348
132.476955	2	128	5	1	0	0	128028	122	111	7240	303500	3000	1448	536	512000	40000	122	0	0	0	0	0
132.477045	1	128	128	0	18892	5913	12979	14348
133.157448	2	129	5	1	0	0	128708	122	111	7240	303500	4000	1448	536	512000	40000	122	0	0	0	0	0
133.157519	1	129	129	0	18892	5913	12979	14348
134.006353	2	130	5	1	0	0	129556	122	111	7240	303500	3000	1448	536	512000	40000	122	0	0	0	0	0
134.006429	1	130	130	0	18892	5913	12979	14348
135.209924	2	131	5	1	0	0	130760	122	111	7240	303500	3000	1448	536	512000	40000	122	0	0	0	0	0
135.210015	1	131	131	0	18892	5913	12979	14348
136.088126	2	132	5	1	0	0	131640	122	111	7240	303500	3000	1448	536	512000	40000	122	0	0	0	0	0
136.088200	1	132	132	0	18892	5913	12979	14348
137.291723	2	133	5	1	0	0	132844	122	111	7240	304000	4000	1448	536	516000	40000	122	0	0	0	0	0
137.291814	1	133	133	0	18892	5913	12979	14348
138.495291	2	134	5	1	0	0	134048	122	111	7240	304000	4000	1448	536	516000	40000	122	0	0	0	0	0
138.495407	1	134	134	0	18892	5913	12979	14348
139.175310	2	135	5	1	0	0	134728	123	111	7240	304000	4000	1448	536	516000	40000	123	0	0	0	0	0
139.175384	1	135	135	0	18892	5913	12979	14348
140.023673	2	136	5	1	0	0	135576	123	111	7240	304000	3000	1448	536	516000	40000	123	0	0	0	0	0
140.023747	1	136	136	0	18892	5913	12979	14348
141.227285	2	137	5	1	0	0	136780	123	111	7240	304000	3000	1448	536	516000	40000	123	0	0	0	0	0
141.227374	1	137	137	0	18892	5913	12979	14348
142.105863	2	138	5	1	0	0	137656	123	111	7240	303500	4000	1448	536	512000	40000	123	0	0	0	0	0
142.105944	1	138	138	0	18892	5913	12979	14348
143.309438	2	139	5	1	0	0	138860	123	111	7240	303500	3000	1448	536	512000	40000	123	0	0	0	0	0
143.309524	1	139	139	0	18892	5913	12979	14348
144.513000	2	140	5	1	0	0	140064	123	111	7240	303500	3000	1448	536	512000	40000	123	0	0	0	0	0
144.513094	1	140	140	0	18892	5913	12979	14348
145.192889	2	141	5	1	0	0	140744	123	111	7240	303500	3000	1448	536	512000	40000	123	0	0	0	0	0
145.192959	1	141	141	0	18892	5913	12979	14348
146.041115	2	142	5	1	0	0	141592	123	111	7240	303500	3000	1448	536	512000	40000	123	0	0	0	0	0
146.041188	1	142	142	0	18892	5913	12979	14348
147.244763	2	143	5	1	0	0	142796	123	111	7240	303500	3000	1448	536	512000	40000	123	0	0	0	0	0
147.244857	1	143	143	0	18892	5913	12979	14348
148.123868	2	144	5	1	0	0	143676	123	111	7240	304000	4000	1448	536	516000	40000	123	0	0	0	0	0
148.123941	1	144	144	0	18892	5913	12979	14348
149.327447	2	145	5	1	0	0	144880	123	111	7240	304000	4000	1448	536	516000	40000	123	0	0	0	0	0
149.327534	1	145	145	0	18892	5913	12979	14348
150.007514	2	146	5	1	0	0	145560	123	111	7240	304000	3000	1448	536	516000	40000	123	0	0	0	0	0
150.007589	1	146	146	0	18892	5913	12979	14348
151.211278	2	147	5	1	0	0	146764	123	111	7240	304000	4000	1448	536	516000	40000	123	0	0	0	0	0
151.211366	1	147	147	0	18892	5913	12979	14348
152.065922	2	148	5	1	0	0	147616	124	111	7240	303500	4000	1448	536	512000	40000	124	0	0	0	0	0
152.066010	1	148	148	0	18892	5913	12979	14348
153.269763	2	149	5	1	0	0	148820	124	111	7240	303500	4000	1448	536	512000	40000	124	0	0	0	0	0
153.269852	1	149	149	0	18892	5913	12979	14348
154.142677	2	150	5	1	0	0	149692	124	111	7240	303500	3000	1448	536	512000	40000	124	0	0	0	0	0
154.142751	1	150	150	0	18892	5913	12979	14348
155.346644	2	151	5	1	0	0	150896	124	111	7240	303500	3000	1448	536	512000	40000	124	0	0	0	0	0
155.346727	1	151	151	0	18892	5913	12979	14348
156.026578	2	152	5	1	0	0	151576	124	111	7240	303500	3000	1448	536	512000	40000	124	0	0	0	0	0
156.026651	1	152	152	0	18892	5913	12979	14348
157.230234	2	153	5	1	0	0	152780	124	111	7240	303500	3000	1448	536	512000	40000	124	0	0	0	0	0
157.230325	1	153	153	0	18892	5913	12979	14348
158.085188	2	154	5	1	0	0	153636	124	111	7240	303500	4000	1448	536	512000	40000	124	0	0	0	0	0
158.085259	1	154	154	0	18892	5913	12979	14348
159.288935	2	155	5	1	0	0	154840	124	111	7240	303500	4000	1448	536	512000	40000	124	0	0	0	0	0
159.289016	1	155	155	0	18892	5913	12979	14348
160.162272	2	156	5	1	0	0	155712	124	111	7240	303500	3000	1448	536	512000	40000	124	0	0	0	0	0
160.162353	1	156	156	0	18892	5913	12979	14348
161.366203	2	157	5	1	0	0	156916	124	111	7240	303500	3000	1448	536	512000	40000	124	0	0	0	0	0
161.366290	1	157	157	0	18892	5913	12979	14348
162.045807	2	158	5	1	0	0	157596	124	111	7240	303500	3000	1448	536	512000	40000	124	0	0	0	0	0
162.045880	1	158	158	0	18892	5913	12979	14348
163.249500	2	159	5	1	0	0	158800	124	111	7240	303500	3000	1448	536	512000	40000	124	0	0	0	0	0
163.249592	1	159	159	0	18892	5913	12979	14348
164.103805	2	160	5	1	0	0	159656	124	111	7240	303500	3000	1448	536	512000	40000	124	0	0	0	0	0
164.103877	1	160	160	0	18892	5913	12979	14348
165.307661	2	161	5	1	0	0	160860	125	111	7240	304000	4000	1448	536	516000	40000	125	0	0	0	0	0
165.307750	1	161	161	0	18892	5913	12979	14348
166.181450	2	162	5	1	0	0	161732	125	111	7240	303500	3000	1448	536	512000	40000	125	0	0	0	0	0
166.181525	1	162	162	0	18892	5913	12979	14348
167.385197	2	163	5	1	0	0	162936	125	111	7240	303500	3000	1448	536	512000	40000	125	0	0	0	0	0
167.385290	1	163	163	0	18892	5913	12979	14348
168.064128	2	164	5	1	0	0	163616	125	111	7240	303500	4000	1448	536	512000	40000	125	0	0	0	0	0
168.064202	1	164	164	0	18892	5913	12979	14348
169.267627	2	165	5	1	0	0	164820	125	111	7240	304000	3000	1448	536	516000	40000	125	0	0	0	0	0
169.267718	1	165	165	0	18892	5913	12979	14348
170.122251	2	166	5	1	0	0	165672	125	111	7240	303500	3000	1448	536	512000	40000	125	0	0	0	0	0
170.122327	1	166	166	0	18892	5913	12979	14348
171.003076	2	167	5	1	0	8	166556	125	111	7240	303500	3000	1448	536	512000	40000	125	0	0	0	0	0
171.003156	1	167	167	0	18892	5913	12979	14348
172.199496	2	168	5	1	0	0	167752	125	111	7240	304000	3000	1448	536	516000	40000	125	0	0	0	0	0
172.199586	1	168	168	0	18892	5913	12979	14348
173.402978	2	169	5	1	0	0	168952	125	111	7240	303500	4000	1448	536	512000	40000	125	0	0	0	0	0
173.403065	1	169	169	0	18892	5913	12979	14348
174.081745	2	170	5	1	0	0	169632	125	111	7240	303500	3000	1448	536	512000	40000	125	0	0	0	0	0
174.081824	1	170	170	0	18892	5913	12979	14348
175.285275	2	171	5	1	0	0	170836	125	111	7240	303500	3000	1448	536	512000	40000	125	0	0	0	0	0
175.285362	1	171	171	0	18892	5913	12979	14348
176.139546	2	172	5	1	0	0	171692	125	111	7240	304000	4000	1448	536	516000	40000	125	0	0	0	0	0
176.139617	1	172	172	0	18892	5913	12979	14348
177.013819	2	173	5	1	0	0	172564	126	111	7240	303500	3000	1448	536	512000	40000	126	0	0	0	0	0
177.013904	1	173	173	0	18892	5913	12979	14348
178.217446	2	174	5	1	0	0	173768	126	111	7240	303500	3000	1448	536	512000	40000	126	0	0	0	0	0
178.217542	1	174	174	0	18892	5913	12979	14348
179.421236	2	175	5	1	0	0	174972	126	111	7240	303500	3000	1448	536	512000	40000	126	0	0	0	0	0
179.421324	1	175	175	0	18892	5913	12979	14348
180.100055	2	176	5	1	0	0	175652	126	111	7240	303500	3000	1448	536	512000	40000	126	0	0	0	0	0
180.100132	1	176	176	0	18892	5913	12979	14348
181.303765	2	177	5	1	0	0	176856	126	111	7240	304000	4000	1448	536	516000	40000	126	0	0	0	0	0
181.303939	1	177	177	0	18892	5913	12979	14348
182.157427	2	178	5	1	0	0	177708	126	111	7240	303500	3000	1448	536	512000	40000	126	0	0	0	0	0
182.157514	1	178	178	0	18892	5913	12979	14348
183.032431	2	179	5	1	0	0	178584	126	111	7240	303500	3000	1448	536	512000	40000	126	0	0	0	0	0
183.032518	1	179	179	0	18892	5913	12979	14348
184.236209	2	180	5	1	0	0	179788	126	111	7240	303500	4000	1448	536	512000	40000	126	0	0	0	0	0
184.236290	1	180	180	0	18892	5913	12979	14348
185.440150	2	181	5	1	0	0	180992	126	111	7240	303500	4000	1448	536	512000	40000	126	0	0	0	0	0
185.440237	1	181	181	0	18892	5913	12979	14348
186.119120	2	182	5	1	0	0	181672	126	111	7240	304000	4000	1448	536	516000	40000	126	0	0	0	0	0
186.119188	1	182	182	0	18892	5913	12979	14348
187.323208	2	183	5	1	0	0	182876	126	111	7240	304000	4000	1448	536	516000	40000	126	0	0	0	0	0
187.323300	1	183	183	0	18892	5913	12979	14348
188.176297	2	184	5	1	0	0	183728	126	111	7240	303500	3000	1448	536	512000	40000	126	0	0	0	0	0
188.176375	1	184	184	0	18892	5913	12979	14348
189.052240	2	185	5	1	0	0	184604	126	111	7240	303500	3000	1448	536	512000	40000	126	0	0	0	0	0
189.052322	1	185	185	0	18892	5913	12979	14348
190.256169	2	186	5	1	0	0	185808	127	111	7240	303500	3000	1448	536	512000	40000	127	0	0	0	0	0
190.256254	1	186	186	0	18892	5913	12979	14348
191.460116	2	187	5	1	0	0	187012	127	111	7240	303500	3000	1448	536	512000	40000	127	0	0	0	0	0
191.460192	1	187	187	0	18892	5913	12979	14348
192.139141	2	188	5	1	0	0	187692	127	111	7240	304000	4000	1448	536	516000	40000	127	0	0	0	0	0
192.139218	1	188	188	0	18892	5913	12979	14348
193.003075	2	189	5	1	0	12	188556	127	111	7240	304000	4000	1448	536	516000	40000	127	0	0	0	0	0
193.003162	1	189	189	0	18892	5913	12979	14348
194.195657	2	190	5	1	0	0	189748	127	111	7240	304000	4000	1448	536	516000	40000	127	0	0	0	0	0
194.195732	1	190	190	0	18892	5913	12979	14348
195.072316	2	191	5	1	0	0	190624	127	111	7240	303500	4000	1448	536	512000	40000	127	0	0	0	0	0
195.072435	1	191	191	0	18892	5913	12979	14348
196.275913	2	192	5	1	0	0	191828	127	111	7240	304000	3000	1448	536	516000	40000	127	0	0	0	0	0
196.276025	1	192	192	0	18892	5913	12979	14348
197.479653	2	193	5	1	0	0	193032	127	111	7240	304000	3000	1448	536	516000	40000	127	0	0	0	0	0
197.479772	1	193	193	0	18892	5913	12979	14348
198.158656	2	194	5	1	0	0	193708	127	111	7240	303500	4000	1448	536	512000	40000	127	0	0	0	0	0
198.158732	1	194	194	0	18892	5913	12979	14348
199.009938	2	195	5	1	0	0	194560	127	111	7240	303500	3000	1448	536	512000	40000	127	0	0	0	0	0
199.010023	1	195	195	0	18892	5913	12979	14348
200.213485	2	196	5	1	0	0	195764	127	111	7240	303500	3000	1448	536	512000	40000	127	0	0	0	0	0
200.213570	1	196	196	0	18892	5913	12979	14348
201.090957	2	197	5	1	0	0	196640	127	111	7240	303500	3000	1448	536	512000	40000	127	0	0	0	0	0
201.091033	1	197	197	0	18892	5913	12979	14348
202.295229	2	198	5	1	0	0	197848	127	111	7240	304000	4000	1448	536	516000	40000	127	0	0	0	0	0
202.295323	1	198	198	0	18892	5913	12979	14348
203.499355	2	199	5	1	0	0	199052	128	111	7240	304000	4000	1448	536	516000	40000	128	0	0	0	0	0
203.499439	1	199	199	0	18892	5913	12979	14348
204.130705	2	200	5	1	0	0	199680	128	111	7240	303500	3000	1448	536	512000	40000	128	0	0	0	0	0
204.130776	1	200	200	0	18892	5913	12979	14348
205.011129	2	201	5	1	0	0	200564	128	111	7240	304000	4000	1448	536	516000	40000	128	0	0	0	0	0
205.011211	1	201	201	0	18892	5913	12979	14348
206.523063	2	202	5	1	0	4	202076	128	111	7240	303500	3000	1448	536	512000	40000	128	0	0	0	0	0
206.523156	1	202	202	0	18892	5913	12979	14348
207.155086	2	203	5	1	0	4	202708	128	111	7240	303500	3000	1448	536	512000	40000	128	0	0	0	0	0
207.155164	1	203	203	0	18892	5913	12979	14348
208.035150	2	204	5	1	0	0	203588	128	111	7240	304000	4000	1448	536	516000	40000	128	0	0	0	0	0
208.035254	1	204	204	0	18892	5913	12979	14348
209.547057	2	205	5	1	0	4	205100	128	111	7240	303500	3000	1448	536	512000	40000	128	0	0	0	0	0
209.547148	1	205	205	0	18892	5913	12979	14348
210.178805	2	206	5	1	0	0	205728	128	111	7240	303500	4000	1448	536	512000	40000	128	0	0	0	0	0
210.178877	1	206	206	0	18892	5913	12979	14348
211.063945	2	207	5	1	0	0	206616	128	111	7240	304000	4000	1448	536	516000	40000	128	0	0	0	0	0
211.064026	1	207	207	0	18892	5913	12979	14348
212.574829	2	208	5	1	0	0	208124	128	111	7240	303500	3000	1448	536	512000	40000	128	0	0	0	0	0
212.574922	1	208	208	0	18892	5913	12979	14348
213.202946	2	209	5	1	0	0	208752	128	111	7240	303500	3000	1448	536	512000	40000	128	0	0	0	0	0
213.203021	1	209	209	0	18892	5913	12979	14348
214.087004	2	210	5	1	0	0	209636	128	111	7240	303500	3000	1448	536	512000	40000	128	0	0	0	0	0
214.087078	1	210	210	0	18892	5913	12979	14348
215.015655	2	211	5	1	0	0	210568	129	111	7240	304000	4000	1448	536	516000	40000	96	0	0	0	0	0
215.015741	1	211	211	0	18892	5913	12979	14348
216.226514	2	212	5	1	0	0	211776	129	111	7240	303500	3000	1448	536	512000	40000	129	0	0	0	0	0
216.226591	1	212	212	0	18892	5913	12979	14348
217.110538	2	213	5	1	0	0	212660	129	111	7240	303500	3000	1448	536	512000	40000	129	0	0	0	0	0
217.110629	1	213	213	0	18892	5913	12979	14348
218.039316	2	214	5	1	0	0	213592	129	111	7240	304000	4000	1448	536	516000	40000	96	0	0	0	0	0
218.039398	1	214	214	0	18892	5913	12979	14348
219.250479	2	215	5	1	0	0	214800	129	111	7240	303500	3000	1448	536	512000	40000	129	0	0	0	0	0
219.250560	1	215	215	0	18892	5913	12979	14348
220.134351	2	216	5	1	0	0	215684	129	111	7240	303500	3000	1448	536	512000	40000	129	0	0	0	0	0
220.134424	1	216	216	0	18892	5913	12979	14348
221.063537	2	217	5	1	0	0	216616	129	111	7240	304000	4000	1448	536	516000	40000	96	0	0	0	0	0
221.063624	1	217	217	0	18892	5913	12979	14348
222.274653	2	218	5	1	0	0	217824	129	111	7240	303500	3000	1448	536	512000	40000	129	0	0	0	0	0
222.274745	1	218	218	0	18892	5913	12979	14348
223.158896	2	219	5	1	0	0	218708	129	111	7240	303500	3000	1448	536	512000	40000	129	0	0	0	0	0
223.158969	1	219	219	0	18892	5913	12979	14348
224.087658	2	220	5	1	0	0	219640	129	111	7240	304000	4000	1448	536	516000	40000	96	0	0	0	0	0
224.087730	1	220	220	0	18892	5913	12979	14348
225.298481	2	221	5	1	0	0	220848	129	111	7240	303500	3000	1448	536	512000	40000	129	0	0	0	0	0
225.298570	1	221	221	0	18892	5913	12979	14348
226.182597	2	222	5	1	0	0	221732	129	111	7240	303500	3000	1448	536	512000	40000	129	0	0	0	0	0
226.182671	1	222	222	0	18892	5913	12979	14348
227.113204	2	223	5	1	0	0	222664	130	111	7240	304000	4000	1448	536	516000	40000	96	0	0	0	0	0
227.113291	1	223	223	0	18892	5913	12979	14348
228.007080	2	224	5	1	0	4	223560	130	111	7240	304000	4000	1448	536	516000	40000	130	0	0	0	0	0
228.007160	1	224	224	0	18892	5913	12979	14348
229.206914	2	225	5	1	0	0	224756	130	111	7240	303500	3000	1448	536	512000	40000	130	0	0	0	0	0
229.206993	1	225	225	0	18892	5913	12979	14348
230.135899	2	226	5	1	0	0	225688	130	111	7240	304000	4000	1448	536	516000	40000	95	0	0	0	0	0
230.135970	1	226	226	0	18892	5913	12979	14348
231.019746	2	227	5	1	0	0	226572	130	111	7240	304000	4000	1448	536	516000	40000	95	0	0	0	0	0
231.019826	1	227	227	0	18892	5913	12979	14348
232.231005	2	228	5	1	0	0	227780	130	111	7240	303500	3000	1448	536	512000	40000	130	0	0	0	0	0
232.231102	1	228	228	0	18892	5913	12979	14348
233.159265	2	229	5	1	0	0	228712	130	111	7240	304000	4000	1448	536	516000	40000	95	0	0	0	0	0
233.159349	1	229	229	0	18892	5913	12979	14348
234.043461	2	230	5	1	0	0	229596	130	111	7240	304000	4000	1448	536	516000	40000	95	0	0	0	0	0
234.043532	1	230	230	0	18892	5913	12979	14348
235.254717	2	231	5	1	0	0	230804	130	111	7240	303500	3000	1448	536	512000	40000	130	0	0	0	0	0
235.254804	1	231	231	0	18892	5913	12979	14348
236.183429	2	232	5	1	0	0	231736	130	111	7240	304000	4000	1448	536	516000	40000	95	0	0	0	0	0
236.183505	1	232	232	0	18892	5913	12979	14348
237.067497	2	233	5	1	0	0	232620	130	111	7240	304000	4000	1448	536	516000	40000	95	0	0	0	0	0
237.067580	1	233	233	0	18892	5913	12979	14348
238.278425	2	234	5	1	0	0	233828	130	111	7240	303500	3000	1448	536	512000	40000	130	0	0	0	0	0
238.278515	1	234	234	0	18892	5913	12979	14348
239.206903	2	235	5	1	0	0	234756	130	111	7240	303500	3000	1448	536	512000	40000	95	0	0	0	0	0
239.206973	1	235	235	0	18892	5913	12979	14348
240.091294	2	236	5	1	0	0	235644	131	111	7240	304000	4000	1448	536	516000	40000	94	0	0	0	0	0
240.091461	1	236	236	0	18892	5913	12979	14348
241.305674	2	237	5	1	0	0	236856	131	111	7240	303500	3000	1448	536	512000	40000	131	0	0	0	0	0
241.305783	1	237	237	0	18892	5913	12979	14348
242.520338	2	238	5	1	0	0	238072	131	111	7240	303500	3000	1448	536	512000	40000	131	0	0	0	0	0
242.520433	1	238	238	0	18892	5913	12979	14348
243.122164	2	239	5	1	0	0	238672	131	111	7240	303500	3000	1448	536	512000	40000	131	0	0	0	0	0
243.122241	1	239	239	0	18892	5913	12979	14348
244.338828	2	240	5	1	0	0	239888	131	111	7240	303500	3000	1448	536	512000	40000	131	0	0	0	0	0
244.338907	1	240	240	0	18892	5913	12979	14348
245.253728	2	241	5	1	0	0	240804	131	111	7240	303500	3000	1448	536	512000	40000	131	0	0	0	0	0
245.253802	1	241	241	0	18892	5913	12979	14348
246.163954	2	242	5	1	0	0	241716	131	111	7240	303500	3000	1448	536	512000	40000	131	0	0	0	0	0
246.164028	1	242	242	0	18892	5913	12979	14348
247.380826	2	243	5	1	0	0	242932	131	111	7240	303500	3000	1448	536	512000	40000	131	0	0	0	0	0
247.380917	1	243	243	0	18892	5913	12979	14348
248.296387	2	244	5	1	0	0	243848	131	111	7240	303500	3000	1448	536	512000	40000	131	0	0	0	0	0
248.296474	1	244	244	0	18892	5913	12979	14348
249.512921	2	245	5	1	0	0	245064	131	111	7240	303500	3000	1448	536	512000	40000	131	0	0	0	0	0
249.512994	1	245	245	0	18892	5913	12979	14348
250.140085	2	246	5	1	0	0	245692	132	111	7240	303500	3000	1448	536	512000	40000	93	0	0	0	0	0
250.140161	1	246	246	0	18892	5913	12979	14348
251.042620	2	247	5	1	0	0	246592	132	111	7240	303500	3000	1448	536	512000	40000	132	0	0	0	0	0
251.042700	1	247	247	0	18892	5913	12979	14348
252.266574	2	248	5	1	0	0	247816	132	111	7240	303500	3000	1448	536	512000	40000	132	0	0	0	0	0
252.266660	1	248	248	0	18892	5913	12979	14348
253.490538	2	249	5	1	0	0	249040	132	111	7240	303500	3000	1448	536	512000	40000	132	0	0	0	0	0
253.490622	1	249	249	0	18892	5913	12979	14348
254.120100	2	250	5	1	0	0	249672	132	111	7240	303500	3000	1448	536	512000	40000	96	0	0	0	0	0
254.120171	1	250	250	0	18892	5913	12979	14348
255.035887	2	251	5	1	0	0	250588	132	111	7240	303500	3000	1448	536	512000	40000	93	0	0	0	0	0
255.035971	1	251	251	0	18892	5913	12979	14348
256.259873	2	252	5	1	0	0	251812	132	111	7240	303500	3000	1448	536	512000	40000	93	0	0	0	0	0
256.259948	1	252	252	0	18892	5913	12979	14348
257.162551	2	253	5	1	0	0	252712	132	111	7240	303500	3000	1448	536	512000	40000	132	0	0	0	0	0
257.162632	1	253	253	0	18892	5913	12979	14348
258.386709	2	254	5	1	0	0	253936	132	111	7240	303500	3000	1448	536	512000	40000	132	0	0	0	0	0
258.386795	1	254	254	0	18892	5913	12979	14348
259.016100	2	255	5	1	0	0	254568	132	111	7240	303500	3000	1448	536	512000	40000	96	0	0	0	0	0
259.016170	1	255	255	0	18892	5913	12979	14348
260.240093	2	256	5	1	0	0	255792	133	111	7240	303500	3000	1448	536	512000	40000	95	0	0	0	0	0
260.240171	1	256	256	0	18892	5913	12979	14348
261.142775	2	257	5	1	0	0	256692	133	111	7240	303500	3000	1448	536	512000	40000	133	0	0	0	0	0
261.142859	1	257	257	0	18892	5913	12979	14348
262.080082	2	258	5	1	0	0	257632	133	111	7240	303500	3000	1448	536	512000	40000	96	0	0	0	0	0
262.080153	1	258	258	0	18892	5913	12979	14348
263.007080	2	259	5	1	0	4	258560	133	111	7240	303500	3000	1448	536	512000	40000	133	0	0	0	0	0
263.007171	1	259	259	0	18892	5913	12979	14348
264.206860	2	260	5	1	0	0	259756	133	111	7240	303500	3000	1448	536	512000	40000	133	0	0	0	0	0
264.206940	1	260	260	0	18892	5913	12979	14348
265.144047	2	261	5	1	0	0	260696	133	111	7240	303500	3000	1448	536	512000	40000	96	0	0	0	0	0
265.144132	1	261	261	0	18892	5913	12979	14348
266.059929	2	262	5	1	0	0	261612	133	111	7240	303500	3000	1448	536	512000	40000	92	0	0	0	0	0
266.060007	1	262	262	0	18892	5913	12979	14348
267.270839	2	263	5	1	0	0	262820	133	111	7240	303500	3000	1448	536	512000	40000	133	0	0	0	0	0
267.270927	1	263	263	0	18892	5913	12979	14348
268.207774	2	264	5	1	0	0	263760	133	111	7240	303500	3000	1448	536	512000	40000	96	0	0	0	0	0
268.207855	1	264	264	0	18892	5913	12979	14348
269.123960	2	265	5	1	0	0	264676	133	111	7240	303500	3000	1448	536	512000	40000	92	0	0	0	0	0
269.124070	1	265	265	0	18892	5913	12979	14348
270.334951	2	266	5	1	0	0	265884	133	111	7240	303500	3000	1448	536	512000	40000	133	0	0	0	0	0
270.335033	1	266	266	0	18892	5913	12979	14348
271.272094	2	267	5	1	0	0	266824	134	111	7240	303500	4000	1448	536	512000	40000	93	0	0	0	0	0
271.272173	1	267	267	0	18892	5913	12979	14348
272.195701	2	268	5	1	0	0	267748	134	111	7240	303500	3000	1448	536	512000	40000	96	0	0	0	0	0
272.195774	1	268	268	0	18892	5913	12979	14348
273.098584	2	269	5	1	0	0	268648	134	111	7240	303500	3000	1448	536	512000	40000	134	0	0	0	0	0
273.098669	1	269	269	0	18892	5913	12979	14348
274.036080	2	270	5	1	0	0	269588	134	111	7240	303500	4000	1448	536	512000	40000	93	0	0	0	0	0
274.036153	1	270	270	0	18892	5913	12979	14348
275.268041	2	271	5	1	0	0	270820	134	111	7240	303500	3000	1448	536	512000	40000	97	0	0	0	0	0
275.268130	1	271	271	0	18892	5913	12979	14348
276.184028	2	272	5	1	0	0	271736	134	111	7240	303500	3000	1448	536	512000	40000	91	0	0	0	0	0
276.184103	1	272	272	0	18892	5913	12979	14348
277.108053	2	273	5	1	0	0	272660	134	111	7240	303500	3000	1448	536	512000	40000	94	0	0	0	0	0
277.108135	1	273	273	0	18892	5913	12979	14348
278.031974	2	274	5	1	0	0	273584	134	111	7240	303500	3000	1448	536	512000	40000	97	0	0	0	0	0
278.032056	1	274	274	0	18892	5913	12979	14348
279.255967	2	275	5	1	0	0	274808	134	111	7240	305000	5000	1448	536	516000	40000	92	0	0	0	0	0
279.256052	1	275	275	0	18892	5913	12979	14348
280.179866	2	276	5	1	0	0	275732	134	111	7240	303500	3000	1448	536	512000	40000	95	0	0	0	0	0
280.179942	1	276	276	0	18892	5913	12979	14348
281.391029	2	277	5	1	0	0	276940	134	111	7240	303500	3000	1448	536	512000	40000	134	0	0	0	0	0
281.391116	1	277	277	0	18892	5913	12979	14348
282.020097	2	278	5	1	0	8	277572	135	111	7240	305000	5000	1448	536	516000	40000	91	0	0	0	0	0
282.020167	1	278	278	0	18892	5913	12979	14348
283.252061	2	279	5	1	0	36	278804	135	111	7240	303500	3000	1448	536	512000	40000	91	0	0	0	0	0
283.252148	1	279	279	0	18892	5913	12979	14348
284.176108	2	280	5	1	0	56	279728	135	111	7240	303500	4000	1448	536	512000	40000	91	0	0	0	0	0
284.176180	1	280	280	0	18892	5913	12979	14348
285.100026	2	281	5	1	0	80	280652	135	111	7240	303500	3000	1448	536	512000	40000	91	0	0	0	0	0
285.100106	1	281	281	0	18892	5913	12979	14348
286.023795	2	282	5	1	0	100	281576	135	111	7240	303500	3000	1448	536	512000	40000	91	0	0	0	0	0
286.023869	1	282	282	0	18892	5913	12979	14348
287.256122	2	283	5	1	0	128	282808	135	111	7240	303500	3000	1448	536	512000	40000	91	0	0	0	0	0
287.256204	1	283	283	0	18892	5913	12979	14348
288.180107	2	284	5	1	0	148	283732	135	111	7240	303500	4000	1448	536	512000	40000	91	0	0	0	0	0
288.180186	1	284	284	0	18892	5913	12979	14348
289.104159	2	285	5	1	0	172	284656	135	111	7240	303500	3000	1448	536	512000	40000	91	0	0	0	0	0
289.104241	1	285	285	0	18892	5913	12979	14348
290.028092	2	286	5	1	0	192	285580	135	111	7240	303500	3000	1448	536	512000	40000	91	0	0	0	0	0
290.028165	1	286	286	0	18892	5913	12979	14348
291.260168	2	287	5	1	0	220	286812	135	111	7240	303500	3000	1448	536	512000	40000	91	0	0	0	0	0
291.260259	1	287	287	0	18892	5913	12979	14348
292.184129	2	288	5	1	0	240	287736	135	111	7240	303500	3000	1448	536	512000	40000	91	0	0	0	0	0
292.184202	1	288	288	0	18892	5913	12979	14348
293.108085	2	289	5	1	0	260	288660	135	111	7240	303500	4000	1448	536	512000	40000	91	0	0	0	0	0
293.108173	1	289	289	0	18892	5913	12979	14348
294.032103	2	290	5	1	0	284	289584	135	111	7240	303500	3000	1448	536	512000	40000	91	0	0	0	0	0
294.032177	1	290	290	0	18892	5913	12979	14348
295.254806	2	291	5	1	0	0	290804	136	111	7240	303500	3000	1448	536	512000	40000	135	0	0	0	0	0
295.254887	1	291	291	0	18892	5913	12979	14348
296.156801	2	292	5	1	0	0	291708	136	111	7240	307500	12000	1448	536	516000	40000	135	0	0	0	0	0
296.156878	1	292	292	0	18892	5913	12979	14348
297.060725	2	293	5	1	0	0	292612	136	111	7240	310500	14000	1448	536	520000	40000	135	0	0	0	0	0
297.060806	1	293	293	0	18892	5913	12979	14348
298.264329	2	294	5	1	0	0	293816	136	111	7240	311000	15000	1448	536	520000	40000	135	0	0	0	0	0
298.264417	1	294	294	0	18892	5913	12979	14348
299.167414	2	295	5	1	0	0	294720	136	111	7240	311000	14000	1448	536	520000	40000	135	0	0	0	0	0
299.167589	1	295	295	0	18892	5913	12979	14348
300.070120	2	296	5	1	0	0	295620	136	111	7240	310500	15000	1448	536	520000	40000	135	0	0	0	0	0
300.070196	1	296	296	0	18892	5913	12979	14348
301.274140	2	297	5	1	0	0	296824	136	111	7240	310500	16000	1448	536	520000	40000	135	0	0	0	0	0
301.274229	1	297	297	0	18892	5913	12979	14348
302.183921	2	298	5	1	0	0	297736	136	111	7240	307500	11000	1448	536	516000	40000	136	0	0	0	0	0
302.183994	1	298	298	0	18892	5913	12979	14348
303.091700	2	299	5	1	0	0	298644	136	111	7240	309000	12000	1448	536	520000	40000	90	0	0	0	0	0
303.091791	1	299	299	0	18892	5913	12979	14348
304.032588	2	300	5	1	0	0	299584	136	111	7240	307500	10000	1448	536	516000	40000	135	0	0	0	0	0
304.032662	1	300	300	0	18892	5913	12979	14348
305.236328	2	301	5	1	0	0	300788	136	111	7240	307500	12000	1448	536	516000	40000	135	0	0	0	0	0
305.236416	1	301	301	0	18892	5913	12979	14348
305.844404	3	1	5	10.1.1.1	37007	htdocs/file.txt
