protocol: 5
domain: reno_500Mbps_200ms
start-time: 1424584531
sender-id: 3
app-name: tinyhttpd
schema: 0 _experiment_metadata subject:string key:string value:string 
schema: 1 _client_instrumentation measurements_injected:uint32 measurements_dropped:uint32 bytes_allocated:uint64 bytes_freed:uint64 bytes_in_use:uint64 bytes_max:uint64 
schema: 2 tinyhttpd_tcp socket:int32 state:int32 ca_state:int32 last_data_sent:int32 last_data_recv:int32 snd_cwnd:int32 snd_ssthresh:int32 rcv_ssthresh:int32 rtt:int32 rttvar:int32 snd_mss:int32 rcv_mss:int32 rto:int32 ato:int32 unacked:int32 sacked:int32 lost:int32 retrans:int32 fackets:int32 total_retrans:int32 
schema: 3 tinyhttpd_peer socket:int32 ip:string port:int32 file:string 
content: text

4.094586	2	1	5	1	0	200	200	10	111	7240	227500	96000	1448	536	696000	40000	5	0	0	0	0	0
4.094681	1	1	1	0	18892	5913	12979	14348
5.099015	2	2	5	1	0	0	1204	19	111	7240	205000	7000	1448	536	480000	40000	13	0	0	0	0	0
5.099102	1	2	2	0	18892	5913	12979	14348
6.103653	2	3	5	1	0	0	2212	36	111	7240	204000	3000	1448	536	428000	40000	34	0	0	0	0	0
6.103766	1	3	3	0	18892	5913	12979	14348
7.108178	2	4	5	1	0	200	3216	53	111	7240	203500	3000	1448	536	412000	40000	36	0	0	0	0	0
7.108245	1	4	4	0	18892	5913	12979	14348
8.119962	2	5	5	1	0	0	4228	67	111	7240	204000	4000	1448	536	416000	40000	45	0	0	0	0	0
8.120047	1	5	5	0	18892	5913	12979	14348
9.332189	2	6	5	1	0	0	5440	85	111	7240	204000	3000	1448	536	416000	40000	85	0	0	0	0	0
9.332275	1	6	6	0	18892	5913	12979	14348
10.336709	2	7	5	1	0	184	6444	105	111	7240	203500	3000	1448	536	412000	40000	87	0	0	0	0	0
10.336799	1	7	7	0	18892	5913	12979	14348
11.141666	2	8	5	1	0	0	7248	112	111	7240	203500	3000	1448	536	412000	40000	90	0	0	0	0	0
11.141740	1	8	8	0	18892	5913	12979	14348
12.362835	2	9	5	1	0	0	8468	112	111	7240	203500	3000	1448	536	412000	40000	90	0	0	0	0	0
12.362924	1	9	9	0	18892	5913	12979	14348
13.178732	2	10	5	1	0	0	9284	112	111	7240	203500	3000	1448	536	412000	40000	90	0	0	0	0	0
13.178806	1	10	10	0	18892	5913	12979	14348
14.003076	2	11	5	1	0	4	10112	112	111	7240	204500	5000	1448	536	416000	40000	91	0	0	0	0	0
14.003167	1	11	11	0	18892	5913	12979	14348
15.204819	2	12	5	1	0	0	11312	112	111	7240	206000	7000	1448	536	416000	40000	90	0	0	0	0	0
15.204909	1	12	12	0	18892	5913	12979	14348
16.229559	2	13	5	1	0	0	12336	113	111	7240	203500	3000	1448	536	412000	40000	90	0	0	0	0	0
16.229649	1	13	13	0	18892	5913	12979	14348
17.043071	2	14	5	1	0	4	13152	113	111	7240	203500	3000	1448	536	412000	40000	113	0	0	0	0	0
17.043141	1	14	14	0	18892	5913	12979	14348
18.048044	2	15	5	1	0	0	14156	113	111	7240	204000	4000	1448	536	416000	40000	113	0	0	0	0	0
18.048125	1	15	15	0	18892	5913	12979	14348
19.053002	2	16	5	1	0	0	15160	113	111	7240	207500	11000	1448	536	416000	40000	90	0	0	0	0	0
19.053078	1	16	16	0	18892	5913	12979	14348
20.258119	2	17	5	1	0	0	16364	113	111	7240	204500	7000	1448	536	416000	40000	113	0	0	0	0	0
20.258210	1	17	17	0	18892	5913	12979	14348
21.061819	2	18	5	1	0	0	17168	113	111	7240	203500	3000	1448	536	412000	40000	113	0	0	0	0	0
21.061892	1	18	18	0	18892	5913	12979	14348
22.114496	2	19	5	1	0	0	18220	113	111	7240	203500	3000	1448	536	412000	40000	113	0	0	0	0	0
22.114573	1	19	19	0	18892	5913	12979	14348
23.141451	2	20	5	1	0	0	19248	114	111	7240	203500	3000	1448	536	412000	40000	114	0	0	0	0	0
23.141529	1	20	20	0	18892	5913	12979	14348
24.277499	2	21	5	1	0	0	20384	114	111	7240	203500	3000	1448	536	412000	40000	114	0	0	0	0	0
24.277589	1	21	21	0	18892	5913	12979	14348
25.080964	2	22	5	1	0	0	21188	114	111	7240	203500	3000	1448	536	412000	40000	114	0	0	0	0	0
25.081053	1	22	22	0	18892	5913	12979	14348
26.133604	2	23	5	1	0	0	22240	114	111	7240	203500	3000	1448	536	412000	40000	114	0	0	0	0	0
26.133697	1	23	23	0	18892	5913	12979	14348
27.159661	2	24	5	1	0	0	23268	114	111	7240	204000	4000	1448	536	416000	40000	114	0	0	0	0	0
27.159733	1	24	24	0	18892	5913	12979	14348
28.295963	2	25	5	1	0	0	24404	114	111	7240	204000	4000	1448	536	416000	40000	114	0	0	0	0	0
28.296048	1	25	25	0	18892	5913	12979	14348
29.099823	2	26	5	1	0	0	25208	114	111	7240	204000	4000	1448	536	416000	40000	114	0	0	0	0	0
29.099907	1	26	26	0	18892	5913	12979	14348
30.152310	2	27	5	1	0	0	26260	114	111	7240	203500	3000	1448	536	412000	40000	114	0	0	0	0	0
30.152398	1	27	27	0	18892	5913	12979	14348
31.178361	2	28	5	1	0	0	27284	115	111	7240	203500	3000	1448	536	412000	40000	115	0	0	0	0	0
31.178441	1	28	28	0	18892	5913	12979	14348
32.314481	2	29	5	1	0	0	28420	115	111	7240	203500	3000	1448	536	412000	40000	115	0	0	0	0	0
32.314568	1	29	29	0	18892	5913	12979	14348
33.118184	2	30	5	1	0	0	29224	115	111	7240	203500	3000	1448	536	412000	40000	115	0	0	0	0	0
33.118266	1	30	30	0	18892	5913	12979	14348
34.170574	2	31	5	1	0	0	30276	115	111	7240	203500	3000	1448	536	412000	40000	115	0	0	0	0	0
34.170659	1	31	31	0	18892	5913	12979	14348
35.196241	2	32	5	1	0	0	31304	115	111	7240	203500	3000	1448	536	412000	40000	115	0	0	0	0	0
35.196329	1	32	32	0	18892	5913	12979	14348
36.003084	2	33	5	1	0	4	32112	115	111	7240	203500	3000	1448	536	412000	40000	115	0	0	0	0	0
36.003170	1	33	33	0	18892	5913	12979	14348
37.136628	2	34	5	1	0	0	33244	115	111	7240	203500	3000	1448	536	412000	40000	115	0	0	0	0	0
37.136713	1	34	34	0	18892	5913	12979	14348
38.188580	2	35	5	1	0	0	34296	116	111	7240	203500	3000	1448	536	412000	40000	116	0	0	0	0	0
38.188663	1	35	35	0	18892	5913	12979	14348
39.003077	2	36	5	1	0	12	35112	116	111	7240	203500	3000	1448	536	412000	40000	116	0	0	0	0	0
39.003163	1	36	36	0	18892	5913	12979	14348
40.018135	2	37	5	1	0	0	36124	116	111	7240	203500	3000	1448	536	412000	40000	116	0	0	0	0	0
40.018222	1	37	37	0	18892	5913	12979	14348
41.154967	2	38	5	1	0	0	37260	116	111	7240	203500	3000	1448	536	412000	40000	116	0	0	0	0	0
41.155049	1	38	38	0	18892	5913	12979	14348
42.206894	2	39	5	1	0	0	38312	116	111	7240	203500	3000	1448	536	412000	40000	116	0	0	0	0	0
42.206983	1	39	39	0	18892	5913	12979	14348
43.010415	2	40	5	1	0	0	39116	116	111	7240	203500	3000	1448	536	412000	40000	116	0	0	0	0	0
43.010492	1	40	40	0	18892	5913	12979	14348
44.036822	2	41	5	1	0	0	40144	116	111	7240	203500	3000	1448	536	412000	40000	116	0	0	0	0	0
44.036910	1	41	41	0	18892	5913	12979	14348
45.173606	2	42	5	1	0	0	41280	116	111	7240	203500	3000	1448	536	412000	40000	116	0	0	0	0	0
45.173709	1	42	42	0	18892	5913	12979	14348
46.225052	2	43	5	1	0	0	42332	117	111	7240	203500	3000	1448	536	412000	40000	117	0	0	0	0	0
46.225140	1	43	43	0	18892	5913	12979	14348
47.028736	2	44	5	1	0	0	43136	117	111	7240	203500	3000	1448	536	412000	40000	117	0	0	0	0	0
47.028809	1	44	44	0	18892	5913	12979	14348
48.054801	2	45	5	1	0	0	44160	117	111	7240	203500	3000	1448	536	412000	40000	117	0	0	0	0	0
48.054884	1	45	45	0	18892	5913	12979	14348
49.192041	2	46	5	1	0	0	45300	117	111	7240	203500	4000	1448	536	412000	40000	117	0	0	0	0	0
49.192125	1	46	46	0	18892	5913	12979	14348
50.003081	2	47	5	1	0	8	46112	117	111	7240	204000	3000	1448	536	416000	40000	117	0	0	0	0	0
50.003160	1	47	47	0	18892	5913	12979	14348
51.046880	2	48	5	1	0	0	47152	117	111	7240	203500	3000	1448	536	412000	40000	117	0	0	0	0	0
51.046960	1	48	48	0	18892	5913	12979	14348
52.073294	2	49	5	1	0	0	48180	117	111	7240	203500	4000	1448	536	412000	40000	117	0	0	0	0	0
52.073382	1	49	49	0	18892	5913	12979	14348
53.209897	2	50	5	1	0	0	49316	117	111	7240	203500	3000	1448	536	412000	40000	117	0	0	0	0	0
53.209972	1	50	50	0	18892	5913	12979	14348
54.013379	2	51	5	1	0	0	50120	118	111	7240	203500	3000	1448	536	412000	40000	118	0	0	0	0	0
54.013468	1	51	51	0	18892	5913	12979	14348
55.064583	2	52	5	1	0	0	51172	118	111	7240	203500	3000	1448	536	412000	40000	118	0	0	0	0	0
55.064668	1	52	52	0	18892	5913	12979	14348
56.091220	2	53	5	1	0	0	52200	118	111	7240	204000	4000	1448	536	416000	40000	118	0	0	0	0	0
56.091312	1	53	53	0	18892	5913	12979	14348
57.227508	2	54	5	1	0	0	53336	118	111	7240	204000	3000	1448	536	416000	40000	118	0	0	0	0	0
57.227590	1	54	54	0	18892	5913	12979	14348
58.031289	2	55	5	1	0	0	54140	118	111	7240	204000	3000	1448	536	416000	40000	118	0	0	0	0	0
58.031364	1	55	55	0	18892	5913	12979	14348
59.082548	2	56	5	1	0	0	55188	118	111	7240	203500	4000	1448	536	412000	40000	118	0	0	0	0	0
59.082630	1	56	56	0	18892	5913	12979	14348
60.109342	2	57	5	1	0	0	56216	118	111	7240	203500	3000	1448	536	412000	40000	118	0	0	0	0	0
60.109514	1	57	57	0	18892	5913	12979	14348
61.245369	2	58	5	1	0	0	57352	118	111	7240	203500	3000	1448	536	412000	40000	118	0	0	0	0	0
61.245459	1	58	58	0	18892	5913	12979	14348
62.048995	2	59	5	1	0	0	58156	119	111	7240	203500	3000	1448	536	412000	40000	119	0	0	0	0	0
62.049074	1	59	59	0	18892	5913	12979	14348
63.100161	2	60	5	1	0	0	59208	119	111	7240	203500	3000	1448	536	412000	40000	119	0	0	0	0	0
63.100233	1	60	60	0	18892	5913	12979	14348
64.127163	2	61	5	1	0	0	60236	119	111	7240	204000	4000	1448	536	416000	40000	119	0	0	0	0	0
64.127249	1	61	61	0	18892	5913	12979	14348
65.264000	2	62	5	1	0	0	61372	119	111	7240	203500	4000	1448	536	412000	40000	119	0	0	0	0	0
65.264092	1	62	62	0	18892	5913	12979	14348
66.067699	2	63	5	1	0	0	62176	119	111	7240	204000	3000	1448	536	416000	40000	119	0	0	0	0	0
66.067790	1	63	63	0	18892	5913	12979	14348
67.118438	2	64	5	1	0	0	63224	119	111	7240	203500	3000	1448	536	412000	40000	119	0	0	0	0	0
67.118513	1	64	64	0	18892	5913	12979	14348
68.145540	2	65	5	1	0	0	64252	119	111	7240	203500	3000	1448	536	412000	40000	119	0	0	0	0	0
68.145620	1	65	65	0	18892	5913	12979	14348
69.282391	2	66	5	1	0	0	65388	119	111	7240	203500	3000	1448	536	412000	40000	119	0	0	0	0	0
69.282479	1	66	66	0	18892	5913	12979	14348
70.086155	2	67	5	1	0	0	66192	120	111	7240	203500	3000	1448	536	412000	40000	120	0	0	0	0	0
70.086228	1	67	67	0	18892	5913	12979	14348
71.136844	2	68	5	1	0	0	67244	120	111	7240	203500	3000	1448	536	412000	40000	120	0	0	0	0	0
71.136927	1	68	68	0	18892	5913	12979	14348
72.163715	2	69	5	1	0	0	68272	120	111	7240	204000	4000	1448	536	416000	40000	120	0	0	0	0	0
72.163806	1	69	69	0	18892	5913	12979	14348
73.300633	2	70	5	1	0	0	69408	120	111	7240	203500	3000	1448	536	412000	40000	120	0	0	0	0	0
73.300714	1	70	70	0	18892	5913	12979	14348
74.104183	2	71	5	1	0	0	70212	120	111	7240	203500	4000	1448	536	412000	40000	120	0	0	0	0	0
74.104260	1	71	71	0	18892	5913	12979	14348
75.154664	2	72	5	1	0	0	71260	120	111	7240	203500	3000	1448	536	412000	40000	120	0	0	0	0	0
75.154746	1	72	72	0	18892	5913	12979	14348
76.181671	2	73	5	1	0	0	72288	120	111	7240	203500	4000	1448	536	412000	40000	120	0	0	0	0	0
76.181763	1	73	73	0	18892	5913	12979	14348
77.318612	2	74	5	1	0	0	73424	120	111	7240	203500	3000	1448	536	412000	40000	120	0	0	0	0	0
77.318699	1	74	74	0	18892	5913	12979	14348
78.122212	2	75	5	1	0	0	74228	121	111	7240	203500	3000	1448	536	412000	40000	121	0	0	0	0	0
78.122288	1	75	75	0	18892	5913	12979	14348
79.172717	2	76	5	1	0	0	75280	121	111	7240	203500	3000	1448	536	412000	40000	121	0	0	0	0	0
79.172793	1	76	76	0	18892	5913	12979	14348
80.199470	2	77	5	1	0	0	76308	121	111	7240	204000	4000	1448	536	416000	40000	121	0	0	0	0	0
80.199556	1	77	77	0	18892	5913	12979	14348
81.002971	2	78	5	1	0	0	77108	121	111	7240	203500	3000	1448	536	412000	40000	121	0	0	0	0	0
81.003050	1	78	78	0	18892	5913	12979	14348
82.140427	2	79	5	1	0	0	78248	121	111	7240	203500	4000	1448	536	412000	40000	121	0	0	0	0	0
82.140518	1	79	79	0	18892	5913	12979	14348
83.190499	2	80	5	1	0	0	79296	121	111	7240	203500	3000	1448	536	412000	40000	121	0	0	0	0	0
83.190569	1	80	80	0	18892	5913	12979	14348
84.003079	2	81	5	1	0	12	80112	121	111	7240	203500	3000	1448	536	412000	40000	121	0	0	0	0	0
84.003168	1	81	81	0	18892	5913	12979	14348
85.020982	2	82	5	1	0	0	81128	121	111	7240	203500	3000	1448	536	412000	40000	121	0	0	0	0	0
85.021059	1	82	82	0	18892	5913	12979	14348
86.158535	2	83	5	1	0	0	82264	122	111	7240	203500	3000	1448	536	412000	40000	122	0	0	0	0	0
86.158628	1	83	83	0	18892	5913	12979	14348
87.208432	2	84	5	1	0	0	83316	122	111	7240	203500	4000	1448	536	412000	40000	122	0	0	0	0	0
87.208508	1	84	84	0	18892	5913	12979	14348
88.012187	2	85	5	1	0	0	84120	122	111	7240	203500	4000	1448	536	412000	40000	122	0	0	0	0	0
88.012296	1	85	85	0	18892	5913	12979	14348
89.039573	2	86	5	1	0	0	85148	122	111	7240	204000	4000	1448	536	416000	40000	122	0	0	0	0	0
89.039666	1	86	86	0	18892	5913	12979	14348
90.178057	2	87	5	1	0	0	86284	122	111	7240	203500	3000	1448	536	412000	40000	122	0	0	0	0	0
90.178156	1	87	87	0	18892	5913	12979	14348
91.226299	2	88	5	1	0	0	87332	122	111	7240	203500	3000	1448	536	412000	40000	122	0	0	0	0	0
91.226485	1	88	88	0	18892	5913	12979	14348
92.030028	2	89	5	1	0	0	88136	122	111	7240	203500	3000	1448	536	412000	40000	122	0	0	0	0	0
92.030107	1	89	89	0	18892	5913	12979	14348
93.058361	2	90	5	1	0	0	89164	122	111	7240	203500	3000	1448	536	412000	40000	122	0	0	0	0	0
93.058430	1	90	90	0	18892	5913	12979	14348
94.196472	2	91	5	1	0	0	90304	122	111	7240	203500	3000	1448	536	412000	40000	122	0	0	0	0	0
94.196556	1	91	91	0	18892	5913	12979	14348
95.003088	2	92	5	1	0	4	91112	123	111	7240	203500	3000	1448	536	412000	40000	123	0	0	0	0	0
95.003166	1	92	92	0	18892	5913	12979	14348
96.047743	2	93	5	1	0	0	92156	123	111	7240	203500	3000	1448	536	412000	40000	123	0	0	0	0	0
96.047835	1	93	93	0	18892	5913	12979	14348
97.076099	2	94	5	1	0	0	93184	123	111	7240	203500	3000	1448	536	412000	40000	123	0	0	0	0	0
97.076183	1	94	94	0	18892	5913	12979	14348
98.214694	2	95	5	1	0	0	94320	123	111	7240	203500	3000	1448	536	412000	40000	123	0	0	0	0	0
98.214787	1	95	95	0	18892	5913	12979	14348
99.018379	2	96	5	1	0	0	95124	123	111	7240	203500	3000	1448	536	412000	40000	123	0	0	0	0	0
99.018449	1	96	96	0	18892	5913	12979	14348
100.066165	2	97	5	1	0	0	96172	123	111	7240	203500	4000	1448	536	412000	40000	123	0	0	0	0	0
100.066250	1	97	97	0	18892	5913	12979	14348
101.094291	2	98	5	1	0	0	97200	123	111	7240	203500	3000	1448	536	412000	40000	123	0	0	0	0	0
101.094377	1	98	98	0	18892	5913	12979	14348
102.233096	2	99	5	1	0	0	98340	123	111	7240	203500	3000	1448	536	412000	40000	123	0	0	0	0	0
102.233188	1	99	99	0	18892	5913	12979	14348
103.036874	2	100	5	1	0	0	99144	124	111	7240	203500	3000	1448	536	412000	40000	124	0	0	0	0	0
103.036951	1	100	100	0	18892	5913	12979	14348
104.084773	2	101	5	1	0	0	100192	124	111	7240	203500	3000	1448	536	412000	40000	124	0	0	0	0	0
104.084860	1	101	101	0	18892	5913	12979	14348
105.112756	2	102	5	1	0	0	101220	124	111	7240	203500	3000	1448	536	412000	40000	124	0	0	0	0	0
105.112832	1	102	102	0	18892	5913	12979	14348
106.251577	2	103	5	1	0	0	102360	124	111	7240	204000	4000	1448	536	416000	40000	124	0	0	0	0	0
106.251670	1	103	103	0	18892	5913	12979	14348
107.055351	2	104	5	1	0	0	103164	124	111	7240	204000	4000	1448	536	416000	40000	124	0	0	0	0	0
107.055425	1	104	104	0	18892	5913	12979	14348
108.103011	2	105	5	1	0	0	104208	124	111	7240	203500	4000	1448	536	412000	40000	124	0	0	0	0	0
108.103095	1	105	105	0	18892	5913	12979	14348
109.130935	2	106	5	1	0	0	105236	124	111	7240	203500	4000	1448	536	412000	40000	124	0	0	0	0	0
109.131007	1	106	106	0	18892	5913	12979	14348
110.270103	2	107	5	1	0	0	106376	124	111	7240	203500	4000	1448	536	412000	40000	124	0	0	0	0	0
110.270191	1	107	107	0	18892	5913	12979	14348
111.073871	2	108	5	1	0	0	107180	125	111	7240	203500	4000	1448	536	412000	40000	125	0	0	0	0	0
111.073954	1	108	108	0	18892	5913	12979	14348
112.121394	2	109	5	1	0	0	108228	125	111	7240	203500	3000	1448	536	412000	40000	125	0	0	0	0	0
112.121521	1	109	109	0	18892	5913	12979	14348
113.150174	2	110	5	1	0	0	109256	125	111	7240	203500	3000	1448	536	412000	40000	125	0	0	0	0	0
113.150245	1	110	110	0	18892	5913	12979	14348
114.288889	2	111	5	1	0	0	110396	125	111	7240	203500	3000	1448	536	412000	40000	125	0	0	0	0	0
114.288999	1	111	111	0	18892	5913	12979	14348
115.092693	2	112	5	1	0	0	111200	125	111	7240	203500	3000	1448	536	412000	40000	125	0	0	0	0	0
115.092769	1	112	112	0	18892	5913	12979	14348
116.140016	2	113	5	1	0	0	112248	125	111	7240	203500	3000	1448	536	412000	40000	125	0	0	0	0	0
116.140107	1	113	113	0	18892	5913	12979	14348
117.169069	2	114	5	1	0	0	113276	125	111	7240	203500	3000	1448	536	412000	40000	125	0	0	0	0	0
117.169160	1	114	114	0	18892	5913	12979	14348
118.308948	2	115	5	1	0	0	114416	125	111	7240	203500	3000	1448	536	412000	40000	125	0	0	0	0	0
118.309037	1	115	115	0	18892	5913	12979	14348
119.113007	2	116	5	1	0	0	115220	125	111	7240	203500	3000	1448	536	412000	40000	125	0	0	0	0	0
119.113082	1	116	116	0	18892	5913	12979	14348
120.159504	2	117	5	1	0	0	116268	126	111	7240	204000	4000	1448	536	416000	40000	126	0	0	0	0	0
120.159591	1	117	117	0	18892	5913	12979	14348
121.188543	2	118	5	1	0	0	117296	126	111	7240	203500	3000	1448	536	412000	40000	126	0	0	0	0	0
121.188752	1	118	118	0	18892	5913	12979	14348
122.003075	2	119	5	1	0	12	118112	126	111	7240	203500	3000	1448	536	412000	40000	126	0	0	0	0	0
122.003165	1	119	119	0	18892	5913	12979	14348
123.132504	2	120	5	1	0	0	119240	126	111	7240	203500	3000	1448	536	412000	40000	126	0	0	0	0	0
123.132581	1	120	120	0	18892	5913	12979	14348
124.179427	2	121	5	1	0	0	120288	126	111	7240	204000	4000	1448	536	416000	40000	126	0	0	0	0	0
124.179518	1	121	121	0	18892	5913	12979	14348
125.208035	2	122	5	1	0	0	121316	126	111	7240	203500	4000	1448	536	412000	40000	126	0	0	0	0	0
125.208109	1	122	122	0	18892	5913	12979	14348
126.011828	2	123	5	1	0	0	122120	126	111	7240	204000	3000	1448	536	416000	40000	126	0	0	0	0	0
126.011917	1	123	123	0	18892	5913	12979	14348
127.152568	2	124	5	1	0	0	123260	126	111	7240	203500	3000	1448	536	412000	40000	126	0	0	0	0	0
127.152657	1	124	124	0	18892	5913	12979	14348
128.198345	2	125	5	1	0	0	124304	127	111	7240	203500	3000	1448	536	412000	40000	127	0	0	0	0	0
128.198431	1	125	125	0	18892	5913	12979	14348
129.001871	2	126	5	1	0	0	125108	127	111	7240	203500	3000	1448	536	412000	40000	127	0	0	0	0	0
129.001941	1	126	126	0	18892	5913	12979	14348
130.030956	2	127	5	1	0	0	126136	127	111	7240	203500	3000	1448	536	412000	40000	127	0	0	0	0	0
130.031042	1	127	127	0	18892	5913	12979	14348
131.171425	2	128	5	1	0	0	127280	127	111	7240	204000	3000	1448	536	416000	40000	127	0	0	0	0	0
131.171519	1	128	128	0	18892	5913	12979	14348
132.216836	2	129	5	1	0	0	128324	127	111	7240	203500	3000	1448	536	412000	40000	127	0	0	0	0	0
132.216922	1	129	129	0	18892	5913	12979	14348
133.020357	2	130	5	1	0	0	129128	127	111	7240	203500	3000	1448	536	412000	40000	127	0	0	0	0	0
133.020432	1	130	130	0	18892	5913	12979	14348
134.049474	2	131	5	1	0	0	130156	127	111	7240	203500	3000	1448	536	412000	40000	127	0	0	0	0	0
134.049556	1	131	131	0	18892	5913	12979	14348
135.189708	2	132	5	1	0	0	131296	127	111	7240	203500	3000	1448	536	412000	40000	127	0	0	0	0	0
135.189787	1	132	132	0	18892	5913	12979	14348
136.003080	2	133	5	1	0	12	132112	127	111	7240	203500	3000	1448	536	412000	40000	127	0	0	0	0	0
136.003164	1	133	133	0	18892	5913	12979	14348
137.038389	2	134	5	1	0	0	133144	128	111	7240	203500	3000	1448	536	412000	40000	128	0	0	0	0	0
137.038498	1	134	134	0	18892	5913	12979	14348
138.051321	2	135	5	1	0	0	134160	128	111	7240	204000	4000	1448	536	416000	40000	128	0	0	0	0	0
138.051412	1	135	135	0	18892	5913	12979	14348
139.062947	2	136	5	1	0	0	135168	128	111	7240	203500	3000	1448	536	412000	40000	128	0	0	0	0	0
139.063022	1	136	136	0	18892	5913	12979	14348
140.074692	2	137	5	1	0	0	136180	128	111	7240	205500	7000	1448	536	416000	40000	128	0	0	0	0	0
140.074781	1	137	137	0	18892	5913	12979	14348
141.086906	2	138	5	1	0	0	137192	128	111	7240	203500	3000	1448	536	412000	40000	128	0	0	0	0	0
141.086983	1	138	138	0	18892	5913	12979	14348
142.098730	2	139	5	1	0	0	138204	128	111	7240	203500	3000	1448	536	412000	40000	128	0	0	0	0	0
142.098822	1	139	139	0	18892	5913	12979	14348
143.110687	2	140	5	1	0	0	139216	128	111	7240	203500	3000	1448	536	412000	40000	128	0	0	0	0	0
143.110765	1	140	140	0	18892	5913	12979	14348
144.122702	2	141	5	1	0	0	140228	128	111	7240	203500	3000	1448	536	412000	40000	128	0	0	0	0	0
144.122791	1	141	141	0	18892	5913	12979	14348
145.134657	2	142	5	1	0	0	141240	129	111	7240	203500	3000	1448	536	412000	40000	129	0	0	0	0	0
145.134747	1	142	142	0	18892	5913	12979	14348
146.146533	2	143	5	1	0	0	142252	129	111	7240	203500	3000	1448	536	412000	40000	129	0	0	0	0	0
146.146648	1	143	143	0	18892	5913	12979	14348
147.158817	2	144	5	1	0	0	143264	129	111	7240	203500	3000	1448	536	412000	40000	129	0	0	0	0	0
147.158907	1	144	144	0	18892	5913	12979	14348
148.170834	2	145	5	1	0	0	144276	129	111	7240	203500	3000	1448	536	412000	40000	129	0	0	0	0	0
148.170922	1	145	145	0	18892	5913	12979	14348
149.182887	2	146	5	1	0	0	145288	129	111	7240	203500	3000	1448	536	412000	40000	129	0	0	0	0	0
149.182959	1	146	146	0	18892	5913	12979	14348
150.197457	2	147	5	1	0	0	146304	129	111	7240	203500	3000	1448	536	412000	40000	129	0	0	0	0	0
150.197544	1	147	147	0	18892	5913	12979	14348
151.207256	2	148	5	1	0	0	147316	129	111	7240	204000	4000	1448	536	416000	40000	129	0	0	0	0	0
151.207344	1	148	148	0	18892	5913	12979	14348
152.218879	2	149	5	1	0	0	148324	129	111	7240	203500	3000	1448	536	412000	40000	129	0	0	0	0	0
152.218970	1	149	149	0	18892	5913	12979	14348
153.230922	2	150	5	1	0	0	149336	130	111	7240	203500	3000	1448	536	412000	40000	130	0	0	0	0	0
153.231015	1	150	150	0	18892	5913	12979	14348
154.242830	2	151	5	1	0	0	150348	130	111	7240	203500	3000	1448	536	412000	40000	130	0	0	0	0	0
154.242915	1	151	151	0	18892	5913	12979	14348
155.254595	2	152	5	1	0	0	151360	130	111	7240	203500	3000	1448	536	412000	40000	130	0	0	0	0	0
155.254717	1	152	152	0	18892	5913	12979	14348
156.266566	2	153	5	1	0	0	152372	130	111	7240	203500	3000	1448	536	412000	40000	130	0	0	0	0	0
156.266659	1	153	153	0	18892	5913	12979	14348
157.278991	2	154	5	1	0	0	153384	130	111	7240	203500	3000	1448	536	412000	40000	130	0	0	0	0	0
157.279083	1	154	154	0	18892	5913	12979	14348
158.290991	2	155	5	1	0	0	154396	130	111	7240	203500	3000	1448	536	412000	40000	130	0	0	0	0	0
158.291118	1	155	155	0	18892	5913	12979	14348
159.303187	2	156	5	1	0	0	155412	130	111	7240	204000	4000	1448	536	416000	40000	130	0	0	0	0	0
159.303277	1	156	156	0	18892	5913	12979	14348
160.314769	2	157	5	1	0	0	156420	130	111	7240	203500	3000	1448	536	412000	40000	130	0	0	0	0	0
160.314857	1	157	157	0	18892	5913	12979	14348
161.326803	2	158	5	1	0	0	157432	131	111	7240	203500	3000	1448	536	412000	40000	131	0	0	0	0	0
161.326924	1	158	158	0	18892	5913	12979	14348
162.338816	2	159	5	1	0	0	158444	131	111	7240	203500	3000	1448	536	412000	40000	131	0	0	0	0	0
162.338938	1	159	159	0	18892	5913	12979	14348
163.350879	2	160	5	1	0	0	159456	131	111	7240	203500	3000	1448	536	412000	40000	131	0	0	0	0	0
163.350997	1	160	160	0	18892	5913	12979	14348
164.007079	2	161	5	1	0	4	160116	131	111	7240	203500	3000	1448	536	412000	40000	94	0	0	0	0	0
164.007156	1	161	161	0	18892	5913	12979	14348
165.015573	2	162	5	1	0	0	161124	131	111	7240	204000	4000	1448	536	416000	40000	94	0	0	0	0	0
165.015684	1	162	162	0	18892	5913	12979	14348
166.027632	2	163	5	1	0	0	162136	131	111	7240	204000	4000	1448	536	416000	40000	94	0	0	0	0	0
166.027723	1	163	163	0	18892	5913	12979	14348
167.039552	2	164	5	1	0	0	163148	131	111	7240	204000	4000	1448	536	416000	40000	94	0	0	0	0	0
167.039646	1	164	164	0	18892	5913	12979	14348
168.051937	2	165	5	1	0	0	164160	131	111	7240	204000	4000	1448	536	416000	40000	94	0	0	0	0	0
168.052025	1	165	165	0	18892	5913	12979	14348
169.063855	2	166	5	1	0	0	165172	131	111	7240	204000	4000	1448	536	416000	40000	94	0	0	0	0	0
169.063928	1	166	166	0	18892	5913	12979	14348
170.226295	2	167	5	1	0	0	166332	132	111	7240	203500	3000	1448	536	412000	40000	132	0	0	0	0	0
170.226378	1	167	167	0	18892	5913	12979	14348
171.050631	2	168	5	1	0	0	167156	132	111	7240	203500	3000	1448	536	412000	40000	132	0	0	0	0	0
171.050725	1	168	168	0	18892	5913	12979	14348
172.095840	2	169	5	1	0	0	168204	132	111	7240	203500	3000	1448	536	412000	40000	93	0	0	0	0	0
172.095932	1	169	169	0	18892	5913	12979	14348
173.128068	2	170	5	1	0	0	169236	132	111	7240	203500	3000	1448	536	412000	40000	96	0	0	0	0	0
173.128151	1	170	170	0	18892	5913	12979	14348
174.346707	2	171	5	1	0	0	170452	132	111	7240	203500	3000	1448	536	412000	40000	132	0	0	0	0	0
174.346788	1	171	171	0	18892	5913	12979	14348
175.170692	2	172	5	1	0	0	171276	132	111	7240	203500	3000	1448	536	412000	40000	132	0	0	0	0	0
175.170773	1	172	172	0	18892	5913	12979	14348
176.007073	2	173	5	1	0	8	172116	132	111	7240	203500	3000	1448	536	412000	40000	90	0	0	0	0	0
176.007154	1	173	173	0	18892	5913	12979	14348
177.039988	2	174	5	1	0	0	173148	133	111	7240	203500	3000	1448	536	412000	40000	92	0	0	0	0	0
177.040076	1	174	174	0	18892	5913	12979	14348
178.071856	2	175	5	1	0	0	174180	133	111	7240	203500	3000	1448	536	412000	40000	92	0	0	0	0	0
178.071945	1	175	175	0	18892	5913	12979	14348
179.103937	2	176	5	1	0	0	175212	133	111	7240	203500	3000	1448	536	412000	40000	92	0	0	0	0	0
179.104010	1	176	176	0	18892	5913	12979	14348
180.135876	2	177	5	1	0	0	176244	133	111	7240	203500	3000	1448	536	412000	40000	92	0	0	0	0	0
180.136042	1	177	177	0	18892	5913	12979	14348
181.191746	2	178	5	1	0	0	177300	133	111	7240	203500	6000	1448	536	412000	40000	92	0	0	0	0	0
181.191823	1	178	178	0	18892	5913	12979	14348
182.007084	2	179	5	1	0	8	178116	133	111	7240	203500	3000	1448	536	412000	40000	133	0	0	0	0	0
182.007177	1	179	179	0	18892	5913	12979	14348
183.034929	2	180	5	1	0	0	179140	133	111	7240	203500	3000	1448	536	412000	40000	133	0	0	0	0	0
183.035015	1	180	180	0	18892	5913	12979	14348
184.087826	2	181	5	1	0	0	180196	134	111	7240	203500	3000	1448	536	412000	40000	97	0	0	0	0	0
184.087943	1	181	181	0	18892	5913	12979	14348
185.120082	2	182	5	1	0	0	181228	134	111	7240	203500	4000	1448	536	412000	40000	93	0	0	0	0	0
185.120154	1	182	182	0	18892	5913	12979	14348
186.346897	2	183	5	1	0	0	182452	134	111	7240	203500	3000	1448	536	412000	40000	134	0	0	0	0	0
186.346991	1	183	183	0	18892	5913	12979	14348
187.191852	2	184	5	1	0	0	183300	134	111	7240	203500	3000	1448	536	412000	40000	94	0	0	0	0	0
187.191944	1	184	184	0	18892	5913	12979	14348
188.215112	2	185	5	1	0	8	184324	134	111	7240	203500	3000	1448	536	412000	40000	134	0	0	0	0	0
188.215199	1	185	185	0	18892	5913	12979	14348
189.056096	2	186	5	1	0	0	185164	134	111	7240	203500	3000	1448	536	412000	40000	94	0	0	0	0	0
189.056205	1	186	186	0	18892	5913	12979	14348
190.074822	2	187	5	1	0	0	186180	134	111	7240	203500	3000	1448	536	412000	40000	134	0	0	0	0	0
190.074945	1	187	187	0	18892	5913	12979	14348
191.128014	2	188	5	1	0	8	187236	135	111	7240	203500	3000	1448	536	412000	40000	95	0	0	0	0	0
191.128090	1	188	188	0	18892	5913	12979	14348
192.167966	2	189	5	1	0	44	188276	135	111	7240	203500	3000	1448	536	412000	40000	95	0	0	0	0	0
192.168060	1	189	189	0	18892	5913	12979	14348
193.007081	2	190	5	1	0	0	189116	135	111	7240	203500	3000	1448	536	412000	40000	135	0	0	0	0	0
193.007162	1	190	190	0	18892	5913	12979	14348
194.040058	2	191	5	1	0	24	190148	135	111	7240	203500	3000	1448	536	412000	40000	95	0	0	0	0	0
194.040181	1	191	191	0	18892	5913	12979	14348
195.080088	2	192	5	1	0	56	191188	135	111	7240	203500	3000	1448	536	412000	40000	95	0	0	0	0	0
195.080206	1	192	192	0	18892	5913	12979	14348
196.120086	2	193	5	1	0	92	192228	135	111	7240	203500	3000	1448	536	412000	40000	95	0	0	0	0	0
196.120217	1	193	193	0	18892	5913	12979	14348
197.149734	2	194	5	1	0	0	193256	135	111	7240	203500	3000	1448	536	412000	40000	135	0	0	0	0	0
197.149828	1	194	194	0	18892	5913	12979	14348
198.154571	2	195	5	1	0	0	194260	135	111	7240	203500	4000	1448	536	412000	40000	135	0	0	0	0	0
198.154663	1	195	195	0	18892	5913	12979	14348
199.159701	2	196	5	1	0	0	195268	136	111	7240	207000	7000	1448	536	416000	40000	135	0	0	0	0	0
199.159775	1	196	196	0	18892	5913	12979	14348
200.164438	2	197	5	1	0	0	196272	136	111	7240	215500	25000	1448	536	424000	40000	135	0	0	0	0	0
200.164527	1	197	197	0	18892	5913	12979	14348
201.169252	2	198	5	1	0	0	197276	136	111	7240	217000	25000	1448	536	428000	40000	135	0	0	0	0	0
201.169329	1	198	198	0	18892	5913	12979	14348
202.173809	2	199	5	1	0	0	198280	136	111	7240	217000	24000	1448	536	428000	40000	135	0	0	0	0	0
202.173901	1	199	199	0	18892	5913	12979	14348
203.178873	2	200	5	1	0	0	199284	136	111	7240	216500	26000	1448	536	428000	40000	135	0	0	0	0	0
203.178959	1	200	200	0	18892	5913	12979	14348
204.183403	2	201	5	1	0	0	200292	136	111	7240	217000	25000	1448	536	428000	40000	135	0	0	0	0	0
204.183491	1	201	201	0	18892	5913	12979	14348
205.187706	2	202	5	1	0	0	201296	136	111	7240	217500	24000	1448	536	428000	40000	135	0	0	0	0	0
205.187819	1	202	202	0	18892	5913	12979	14348
205.594099	3	1	5	10.1.1.1	37003	htdocs/file.txt
