protocol: 5
domain: scalable_500Mbps_200ms
start-time: 1424581673
sender-id: 3
app-name: tinyhttpd
schema: 0 _experiment_metadata subject:string key:string value:string 
schema: 1 _client_instrumentation measurements_injected:uint32 measurements_dropped:uint32 bytes_allocated:uint64 bytes_freed:uint64 bytes_in_use:uint64 bytes_max:uint64 
schema: 2 tinyhttpd_tcp socket:int32 state:int32 ca_state:int32 last_data_sent:int32 last_data_recv:int32 snd_cwnd:int32 snd_ssthresh:int32 rcv_ssthresh:int32 rtt:int32 rttvar:int32 snd_mss:int32 rcv_mss:int32 rto:int32 ato:int32 unacked:int32 sacked:int32 lost:int32 retrans:int32 fackets:int32 total_retrans:int32 
schema: 3 tinyhttpd_peer socket:int32 ip:string port:int32 file:string 
content: text

6.256260	2	1	5	1	0	0	604	13	111	7240	210500	19000	1448	536	584000	40000	12	0	0	0	0	0
6.256946	1	1	1	0	18904	5921	12983	14352
7.059412	2	2	5	1	0	0	1404	24	111	7240	203500	6000	1448	536	460000	40000	19	0	0	0	0	0
7.059490	1	2	2	0	18904	5921	12983	14352
8.265148	2	3	5	1	0	0	2612	41	111	7240	203500	3000	1448	536	416000	40000	41	0	0	0	0	0
8.265220	1	3	3	0	18904	5921	12983	14352
9.072990	2	4	5	1	0	0	3420	56	111	7240	203500	3000	1448	536	412000	40000	56	0	0	0	0	0
9.073078	1	4	4	0	18904	5921	12983	14352
10.281305	2	5	5	1	0	0	4628	72	111	7240	203500	3000	1448	536	412000	40000	72	0	0	0	0	0
10.281387	1	5	5	0	18904	5921	12983	14352
11.086137	2	6	5	1	0	0	5432	85	111	7240	203500	3000	1448	536	412000	40000	85	0	0	0	0	0
11.086221	1	6	6	0	18904	5921	12983	14352
12.090297	2	7	5	1	0	140	6436	105	111	7240	207500	12000	1448	536	416000	40000	87	0	0	0	0	0
12.090381	1	7	7	0	18904	5921	12983	14352
13.300868	2	8	5	1	0	0	7648	112	111	7240	203500	3000	1448	536	412000	40000	90	0	0	0	0	0
13.300953	1	8	8	0	18904	5921	12983	14352
14.120146	2	9	5	1	0	0	8468	112	111	7240	204000	4000	1448	536	416000	40000	91	0	0	0	0	0
14.120233	1	9	9	0	18904	5921	12983	14352
15.337388	2	10	5	1	0	0	9684	113	111	7240	203500	3000	1448	536	412000	40000	90	0	0	0	0	0
15.337478	1	10	10	0	18904	5921	12983	14352
16.153544	2	11	5	1	0	0	10500	113	111	7240	203500	3000	1448	536	412000	40000	90	0	0	0	0	0
16.153616	1	11	11	0	18904	5921	12983	14352
17.377583	2	12	5	1	0	0	11724	114	111	7240	203500	3000	1448	536	412000	40000	90	0	0	0	0	0
17.377670	1	12	12	0	18904	5921	12983	14352
18.193441	2	13	5	1	0	184	12540	114	111	7240	203500	3000	1448	536	412000	40000	90	0	0	0	0	0
18.193516	1	13	13	0	18904	5921	12983	14352
19.003495	2	14	5	1	0	4	13352	114	111	7240	203500	3000	1448	536	412000	40000	114	0	0	0	0	0
19.003587	1	14	14	0	18904	5921	12983	14352
20.208962	2	15	5	1	0	0	14556	115	111	7240	203500	3000	1448	536	412000	40000	115	0	0	0	0	0
20.209053	1	15	15	0	18904	5921	12983	14352
21.027904	2	16	5	1	0	0	15376	115	111	7240	204000	4000	1448	536	416000	40000	115	0	0	0	0	0
21.027988	1	16	16	0	18904	5921	12983	14352
22.016840	2	17	5	1	0	0	16364	115	111	7240	203500	3000	1448	536	412000	40000	115	0	0	0	0	0
22.016918	1	17	17	0	18904	5921	12983	14352
23.222148	2	18	5	1	0	0	17568	116	111	7240	203500	3000	1448	536	412000	40000	116	0	0	0	0	0
23.222225	1	18	18	0	18904	5921	12983	14352
24.051752	2	19	5	1	0	0	18400	116	111	7240	204000	4000	1448	536	416000	40000	116	0	0	0	0	0
24.051835	1	19	19	0	18904	5921	12983	14352
25.037445	2	20	5	1	0	0	19384	117	111	7240	203500	3000	1448	536	412000	40000	117	0	0	0	0	0
25.037535	1	20	20	0	18904	5921	12983	14352
26.072898	2	21	5	1	0	0	20420	117	111	7240	203500	3000	1448	536	412000	40000	117	0	0	0	0	0
26.072979	1	21	21	0	18904	5921	12983	14352
27.248378	2	22	5	1	0	0	21596	117	111	7240	204000	4000	1448	536	416000	40000	117	0	0	0	0	0
27.248471	1	22	22	0	18904	5921	12983	14352
28.052357	2	23	5	1	0	0	22400	118	111	7240	204000	4000	1448	536	416000	40000	118	0	0	0	0	0
28.052428	1	23	23	0	18904	5921	12983	14352
29.071282	2	24	5	1	0	0	23416	118	111	7240	203500	3000	1448	536	412000	40000	118	0	0	0	0	0
29.071370	1	24	24	0	18904	5921	12983	14352
30.091706	2	25	5	1	0	0	24440	118	111	7240	204000	3000	1448	536	416000	40000	118	0	0	0	0	0
30.091787	1	25	25	0	18904	5921	12983	14352
31.267986	2	26	5	1	0	0	25616	119	111	7240	204000	3000	1448	536	416000	40000	119	0	0	0	0	0
31.268195	1	26	26	0	18904	5921	12983	14352
32.071792	2	27	5	1	0	0	26420	119	111	7240	204000	3000	1448	536	416000	40000	119	0	0	0	0	0
32.071895	1	27	27	0	18904	5921	12983	14352
33.105486	2	28	5	1	0	0	27452	119	111	7240	203500	3000	1448	536	412000	40000	119	0	0	0	0	0
33.105572	1	28	28	0	18904	5921	12983	14352
34.281993	2	29	5	1	0	0	28628	119	111	7240	203500	3000	1448	536	412000	40000	119	0	0	0	0	0
34.282086	1	29	29	0	18904	5921	12983	14352
35.085440	2	30	5	1	0	0	29432	120	111	7240	203500	3000	1448	536	412000	40000	120	0	0	0	0	0
35.085529	1	30	30	0	18904	5921	12983	14352
36.118527	2	31	5	1	0	0	30464	120	111	7240	203500	3000	1448	536	412000	40000	120	0	0	0	0	0
36.118600	1	31	31	0	18904	5921	12983	14352
37.296130	2	32	5	1	0	0	31644	120	111	7240	204000	4000	1448	536	416000	40000	120	0	0	0	0	0
37.296217	1	32	32	0	18904	5921	12983	14352
38.100084	2	33	5	1	0	0	32448	121	111	7240	204000	4000	1448	536	416000	40000	121	0	0	0	0	0
38.100155	1	33	33	0	18904	5921	12983	14352
39.118806	2	34	5	1	0	0	33464	121	111	7240	203500	3000	1448	536	412000	40000	121	0	0	0	0	0
39.118896	1	34	34	0	18904	5921	12983	14352
40.310461	2	35	5	1	0	0	34656	121	111	7240	203500	3000	1448	536	412000	40000	121	0	0	0	0	0
40.310553	1	35	35	0	18904	5921	12983	14352
41.141029	2	36	5	1	0	0	35488	122	111	7240	203500	3000	1448	536	412000	40000	122	0	0	0	0	0
41.141113	1	36	36	0	18904	5921	12983	14352
42.132250	2	37	5	1	0	0	36480	122	111	7240	204000	4000	1448	536	416000	40000	90	0	0	0	0	0
42.132335	1	37	37	0	18904	5921	12983	14352
43.337759	2	38	5	1	0	0	37684	122	111	7240	203500	3000	1448	536	412000	40000	122	0	0	0	0	0
43.337842	1	38	38	0	18904	5921	12983	14352
44.167449	2	39	5	1	0	4	38516	123	111	7240	203500	3000	1448	536	412000	40000	90	0	0	0	0	0
44.167528	1	39	39	0	18904	5921	12983	14352
45.146125	2	40	5	1	0	0	39492	123	111	7240	203500	3000	1448	536	412000	40000	123	0	0	0	0	0
45.146218	1	40	40	0	18904	5921	12983	14352
46.351736	2	41	5	1	0	0	40700	123	111	7240	204000	4000	1448	536	416000	40000	123	0	0	0	0	0
46.351809	1	41	41	0	18904	5921	12983	14352
47.191947	2	42	5	1	0	0	41540	124	111	7240	204000	3000	1448	536	416000	40000	124	0	0	0	0	0
47.192037	1	42	42	0	18904	5921	12983	14352
48.196722	2	43	5	1	0	0	42544	124	111	7240	203500	3000	1448	536	412000	40000	124	0	0	0	0	0
48.196808	1	43	43	0	18904	5921	12983	14352
49.201451	2	44	5	1	0	0	43548	125	111	7240	203500	3000	1448	536	412000	40000	125	0	0	0	0	0
49.201545	1	44	44	0	18904	5921	12983	14352
50.029769	2	45	5	1	0	0	44376	125	111	7240	203500	3000	1448	536	412000	40000	90	0	0	0	0	0
50.029851	1	45	45	0	18904	5921	12983	14352
51.021525	2	46	5	1	0	0	45368	125	111	7240	203500	3000	1448	536	412000	40000	125	0	0	0	0	0
51.021613	1	46	46	0	18904	5921	12983	14352
52.031596	2	47	5	1	0	0	46380	126	111	7240	204000	4000	1448	536	416000	40000	90	0	0	0	0	0
52.031669	1	47	47	0	18904	5921	12983	14352
53.054175	2	48	5	1	0	4	47400	126	111	7240	203500	3000	1448	536	412000	40000	90	0	0	0	0	0
53.054259	1	48	48	0	18904	5921	12983	14352
54.040759	2	49	5	1	0	0	48388	126	111	7240	203500	3000	1448	536	412000	40000	126	0	0	0	0	0
54.040830	1	49	49	0	18904	5921	12983	14352
55.263237	2	50	5	1	0	0	49608	127	111	7240	203500	3000	1448	536	412000	40000	127	0	0	0	0	0
55.263332	1	50	50	0	18904	5921	12983	14352
56.267644	2	51	5	1	0	0	50616	127	111	7240	204000	4000	1448	536	416000	40000	127	0	0	0	0	0
56.267720	1	51	51	0	18904	5921	12983	14352
57.091283	2	52	5	1	0	0	51436	127	111	7240	203500	3000	1448	536	412000	40000	90	0	0	0	0	0
57.091364	1	52	52	0	18904	5921	12983	14352
58.087321	2	53	5	1	0	0	52432	128	111	7240	203500	3000	1448	536	412000	40000	128	0	0	0	0	0
58.087402	1	53	53	0	18904	5921	12983	14352
59.091684	2	54	5	1	0	0	53440	128	111	7240	204000	4000	1448	536	416000	40000	128	0	0	0	0	0
59.091762	1	54	54	0	18904	5921	12983	14352
60.304346	2	55	5	1	0	0	54652	129	111	7240	203500	3000	1448	536	412000	40000	129	0	0	0	0	0
60.304437	1	55	55	0	18904	5921	12983	14352
61.315071	2	56	5	1	0	0	55660	129	111	7240	203500	3000	1448	536	412000	40000	129	0	0	0	0	0
61.315158	1	56	56	0	18904	5921	12983	14352
62.126177	2	57	5	1	0	0	56472	130	111	7240	203500	3000	1448	536	412000	40000	130	0	0	0	0	0
62.126331	1	57	57	0	18904	5921	12983	14352
63.135115	2	58	5	1	0	0	57480	130	111	7240	203500	3000	1448	536	412000	40000	130	0	0	0	0	0
63.135201	1	58	58	0	18904	5921	12983	14352
64.147059	2	59	5	1	0	0	58492	130	111	7240	203500	3000	1448	536	412000	40000	130	0	0	0	0	0
64.147133	1	59	59	0	18904	5921	12983	14352
65.159039	2	60	5	1	0	0	59504	130	111	7240	203500	3000	1448	536	412000	40000	130	0	0	0	0	0
65.159133	1	60	60	0	18904	5921	12983	14352
66.170937	2	61	5	1	0	0	60516	131	111	7240	203500	3000	1448	536	412000	40000	131	0	0	0	0	0
66.171015	1	61	61	0	18904	5921	12983	14352
67.182913	2	62	5	1	0	0	61528	131	111	7240	203500	3000	1448	536	412000	40000	131	0	0	0	0	0
67.182998	1	62	62	0	18904	5921	12983	14352
68.195073	2	63	5	1	0	0	62540	131	111	7240	203500	3000	1448	536	412000	40000	131	0	0	0	0	0
68.195154	1	63	63	0	18904	5921	12983	14352
69.028449	2	64	5	1	0	0	63376	132	111	7240	203500	3000	1448	536	412000	40000	96	0	0	0	0	0
69.028535	1	64	64	0	18904	5921	12983	14352
70.246566	2	65	5	1	0	0	64592	132	111	7240	203500	3000	1448	536	412000	40000	132	0	0	0	0	0
70.246659	1	65	65	0	18904	5921	12983	14352
71.070760	2	66	5	1	0	0	65416	132	111	7240	203500	3000	1448	536	412000	40000	132	0	0	0	0	0
71.070843	1	66	66	0	18904	5921	12983	14352
72.103012	2	67	5	1	0	0	66448	133	111	7240	203500	3000	1448	536	412000	40000	133	0	0	0	0	0
72.103088	1	67	67	0	18904	5921	12983	14352
73.134967	2	68	5	1	0	0	67480	133	111	7240	203500	3000	1448	536	412000	40000	133	0	0	0	0	0
73.135048	1	68	68	0	18904	5921	12983	14352
74.375142	2	69	5	1	0	0	68720	134	111	7240	203500	3000	1448	536	412000	40000	134	0	0	0	0	0
74.375224	1	69	69	0	18904	5921	12983	14352
75.012475	2	70	5	1	0	0	69360	134	111	7240	203500	3000	1448	536	412000	40000	93	0	0	0	0	0
75.012568	1	70	70	0	18904	5921	12983	14352
76.238959	2	71	5	1	0	0	70584	134	111	7240	203500	3000	1448	536	412000	40000	134	0	0	0	0	0
76.239049	1	71	71	0	18904	5921	12983	14352
77.084490	2	72	5	1	0	16	71432	135	111	7240	203500	3000	1448	536	412000	40000	92	0	0	0	0	0
77.084574	1	72	72	0	18904	5921	12983	14352
78.124373	2	73	5	1	0	52	72472	135	111	7240	203500	3000	1448	536	412000	40000	92	0	0	0	0	0
78.124447	1	73	73	0	18904	5921	12983	14352
79.164453	2	74	5	1	0	88	73512	135	111	7240	203500	3000	1448	536	412000	40000	92	0	0	0	0	0
79.164534	1	74	74	0	18904	5921	12983	14352
80.176079	2	75	5	1	0	0	74524	136	111	7240	206500	8000	1448	536	416000	40000	135	0	0	0	0	0
80.176167	1	75	75	0	18904	5921	12983	14352
81.180876	2	76	5	1	0	0	75528	136	111	7240	217500	27000	1448	536	428000	40000	135	0	0	0	0	0
81.180963	1	76	76	0	18904	5921	12983	14352
82.185576	2	77	5	1	0	0	76532	137	111	7240	220000	32000	1448	536	432000	40000	135	0	0	0	0	0
82.185648	1	77	77	0	18904	5921	12983	14352
83.190410	2	78	5	1	0	0	77536	137	111	7240	203500	6000	1448	536	412000	40000	135	0	0	0	0	0
83.190501	1	78	78	0	18904	5921	12983	14352
84.003481	2	79	5	1	0	4	78352	137	111	7240	203500	3000	1448	536	412000	40000	135	0	0	0	0	0
84.003558	1	79	79	0	18904	5921	12983	14352
85.003494	2	80	5	1	0	0	79352	138	111	7240	203500	3000	1448	536	412000	40000	138	0	0	0	0	0
85.003587	1	80	80	0	18904	5921	12983	14352
86.003735	2	81	5	1	0	0	80352	138	111	7240	204000	4000	1448	536	416000	40000	135	0	0	0	0	0
86.003826	1	81	81	0	18904	5921	12983	14352
87.008515	2	82	5	1	0	0	81356	139	111	7240	203500	3000	1448	536	412000	40000	135	0	0	0	0	0
87.008588	1	82	82	0	18904	5921	12983	14352
88.013410	2	83	5	1	0	0	82360	139	111	7240	203500	3000	1448	536	412000	40000	135	0	0	0	0	0
88.013491	1	83	83	0	18904	5921	12983	14352
89.018366	2	84	5	1	0	0	83364	139	111	7240	203500	3000	1448	536	412000	40000	135	0	0	0	0	0
89.018443	1	84	84	0	18904	5921	12983	14352
90.022944	2	85	5	1	0	0	84368	140	111	7240	203500	3000	1448	536	412000	40000	135	0	0	0	0	0
90.023035	1	85	85	0	18904	5921	12983	14352
91.027502	2	86	5	1	0	4	85376	140	111	7240	203500	3000	1448	536	412000	40000	135	0	0	0	0	0
91.027598	1	86	86	0	18904	5921	12983	14352
92.032285	2	87	5	1	0	0	86380	141	111	7240	204000	4000	1448	536	416000	40000	135	0	0	0	0	0
92.032355	1	87	87	0	18904	5921	12983	14352
93.147212	2	88	5	1	0	0	87492	141	111	7240	203500	3000	1448	536	412000	40000	135	0	0	0	0	0
93.147375	1	88	88	0	18904	5921	12983	14352
94.151291	2	89	5	1	0	0	88496	142	111	7240	203500	3000	1448	536	412000	40000	135	0	0	0	0	0
94.151362	1	89	89	0	18904	5921	12983	14352
95.167386	2	90	5	1	0	0	89512	142	111	7240	203500	3000	1448	536	412000	40000	135	0	0	0	0	0
95.167478	1	90	90	0	18904	5921	12983	14352
96.163325	2	91	5	1	0	0	90508	143	111	7240	203500	3000	1448	536	412000	40000	135	0	0	0	0	0
96.163413	1	91	91	0	18904	5921	12983	14352
97.003484	2	92	5	1	0	4	91352	143	111	7240	203500	3000	1448	536	412000	40000	135	0	0	0	0	0
97.003567	1	92	92	0	18904	5921	12983	14352
98.003492	2	93	5	1	0	0	92352	144	111	7240	203500	3000	1448	536	412000	40000	144	0	0	0	0	0
98.003574	1	93	93	0	18904	5921	12983	14352
99.007524	2	94	5	1	0	0	93356	145	111	7240	204000	4000	1448	536	416000	40000	135	0	0	0	0	0
99.007605	1	94	94	0	18904	5921	12983	14352
100.011858	2	95	5	1	0	0	94360	145	111	7240	204000	4000	1448	536	416000	40000	135	0	0	0	0	0
100.011953	1	95	95	0	18904	5921	12983	14352
101.015838	2	96	5	1	0	0	95364	145	111	7240	204000	4000	1448	536	416000	40000	135	0	0	0	0	0
101.015929	1	96	96	0	18904	5921	12983	14352
102.020241	2	97	5	1	0	0	96368	146	111	7240	204000	4000	1448	536	416000	40000	135	0	0	0	0	0
102.020313	1	97	97	0	18904	5921	12983	14352
103.020515	2	98	5	1	0	0	97368	147	111	7240	203500	3000	1448	536	412000	40000	135	0	0	0	0	0
103.020598	1	98	98	0	18904	5921	12983	14352
104.020637	2	99	5	1	0	0	98368	147	111	7240	203500	3000	1448	536	412000	40000	135	0	0	0	0	0
104.020726	1	99	99	0	18904	5921	12983	14352
105.025320	2	100	5	1	0	0	99372	148	111	7240	203500	3000	1448	536	412000	40000	148	0	0	0	0	0
105.025413	1	100	100	0	18904	5921	12983	14352
106.230876	2	101	5	1	0	0	100576	148	111	7240	203500	3000	1448	536	412000	40000	135	0	0	0	0	0
106.230966	1	101	101	0	18904	5921	12983	14352
107.066167	2	102	5	1	0	0	101412	149	111	7240	203500	3000	1448	536	412000	40000	135	0	0	0	0	0
107.066241	1	102	102	0	18904	5921	12983	14352
108.076268	2	103	5	1	0	0	102424	149	111	7240	203500	3000	1448	536	412000	40000	138	0	0	0	0	0
108.076354	1	103	103	0	18904	5921	12983	14352
109.085722	2	104	5	1	0	0	103432	150	111	7240	203500	3000	1448	536	412000	40000	135	0	0	0	0	0
109.085804	1	104	104	0	18904	5921	12983	14352
110.094386	2	105	5	1	0	0	104440	150	111	7240	203500	3000	1448	536	412000	40000	135	0	0	0	0	0
110.094469	1	105	105	0	18904	5921	12983	14352
111.290845	2	106	5	1	0	0	105636	151	111	7240	203500	4000	1448	536	412000	40000	151	0	0	0	0	0
111.290937	1	106	106	0	18904	5921	12983	14352
112.094387	2	107	5	1	0	0	106440	151	111	7240	203500	3000	1448	536	412000	40000	151	0	0	0	0	0
112.094458	1	107	107	0	18904	5921	12983	14352
113.312363	2	108	5	1	0	0	107660	152	111	7240	203500	3000	1448	536	412000	40000	152	0	0	0	0	0
113.312453	1	108	108	0	18904	5921	12983	14352
114.141590	2	109	5	1	0	0	108488	153	111	7240	203500	3000	1448	536	412000	40000	135	0	0	0	0	0
114.141661	1	109	109	0	18904	5921	12983	14352
115.145583	2	110	5	1	0	0	109492	153	111	7240	203500	3000	1448	536	412000	40000	135	0	0	0	0	0
115.145675	1	110	110	0	18904	5921	12983	14352
116.349656	2	111	5	1	0	0	110696	154	111	7240	203500	3000	1448	536	412000	40000	154	0	0	0	0	0
116.349746	1	111	111	0	18904	5921	12983	14352
117.185900	2	112	5	1	0	0	111532	154	111	7240	203500	3000	1448	536	412000	40000	135	0	0	0	0	0
117.185988	1	112	112	0	18904	5921	12983	14352
118.195143	2	113	5	1	0	0	112540	155	111	7240	203500	3000	1448	536	412000	40000	135	0	0	0	0	0
118.195222	1	113	113	0	18904	5921	12983	14352
119.003487	2	114	5	1	0	0	113352	155	111	7240	203500	3000	1448	536	412000	40000	155	0	0	0	0	0
119.003568	1	114	114	0	18904	5921	12983	14352
120.212468	2	115	5	1	0	0	114560	156	111	7240	203500	3000	1448	536	412000	40000	156	0	0	0	0	0
120.212549	1	115	115	0	18904	5921	12983	14352
121.053445	2	116	5	1	0	0	115400	156	111	7240	203500	3000	1448	536	412000	40000	135	0	0	0	0	0
121.053534	1	116	116	0	18904	5921	12983	14352
122.077810	2	117	5	1	0	0	116424	157	111	7240	203500	3000	1448	536	412000	40000	135	0	0	0	0	0
122.077883	1	117	117	0	18904	5921	12983	14352
123.093109	2	118	5	1	0	0	117440	157	111	7240	203500	4000	1448	536	412000	40000	138	0	0	0	0	0
123.093278	1	118	118	0	18904	5921	12983	14352
124.116407	2	119	5	1	0	0	118464	158	111	7240	203500	3000	1448	536	412000	40000	139	0	0	0	0	0
124.116478	1	119	119	0	18904	5921	12983	14352
125.118291	2	120	5	1	0	0	119464	158	111	7240	203500	3000	1448	536	412000	40000	135	0	0	0	0	0
125.118367	1	120	120	0	18904	5921	12983	14352
126.129429	2	121	5	1	0	0	120476	159	111	7240	203500	3000	1448	536	412000	40000	135	0	0	0	0	0
126.129516	1	121	121	0	18904	5921	12983	14352
127.120305	2	122	5	1	0	0	121468	159	111	7240	203500	3000	1448	536	412000	40000	136	0	0	0	0	0
127.120379	1	122	122	0	18904	5921	12983	14352
128.144161	2	123	5	1	0	8	122492	160	111	7240	203500	3000	1448	536	412000	40000	136	0	0	0	0	0
128.144244	1	123	123	0	18904	5921	12983	14352
129.149179	2	124	5	1	0	0	123496	160	111	7240	203500	3000	1448	536	412000	40000	135	0	0	0	0	0
129.149266	1	124	124	0	18904	5921	12983	14352
130.165189	2	125	5	1	0	0	124512	161	111	7240	203500	3000	1448	536	412000	40000	135	0	0	0	0	0
130.165266	1	125	125	0	18904	5921	12983	14352
131.189159	2	126	5	1	0	0	125536	161	111	7240	203500	3000	1448	536	412000	40000	135	0	0	0	0	0
131.189251	1	126	126	0	18904	5921	12983	14352
132.185338	2	127	5	1	0	0	126532	162	111	7240	203500	3000	1448	536	412000	40000	135	0	0	0	0	0
132.185408	1	127	127	0	18904	5921	12983	14352
133.003489	2	128	5	1	0	4	127352	162	111	7240	203500	3000	1448	536	412000	40000	135	0	0	0	0	0
133.003578	1	128	128	0	18904	5921	12983	14352
134.017390	2	129	5	1	0	0	128364	162	111	7240	203500	3000	1448	536	412000	40000	135	0	0	0	0	0
134.017474	1	129	129	0	18904	5921	12983	14352
135.041056	2	130	5	1	0	0	129388	163	111	7240	203500	3000	1448	536	412000	40000	135	0	0	0	0	0
135.041130	1	130	130	0	18904	5921	12983	14352
136.057270	2	131	5	1	0	0	130404	163	111	7240	203500	3000	1448	536	412000	40000	135	0	0	0	0	0
136.057361	1	131	131	0	18904	5921	12983	14352
137.081185	2	132	5	1	0	0	131428	164	111	7240	203500	3000	1448	536	412000	40000	135	0	0	0	0	0
137.081261	1	132	132	0	18904	5921	12983	14352
138.104943	2	133	5	1	0	0	132452	164	111	7240	203500	3000	1448	536	412000	40000	135	0	0	0	0	0
138.105021	1	133	133	0	18904	5921	12983	14352
139.129200	2	134	5	1	0	0	133476	165	111	7240	203500	3000	1448	536	412000	40000	135	0	0	0	0	0
139.129286	1	134	134	0	18904	5921	12983	14352
140.156576	2	135	5	1	0	0	134504	165	111	7240	203500	3000	1448	536	412000	40000	135	0	0	0	0	0
140.156647	1	135	135	0	18904	5921	12983	14352
141.181366	2	136	5	1	0	0	135528	166	111	7240	203500	3000	1448	536	412000	40000	135	0	0	0	0	0
141.181460	1	136	136	0	18904	5921	12983	14352
142.003479	2	137	5	1	0	8	136352	166	111	7240	203500	3000	1448	536	412000	40000	135	0	0	0	0	0
142.003552	1	137	137	0	18904	5921	12983	14352
143.021292	2	138	5	1	0	0	137368	167	111	7240	204500	7000	1448	536	416000	40000	135	0	0	0	0	0
143.021372	1	138	138	0	18904	5921	12983	14352
144.053007	2	139	5	1	0	0	138400	167	111	7240	203500	3000	1448	536	412000	40000	135	0	0	0	0	0
144.053088	1	139	139	0	18904	5921	12983	14352
145.077082	2	140	5	1	0	0	139424	168	111	7240	203500	7000	1448	536	412000	40000	135	0	0	0	0	0
145.077158	1	140	140	0	18904	5921	12983	14352
146.101143	2	141	5	1	0	0	140448	168	111	7240	203500	3000	1448	536	412000	40000	135	0	0	0	0	0
146.101236	1	141	141	0	18904	5921	12983	14352
147.132934	2	142	5	1	0	0	141480	169	111	7240	203500	3000	1448	536	412000	40000	135	0	0	0	0	0
147.133018	1	142	142	0	18904	5921	12983	14352
148.157045	2	143	5	1	0	0	142504	169	111	7240	203500	3000	1448	536	412000	40000	135	0	0	0	0	0
148.157120	1	143	143	0	18904	5921	12983	14352
149.181394	2	144	5	1	0	0	143528	170	111	7240	203500	3000	1448	536	412000	40000	135	0	0	0	0	0
149.181478	1	144	144	0	18904	5921	12983	14352
150.005218	2	145	5	1	0	0	144352	170	111	7240	203500	3000	1448	536	412000	40000	135	0	0	0	0	0
150.005288	1	145	145	0	18904	5921	12983	14352
151.029061	2	146	5	1	0	0	145376	171	111	7240	203500	3000	1448	536	412000	40000	135	0	0	0	0	0
151.029152	1	146	146	0	18904	5921	12983	14352
152.060961	2	147	5	1	0	0	146408	171	111	7240	203500	3000	1448	536	412000	40000	135	0	0	0	0	0
152.061112	1	147	147	0	18904	5921	12983	14352
153.085260	2	148	5	1	0	0	147432	172	111	7240	203500	3000	1448	536	412000	40000	135	0	0	0	0	0
153.085340	1	148	148	0	18904	5921	12983	14352
154.109413	2	149	5	1	0	0	148456	173	111	7240	203500	3000	1448	536	412000	40000	135	0	0	0	0	0
154.109498	1	149	149	0	18904	5921	12983	14352
155.140990	2	150	5	1	0	0	149488	173	111	7240	203500	3000	1448	536	412000	40000	135	0	0	0	0	0
155.141065	1	150	150	0	18904	5921	12983	14352
156.165020	2	151	5	1	0	0	150512	174	111	7240	203500	3000	1448	536	412000	40000	135	0	0	0	0	0
156.165113	1	151	151	0	18904	5921	12983	14352
157.189052	2	152	5	1	0	0	151536	174	111	7240	203500	3000	1448	536	412000	40000	135	0	0	0	0	0
157.189130	1	152	152	0	18904	5921	12983	14352
158.012898	2	153	5	1	0	0	152360	175	111	7240	203500	3000	1448	536	412000	40000	135	0	0	0	0	0
158.012974	1	153	153	0	18904	5921	12983	14352
159.045064	2	154	5	1	0	0	153392	175	111	7240	203500	3000	1448	536	412000	40000	135	0	0	0	0	0
159.045150	1	154	154	0	18904	5921	12983	14352
160.069133	2	155	5	1	0	0	154416	176	111	7240	203500	3000	1448	536	412000	40000	135	0	0	0	0	0
160.069204	1	155	155	0	18904	5921	12983	14352
161.100833	2	156	5	1	0	0	155448	176	111	7240	203500	3000	1448	536	412000	40000	135	0	0	0	0	0
161.100926	1	156	156	0	18904	5921	12983	14352
162.132979	2	157	5	1	0	0	156480	177	111	7240	203500	3000	1448	536	412000	40000	135	0	0	0	0	0
162.133050	1	157	157	0	18904	5921	12983	14352
163.157053	2	158	5	1	0	0	157504	177	111	7240	203500	3000	1448	536	412000	40000	135	0	0	0	0	0
163.157134	1	158	158	0	18904	5921	12983	14352
164.188991	2	159	5	1	0	0	158536	178	111	7240	203500	3000	1448	536	412000	40000	135	0	0	0	0	0
164.189070	1	159	159	0	18904	5921	12983	14352
165.013040	2	160	5	1	0	0	159360	178	111	7240	203500	3000	1448	536	412000	40000	135	0	0	0	0	0
165.013118	1	160	160	0	18904	5921	12983	14352
166.037408	2	161	5	1	0	0	160384	179	111	7240	203500	3000	1448	536	412000	40000	135	0	0	0	0	0
166.037500	1	161	161	0	18904	5921	12983	14352
167.069176	2	162	5	1	0	0	161416	179	111	7240	203500	3000	1448	536	412000	40000	135	0	0	0	0	0
167.069260	1	162	162	0	18904	5921	12983	14352
168.105997	2	163	5	1	0	0	162452	180	111	7240	203500	3000	1448	536	412000	40000	135	0	0	0	0	0
168.106068	1	163	163	0	18904	5921	12983	14352
169.136995	2	164	5	1	0	0	163484	180	111	7240	203500	3000	1448	536	412000	40000	135	0	0	0	0	0
169.137080	1	164	164	0	18904	5921	12983	14352
170.161326	2	165	5	1	0	0	164508	181	111	7240	203500	4000	1448	536	412000	40000	135	0	0	0	0	0
170.161397	1	165	165	0	18904	5921	12983	14352
170.177972	3	1	5	10.1.1.1	36993	htdocs/file.txt
