protocol: 5
domain: scalable_500Mbps_100ms
start-time: 1424580976
sender-id: 3
app-name: tinyhttpd
schema: 0 _experiment_metadata subject:string key:string value:string 
schema: 1 _client_instrumentation measurements_injected:uint32 measurements_dropped:uint32 bytes_allocated:uint64 bytes_freed:uint64 bytes_in_use:uint64 bytes_max:uint64 
schema: 2 tinyhttpd_tcp socket:int32 state:int32 ca_state:int32 last_data_sent:int32 last_data_recv:int32 snd_cwnd:int32 snd_ssthresh:int32 rcv_ssthresh:int32 rtt:int32 rttvar:int32 snd_mss:int32 rcv_mss:int32 rto:int32 ato:int32 unacked:int32 sacked:int32 lost:int32 retrans:int32 fackets:int32 total_retrans:int32 
schema: 3 tinyhttpd_peer socket:int32 ip:string port:int32 file:string 
content: text

6.013294	2	1	5	1	0	0	504	14	111	7240	124000	41000	1448	536	604000	40000	10	0	0	0	0	0
6.013894	1	1	1	0	18904	5921	12983	14352
7.022245	2	2	5	1	0	0	1512	36	111	7240	103500	3000	1448	536	324000	40000	36	0	0	0	0	0
7.022320	1	2	2	0	18904	5921	12983	14352
8.132321	2	3	5	1	0	0	2624	67	111	7240	104000	4000	1448	536	316000	40000	45	0	0	0	0	0
8.132409	1	3	3	0	18904	5921	12983	14352
9.150340	2	4	5	1	0	0	3640	99	111	7240	103500	3000	1448	536	312000	40000	90	0	0	0	0	0
9.150444	1	4	4	0	18904	5921	12983	14352
10.171122	2	5	5	1	0	0	4660	112	111	7240	103500	3000	1448	536	312000	40000	90	0	0	0	0	0
10.171205	1	5	5	0	18904	5921	12983	14352
11.003488	2	6	5	1	0	4	5496	113	111	7240	103500	3000	1448	536	312000	40000	90	0	0	0	0	0
11.003571	1	6	6	0	18904	5921	12983	14352
12.041406	2	7	5	1	0	0	6532	114	111	7240	103500	3000	1448	536	312000	40000	90	0	0	0	0	0
12.041495	1	7	7	0	18904	5921	12983	14352
13.081486	2	8	5	1	0	0	7572	114	111	7240	103500	3000	1448	536	312000	40000	114	0	0	0	0	0
13.081571	1	8	8	0	18904	5921	12983	14352
14.011392	2	9	5	1	0	4	8500	115	111	7240	103500	3000	1448	536	312000	40000	90	0	0	0	0	0
14.011481	1	9	9	0	18904	5921	12983	14352
15.003487	2	10	5	1	0	4	9496	116	111	7240	104000	4000	1448	536	316000	40000	116	0	0	0	0	0
15.003564	1	10	10	0	18904	5921	12983	14352
16.035390	2	11	5	1	0	0	10524	117	111	7240	103500	3000	1448	536	312000	40000	90	0	0	0	0	0
16.035477	1	11	11	0	18904	5921	12983	14352
17.120396	2	12	5	1	0	0	11612	117	111	7240	104000	4000	1448	536	316000	40000	117	0	0	0	0	0
17.120483	1	12	12	0	18904	5921	12983	14352
18.039461	2	13	5	1	0	4	12532	118	111	7240	103500	3000	1448	536	312000	40000	90	0	0	0	0	0
18.039553	1	13	13	0	18904	5921	12983	14352
19.087592	2	14	5	1	0	0	13580	119	111	7240	104000	4000	1448	536	316000	40000	90	0	0	0	0	0
19.087676	1	14	14	0	18904	5921	12983	14352
20.101668	2	15	5	1	0	0	14592	120	111	7240	103500	3000	1448	536	312000	40000	90	0	0	0	0	0
20.101751	1	15	15	0	18904	5921	12983	14352
21.123136	2	16	5	1	0	0	15612	121	111	7240	103500	3000	1448	536	312000	40000	121	0	0	0	0	0
21.123209	1	16	16	0	18904	5921	12983	14352
22.032249	2	17	5	1	0	0	16524	121	111	7240	104000	4000	1448	536	316000	40000	121	0	0	0	0	0
22.032341	1	17	17	0	18904	5921	12983	14352
23.043493	2	18	5	1	0	4	17536	122	111	7240	103500	3000	1448	536	312000	40000	122	0	0	0	0	0
23.043582	1	18	18	0	18904	5921	12983	14352
24.052370	2	19	5	1	0	0	18544	123	111	7240	103500	3000	1448	536	312000	40000	123	0	0	0	0	0
24.052460	1	19	19	0	18904	5921	12983	14352
25.061432	2	20	5	1	0	0	19552	124	111	7240	103500	3000	1448	536	312000	40000	124	0	0	0	0	0
25.061514	1	20	20	0	18904	5921	12983	14352
26.171214	2	21	5	1	0	0	20660	124	111	7240	103500	3000	1448	536	312000	40000	124	0	0	0	0	0
26.171300	1	21	21	0	18904	5921	12983	14352
27.179880	2	22	5	1	0	0	21672	125	111	7240	104000	4000	1448	536	316000	40000	125	0	0	0	0	0
27.179963	1	22	22	0	18904	5921	12983	14352
28.110241	2	23	5	1	0	4	22600	126	111	7240	103500	3000	1448	536	312000	40000	90	0	0	0	0	0
28.110332	1	23	23	0	18904	5921	12983	14352
29.007486	2	24	5	1	0	4	23500	127	111	7240	103500	3000	1448	536	312000	40000	98	0	0	0	0	0
29.007568	1	24	24	0	18904	5921	12983	14352
30.005803	2	25	5	1	0	0	24496	127	111	7240	103500	3000	1448	536	312000	40000	127	0	0	0	0	0
30.005918	1	25	25	0	18904	5921	12983	14352
31.060525	2	26	5	1	0	0	25552	128	111	7240	103500	3000	1448	536	312000	40000	97	0	0	0	0	0
31.060605	1	26	26	0	18904	5921	12983	14352
32.082153	2	27	5	1	0	0	26572	129	111	7240	103500	3000	1448	536	312000	40000	129	0	0	0	0	0
32.082246	1	27	27	0	18904	5921	12983	14352
33.034502	2	28	5	1	0	0	27524	130	111	7240	103500	3000	1448	536	312000	40000	90	0	0	0	0	0
33.034585	1	28	28	0	18904	5921	12983	14352
34.161717	2	29	5	1	0	0	28652	130	111	7240	103500	3000	1448	536	312000	40000	130	0	0	0	0	0
34.161808	1	29	29	0	18904	5921	12983	14352
35.003483	2	30	5	1	0	12	29496	131	111	7240	103500	3000	1448	536	312000	40000	131	0	0	0	0	0
35.003561	1	30	30	0	18904	5921	12983	14352
36.027972	2	31	5	1	0	0	30520	132	111	7240	104000	4000	1448	536	316000	40000	90	0	0	0	0	0
36.028057	1	31	31	0	18904	5921	12983	14352
37.071261	2	32	5	1	0	0	31560	132	111	7240	103500	3000	1448	536	312000	40000	132	0	0	0	0	0
37.071342	1	32	32	0	18904	5921	12983	14352
38.026953	2	33	5	1	0	0	32516	133	111	7240	103500	3000	1448	536	312000	40000	133	0	0	0	0	0
38.027041	1	33	33	0	18904	5921	12983	14352
39.004391	2	34	5	1	0	0	33496	134	111	7240	103500	3000	1448	536	312000	40000	95	0	0	0	0	0
39.004479	1	34	34	0	18904	5921	12983	14352
40.076378	2	35	5	1	0	0	34568	135	111	7240	103500	3000	1448	536	312000	40000	96	0	0	0	0	0
40.076468	1	35	35	0	18904	5921	12983	14352
41.048266	2	36	5	1	0	68	35540	135	111	7240	103500	3000	1448	536	312000	40000	96	0	0	0	0	0
41.048338	1	36	36	0	18904	5921	12983	14352
42.003487	2	37	5	1	0	4	36496	136	111	7240	110500	14000	1448	536	320000	40000	136	0	0	0	0	0
42.003579	1	37	37	0	18904	5921	12983	14352
43.003490	2	38	5	1	0	4	37496	137	111	7240	108000	10000	1448	536	320000	40000	135	0	0	0	0	0
43.003576	1	38	38	0	18904	5921	12983	14352
44.007949	2	39	5	1	0	0	38500	138	111	7240	104000	4000	1448	536	316000	40000	135	0	0	0	0	0
44.008040	1	39	39	0	18904	5921	12983	14352
45.016044	2	40	5	1	0	0	39508	138	111	7240	104000	4000	1448	536	316000	40000	135	0	0	0	0	0
45.016133	1	40	40	0	18904	5921	12983	14352
46.032497	2	41	5	1	0	0	40524	139	111	7240	103500	3000	1448	536	312000	40000	135	0	0	0	0	0
46.032585	1	41	41	0	18904	5921	12983	14352
47.040349	2	42	5	1	0	0	41532	140	111	7240	103500	3000	1448	536	312000	40000	135	0	0	0	0	0
47.040430	1	42	42	0	18904	5921	12983	14352
48.047872	2	43	5	1	0	0	42540	141	111	7240	104000	3000	1448	536	316000	40000	135	0	0	0	0	0
48.047961	1	43	43	0	18904	5921	12983	14352
49.051729	2	44	5	1	0	0	43544	142	111	7240	104000	4000	1448	536	316000	40000	135	0	0	0	0	0
49.051820	1	44	44	0	18904	5921	12983	14352
50.161738	2	45	5	1	0	0	44652	143	111	7240	103500	3000	1448	536	312000	40000	135	0	0	0	0	0
50.161855	1	45	45	0	18904	5921	12983	14352
51.069914	2	46	5	1	0	0	45560	144	111	7240	103500	3000	1448	536	312000	40000	135	0	0	0	0	0
51.070001	1	46	46	0	18904	5921	12983	14352
52.003485	2	47	5	1	0	8	46496	144	111	7240	103500	3000	1448	536	312000	40000	126	0	0	0	0	0
52.003579	1	47	47	0	18904	5921	12983	14352
53.003489	2	48	5	1	0	4	47496	145	111	7240	103500	4000	1448	536	312000	40000	135	0	0	0	0	0
53.003579	1	48	48	0	18904	5921	12983	14352
54.034069	2	49	5	1	0	4	48524	147	111	7240	104000	5000	1448	536	316000	40000	135	0	0	0	0	0
54.034156	1	49	49	0	18904	5921	12983	14352
55.050772	2	50	5	1	0	0	49540	147	111	7240	103500	3000	1448	536	312000	40000	135	0	0	0	0	0
55.050863	1	50	50	0	18904	5921	12983	14352
56.077314	2	51	5	1	0	0	50568	149	111	7240	103500	3000	1448	536	312000	40000	135	0	0	0	0	0
56.077393	1	51	51	0	18904	5921	12983	14352
57.093865	2	52	5	1	0	0	51584	149	111	7240	103500	3000	1448	536	312000	40000	135	0	0	0	0	0
57.093953	1	52	52	0	18904	5921	12983	14352
58.014647	2	53	5	1	0	0	52504	150	111	7240	103500	3000	1448	536	312000	40000	135	0	0	0	0	0
58.014737	1	53	53	0	18904	5921	12983	14352
59.011307	2	54	5	1	0	0	53500	151	111	7240	103500	3000	1448	536	312000	40000	151	0	0	0	0	0
59.011397	1	54	54	0	18904	5921	12983	14352
60.020972	2	55	5	1	0	0	54512	153	111	7240	103500	3000	1448	536	312000	40000	153	0	0	0	0	0
60.021070	1	55	55	0	18904	5921	12983	14352
61.049256	2	56	5	1	0	0	55540	154	111	7240	103500	3000	1448	536	312000	40000	135	0	0	0	0	0
61.049327	1	56	56	0	18904	5921	12983	14352
62.017181	2	57	5	1	0	0	56508	155	111	7240	103500	4000	1448	536	312000	40000	135	0	0	0	0	0
62.017352	1	57	57	0	18904	5921	12983	14352
63.003485	2	58	5	1	0	4	57496	156	111	7240	104000	4000	1448	536	316000	40000	138	0	0	0	0	0
63.003574	1	58	58	0	18904	5921	12983	14352
64.069242	2	59	5	1	0	0	58560	157	111	7240	103500	4000	1448	536	312000	40000	138	0	0	0	0	0
64.069333	1	59	59	0	18904	5921	12983	14352
65.003487	2	60	5	1	0	4	59496	158	111	7240	103500	3000	1448	536	312000	40000	154	0	0	0	0	0
65.003579	1	60	60	0	18904	5921	12983	14352
66.036824	2	61	5	1	0	0	60528	159	111	7240	103500	3000	1448	536	312000	40000	135	0	0	0	0	0
66.036906	1	61	61	0	18904	5921	12983	14352
67.077066	2	62	5	1	0	0	61568	160	111	7240	103500	3000	1448	536	312000	40000	135	0	0	0	0	0
67.077155	1	62	62	0	18904	5921	12983	14352
68.008810	2	63	5	1	0	0	62500	161	111	7240	103500	3000	1448	536	312000	40000	135	0	0	0	0	0
68.008900	1	63	63	0	18904	5921	12983	14352
69.049068	2	64	5	1	0	0	63540	162	111	7240	103500	3000	1448	536	312000	40000	135	0	0	0	0	0
69.049157	1	64	64	0	18904	5921	12983	14352
70.089333	2	65	5	1	0	0	64580	163	111	7240	103500	3000	1448	536	312000	40000	135	0	0	0	0	0
70.089426	1	65	65	0	18904	5921	12983	14352
71.029197	2	66	5	1	0	0	65520	164	111	7240	103500	3000	1448	536	312000	40000	135	0	0	0	0	0
71.029278	1	66	66	0	18904	5921	12983	14352
72.069078	2	67	5	1	0	0	66560	165	111	7240	103500	3000	1448	536	312000	40000	135	0	0	0	0	0
72.069171	1	67	67	0	18904	5921	12983	14352
73.017837	2	68	5	1	0	0	67508	166	111	7240	103500	3000	1448	536	312000	40000	135	0	0	0	0	0
73.017920	1	68	68	0	18904	5921	12983	14352
74.073004	2	69	5	1	0	0	68564	167	111	7240	103500	3000	1448	536	312000	40000	135	0	0	0	0	0
74.073094	1	69	69	0	18904	5921	12983	14352
75.021082	2	70	5	1	0	0	69512	168	111	7240	103500	3000	1448	536	312000	40000	135	0	0	0	0	0
75.021164	1	70	70	0	18904	5921	12983	14352
76.069109	2	71	5	1	0	0	70560	169	111	7240	103500	3000	1448	536	312000	40000	135	0	0	0	0	0
76.069197	1	71	71	0	18904	5921	12983	14352
77.017024	2	72	5	1	0	0	71508	170	111	7240	103500	3000	1448	536	312000	40000	135	0	0	0	0	0
77.017114	1	72	72	0	18904	5921	12983	14352
78.072877	2	73	5	1	0	0	72564	171	111	7240	103500	3000	1448	536	312000	40000	135	0	0	0	0	0
78.072967	1	73	73	0	18904	5921	12983	14352
79.021167	2	74	5	1	0	0	73512	172	111	7240	103500	3000	1448	536	312000	40000	135	0	0	0	0	0
79.021239	1	74	74	0	18904	5921	12983	14352
80.077044	2	75	5	1	0	0	74568	173	111	7240	103500	3000	1448	536	312000	40000	135	0	0	0	0	0
80.077134	1	75	75	0	18904	5921	12983	14352
81.025023	2	76	5	1	0	0	75516	174	111	7240	103500	3000	1448	536	312000	40000	135	0	0	0	0	0
81.025094	1	76	76	0	18904	5921	12983	14352
82.080846	2	77	5	1	0	0	76572	175	111	7240	103500	3000	1448	536	312000	40000	135	0	0	0	0	0
82.080935	1	77	77	0	18904	5921	12983	14352
83.036912	2	78	5	1	0	0	77528	176	111	7240	103500	3000	1448	536	312000	40000	135	0	0	0	0	0
83.036993	1	78	78	0	18904	5921	12983	14352
84.092968	2	79	5	1	0	0	78584	178	111	7240	103500	3000	1448	536	312000	40000	135	0	0	0	0	0
84.093058	1	79	79	0	18904	5921	12983	14352
85.049034	2	80	5	1	0	0	79540	178	111	7240	103500	3000	1448	536	312000	40000	135	0	0	0	0	0
85.049125	1	80	80	0	18904	5921	12983	14352
86.003490	2	81	5	1	0	0	80496	179	111	7240	103500	3000	1448	536	312000	40000	155	0	0	0	0	0
86.003573	1	81	81	0	18904	5921	12983	14352
87.060781	2	82	5	1	0	0	81552	181	111	7240	103500	3000	1448	536	312000	40000	135	0	0	0	0	0
87.060865	1	82	82	0	18904	5921	12983	14352
88.009278	2	83	5	1	0	0	82500	181	111	7240	103500	3000	1448	536	312000	40000	135	0	0	0	0	0
88.009363	1	83	83	0	18904	5921	12983	14352
88.441303	3	1	5	10.1.1.1	36990	htdocs/file.txt
