protocol: 5
domain: scalable_10Mbps_1ms
start-time: 1424600812
sender-id: 3
app-name: tinyhttpd
schema: 0 _experiment_metadata subject:string key:string value:string 
schema: 1 _client_instrumentation measurements_injected:uint32 measurements_dropped:uint32 bytes_allocated:uint64 bytes_freed:uint64 bytes_in_use:uint64 bytes_max:uint64 
schema: 2 tinyhttpd_tcp socket:int32 state:int32 ca_state:int32 last_data_sent:int32 last_data_recv:int32 snd_cwnd:int32 snd_ssthresh:int32 rcv_ssthresh:int32 rtt:int32 rttvar:int32 snd_mss:int32 rcv_mss:int32 rto:int32 ato:int32 unacked:int32 sacked:int32 lost:int32 retrans:int32 fackets:int32 total_retrans:int32 
schema: 3 tinyhttpd_peer socket:int32 ip:string port:int32 file:string 
content: text

4.075070	2	1	5	1	0	0	504	60	75	14480	59000	17000	1448	536	256000	40000	46	0	0	0	0	0
4.075695	1	1	1	0	18895	5915	12980	14349
5.115110	2	2	5	1	0	0	1544	76	75	14480	82500	11000	1448	536	280000	40000	59	0	0	0	0	0
5.115199	1	2	2	0	18895	5915	12980	14349
6.060677	2	3	5	1	0	0	2492	77	75	14480	84000	9000	1448	536	284000	40000	58	0	0	0	0	0
6.060766	1	3	3	0	18895	5915	12980	14349
7.004597	2	4	5	1	0	4	3436	77	75	14480	83000	9000	1448	536	280000	40000	77	0	0	0	0	0
7.004691	1	4	4	0	18895	5915	12980	14349
8.092209	2	5	5	1	0	0	4520	78	75	14480	83000	11000	1448	536	280000	40000	57	0	0	0	0	0
8.092296	1	5	5	0	18895	5915	12980	14349
9.032420	2	6	5	1	0	0	5460	79	75	14480	83500	10000	1448	536	280000	40000	56	0	0	0	0	0
9.032538	1	6	6	0	18895	5915	12980	14349
10.129298	2	7	5	1	0	0	6560	80	75	14480	85000	12000	1448	536	284000	40000	55	0	0	0	0	0
10.129390	1	7	7	0	18895	5915	12980	14349
11.069570	2	8	5	1	0	0	7500	80	75	14480	84500	10000	1448	536	284000	40000	55	0	0	0	0	0
11.069663	1	8	8	0	18895	5915	12980	14349
12.009615	2	9	5	1	0	0	8440	81	75	14480	91500	12000	1448	536	288000	40000	63	0	0	0	0	0
12.009709	1	9	9	0	18895	5915	12980	14349
13.106706	2	10	5	1	0	0	9536	82	75	14480	92000	13000	1448	536	292000	40000	61	0	0	0	0	0
13.106800	1	10	10	0	18895	5915	12980	14349
14.046888	2	11	5	1	0	0	10476	83	75	14480	93000	12000	1448	536	292000	40000	59	0	0	0	0	0
14.046974	1	11	11	0	18895	5915	12980	14349
15.143608	2	12	5	1	0	0	11572	84	75	14480	93000	12000	1448	536	292000	40000	59	0	0	0	0	0
15.143701	1	12	12	0	18895	5915	12980	14349
16.076912	2	13	5	1	0	48	12508	84	75	14480	88000	12000	1448	536	288000	40000	78	0	0	0	0	0
16.077004	1	13	13	0	18895	5915	12980	14349
17.006918	2	14	5	1	0	0	13436	85	75	14480	96000	8000	1448	536	296000	40000	85	0	0	0	0	0
17.007012	1	14	14	0	18895	5915	12980	14349
18.107362	2	15	5	1	0	36	14536	86	75	14480	98500	9000	1448	536	296000	40000	74	0	0	0	0	0
18.107452	1	15	15	0	18895	5915	12980	14349
19.050235	2	16	5	1	0	40	15480	87	75	14480	97000	8000	1448	536	296000	40000	77	0	0	0	0	0
19.050328	1	16	16	0	18895	5915	12980	14349
20.089299	2	17	5	1	0	0	16520	88	75	14480	95000	9000	1448	536	292000	40000	88	0	0	0	0	0
20.089413	1	17	17	0	18895	5915	12980	14349
21.004599	2	18	5	1	0	12	17436	88	75	14480	98500	7000	1448	536	296000	40000	88	0	0	0	0	0
21.004695	1	18	18	0	18895	5915	12980	14349
22.131197	2	19	5	1	0	40	18560	89	75	14480	100000	6000	1448	536	300000	40000	78	0	0	0	0	0
22.131290	1	19	19	0	18895	5915	12980	14349
23.123733	2	20	5	1	0	0	19552	90	75	14480	104000	3000	1448	536	304000	40000	90	0	0	0	0	0
23.123823	1	20	20	0	18895	5915	12980	14349
24.063913	2	21	5	1	0	0	20492	91	75	14480	106500	3000	1448	536	304000	40000	90	0	0	0	0	0
24.063994	1	21	21	0	18895	5915	12980	14349
25.016792	2	22	5	1	0	0	21448	91	75	14480	110500	9000	1448	536	308000	40000	90	0	0	0	0	0
25.016885	1	22	22	0	18895	5915	12980	14349
26.114091	2	23	5	1	0	0	22544	92	75	14480	121500	24000	1448	536	320000	40000	90	0	0	0	0	0
26.114183	1	23	23	0	18895	5915	12980	14349
27.055325	2	24	5	1	0	0	23484	92	75	14480	114500	18000	1448	536	312000	40000	90	0	0	0	0	0
27.055419	1	24	24	0	18895	5915	12980	14349
28.000630	2	25	5	1	0	4	24432	93	75	14480	114500	16000	1448	536	312000	40000	90	0	0	0	0	0
28.000716	1	25	25	0	18895	5915	12980	14349
29.094637	2	26	5	1	0	0	25524	94	75	14480	113500	16000	1448	536	312000	40000	90	0	0	0	0	0
29.094730	1	26	26	0	18895	5915	12980	14349
30.034836	2	27	5	1	0	0	26464	94	75	14480	113500	16000	1448	536	312000	40000	90	0	0	0	0	0
30.034926	1	27	27	0	18895	5915	12980	14349
31.132722	2	28	5	1	0	0	27564	95	75	14480	113500	16000	1448	536	312000	40000	90	0	0	0	0	0
31.132815	1	28	28	0	18895	5915	12980	14349
32.074292	2	29	5	1	0	0	28504	96	75	14480	113000	16000	1448	536	312000	40000	90	0	0	0	0	0
32.074384	1	29	29	0	18895	5915	12980	14349
33.016108	2	30	5	1	0	0	29444	97	75	14480	113000	16000	1448	536	312000	40000	90	0	0	0	0	0
33.016198	1	30	30	0	18895	5915	12980	14349
34.112523	2	31	5	1	0	0	30540	97	75	14480	112500	15000	1448	536	312000	40000	90	0	0	0	0	0
34.112614	1	31	31	0	18895	5915	12980	14349
35.004598	2	32	5	1	0	8	31436	98	75	14480	111000	14000	1448	536	308000	40000	98	0	0	0	0	0
35.004694	1	32	32	0	18895	5915	12980	14349
36.036284	2	33	5	1	0	0	32464	99	75	14480	112500	17000	1448	536	312000	40000	90	0	0	0	0	0
36.036376	1	33	33	0	18895	5915	12980	14349
37.080453	2	34	5	1	0	0	33508	99	75	14480	112500	17000	1448	536	312000	40000	90	0	0	0	0	0
37.080549	1	34	34	0	18895	5915	12980	14349
38.124482	2	35	5	1	0	0	34552	100	75	14480	112500	17000	1448	536	312000	40000	90	0	0	0	0	0
38.124576	1	35	35	0	18895	5915	12980	14349
39.168614	2	36	5	1	0	4	35600	100	75	14480	112500	17000	1448	536	312000	40000	90	0	0	0	0	0
39.168704	1	36	36	0	18895	5915	12980	14349
40.003908	2	37	5	1	0	0	36432	101	75	14480	112500	17000	1448	536	312000	40000	90	0	0	0	0	0
40.003997	1	37	37	0	18895	5915	12980	14349
41.047827	2	38	5	1	0	0	37476	101	75	14480	112000	17000	1448	536	312000	40000	90	0	0	0	0	0
41.047921	1	38	38	0	18895	5915	12980	14349
42.092056	2	39	5	1	0	0	38520	102	75	14480	112500	17000	1448	536	312000	40000	90	0	0	0	0	0
42.092150	1	39	39	0	18895	5915	12980	14349
43.136147	2	40	5	1	0	0	39564	103	75	14480	112500	17000	1448	536	312000	40000	90	0	0	0	0	0
43.136239	1	40	40	0	18895	5915	12980	14349
44.180201	2	41	5	1	0	0	40608	103	75	14480	112000	18000	1448	536	312000	40000	90	0	0	0	0	0
44.180293	1	41	41	0	18895	5915	12980	14349
45.015553	2	42	5	1	0	0	41444	104	75	14480	112000	17000	1448	536	312000	40000	90	0	0	0	0	0
45.015649	1	42	42	0	18895	5915	12980	14349
46.059635	2	43	5	1	0	0	42488	104	75	14480	112000	18000	1448	536	312000	40000	90	0	0	0	0	0
46.059729	1	43	43	0	18895	5915	12980	14349
47.069032	2	44	5	1	0	0	43500	105	75	14480	119500	12000	1448	536	316000	40000	90	0	0	0	0	0
47.069126	1	44	44	0	18895	5915	12980	14349
48.008887	2	45	5	1	0	0	44440	106	75	14480	120500	11000	1448	536	320000	40000	90	0	0	0	0	0
48.008977	1	45	45	0	18895	5915	12980	14349
49.106761	2	46	5	1	0	0	45536	106	75	14480	120000	9000	1448	536	320000	40000	90	0	0	0	0	0
49.106877	1	46	46	0	18895	5915	12980	14349
50.048212	2	47	5	1	0	0	46476	107	75	14480	120000	11000	1448	536	320000	40000	90	0	0	0	0	0
50.048305	1	47	47	0	18895	5915	12980	14349
51.146048	2	48	5	1	0	0	47576	108	75	14480	118500	10000	1448	536	316000	40000	90	0	0	0	0	0
51.146141	1	48	48	0	18895	5915	12980	14349
52.086402	2	49	5	1	0	0	48516	109	75	14480	118000	10000	1448	536	316000	40000	90	0	0	0	0	0
52.086522	1	49	49	0	18895	5915	12980	14349
53.027741	2	50	5	1	0	0	49456	109	75	14480	118000	10000	1448	536	316000	40000	90	0	0	0	0	0
53.027828	1	50	50	0	18895	5915	12980	14349
54.125817	2	51	5	1	0	0	50556	110	75	14480	120000	12000	1448	536	320000	40000	90	0	0	0	0	0
54.125896	1	51	51	0	18895	5915	12980	14349
55.067054	2	52	5	1	0	0	51496	111	75	14480	120500	12000	1448	536	320000	40000	90	0	0	0	0	0
55.067147	1	52	52	0	18895	5915	12980	14349
56.007255	2	53	5	1	0	0	52436	111	75	14480	120000	12000	1448	536	320000	40000	90	0	0	0	0	0
56.007347	1	53	53	0	18895	5915	12980	14349
57.105145	2	54	5	1	0	0	53536	112	75	14480	121500	16000	1448	536	320000	40000	90	0	0	0	0	0
57.105238	1	54	54	0	18895	5915	12980	14349
58.046168	2	55	5	1	0	0	54476	113	75	14480	120500	15000	1448	536	320000	40000	113	0	0	0	0	0
58.046258	1	55	55	0	18895	5915	12980	14349
59.142261	2	56	5	1	0	0	55572	113	75	14480	121500	16000	1448	536	320000	40000	113	0	0	0	0	0
59.142355	1	56	56	0	18895	5915	12980	14349
60.082680	2	57	5	1	0	0	56512	114	75	14480	121500	16000	1448	536	320000	40000	114	0	0	0	0	0
60.082767	1	57	57	0	18895	5915	12980	14349
61.022610	2	58	5	1	0	0	57452	114	75	14480	121500	16000	1448	536	320000	40000	114	0	0	0	0	0
61.022704	1	58	58	0	18895	5915	12980	14349
62.119637	2	59	5	1	0	0	58548	115	75	14480	121500	16000	1448	536	320000	40000	115	0	0	0	0	0
62.119729	1	59	59	0	18895	5915	12980	14349
63.059337	2	60	5	1	0	0	59488	115	75	14480	121500	16000	1448	536	320000	40000	115	0	0	0	0	0
63.059430	1	60	60	0	18895	5915	12980	14349
64.004591	2	61	5	1	0	8	60436	116	75	14480	121500	16000	1448	536	320000	40000	116	0	0	0	0	0
64.004672	1	61	61	0	18895	5915	12980	14349
65.096008	2	62	5	1	0	0	61524	116	75	14480	121000	16000	1448	536	320000	40000	116	0	0	0	0	0
65.096103	1	62	62	0	18895	5915	12980	14349
66.036817	2	63	5	1	0	0	62468	117	75	14480	122000	17000	1448	536	320000	40000	117	0	0	0	0	0
66.036908	1	63	63	0	18895	5915	12980	14349
67.132880	2	64	5	1	0	0	63564	117	75	14480	122000	17000	1448	536	320000	40000	117	0	0	0	0	0
67.132973	1	64	64	0	18895	5915	12980	14349
68.073588	2	65	5	1	0	0	64504	118	75	14480	122000	16000	1448	536	320000	40000	118	0	0	0	0	0
68.073683	1	65	65	0	18895	5915	12980	14349
69.012984	2	66	5	1	0	0	65444	118	75	14480	121500	16000	1448	536	320000	40000	118	0	0	0	0	0
69.013077	1	66	66	0	18895	5915	12980	14349
70.110158	2	67	5	1	0	0	66540	119	75	14480	122000	18000	1448	536	320000	40000	119	0	0	0	0	0
70.110247	1	67	67	0	18895	5915	12980	14349
71.049609	2	68	5	1	0	0	67480	119	75	14480	121500	16000	1448	536	320000	40000	119	0	0	0	0	0
71.049702	1	68	68	0	18895	5915	12980	14349
72.147043	2	69	5	1	0	0	68576	120	75	14480	121500	17000	1448	536	320000	40000	120	0	0	0	0	0
72.147137	1	69	69	0	18895	5915	12980	14349
73.086617	2	70	5	1	0	0	69516	120	75	14480	121500	16000	1448	536	320000	40000	120	0	0	0	0	0
73.086712	1	70	70	0	18895	5915	12980	14349
74.027227	2	71	5	1	0	0	70456	121	75	14480	121500	16000	1448	536	320000	40000	121	0	0	0	0	0
74.027307	1	71	71	0	18895	5915	12980	14349
75.123335	2	72	5	1	0	0	71552	121	75	14480	121500	16000	1448	536	320000	40000	121	0	0	0	0	0
75.123429	1	72	72	0	18895	5915	12980	14349
76.064024	2	73	5	1	0	0	72492	122	75	14480	121500	16000	1448	536	320000	40000	122	0	0	0	0	0
76.064114	1	73	73	0	18895	5915	12980	14349
77.003542	2	74	5	1	0	0	73432	122	75	14480	121500	16000	1448	536	320000	40000	122	0	0	0	0	0
77.003637	1	74	74	0	18895	5915	12980	14349
78.004595	2	75	5	1	0	12	74436	123	75	14480	128500	13000	1448	536	328000	40000	123	0	0	0	0	0
78.004689	1	75	75	0	18895	5915	12980	14349
79.145334	2	76	5	1	0	0	75576	123	75	14480	133500	16000	1448	536	332000	40000	123	0	0	0	0	0
79.145426	1	76	76	0	18895	5915	12980	14349
80.138945	2	77	5	1	0	0	76568	124	75	14480	133500	16000	1448	536	332000	40000	124	0	0	0	0	0
80.139030	1	77	77	0	18895	5915	12980	14349
81.121038	2	78	5	1	0	0	77552	125	75	14480	136000	13000	1448	536	336000	40000	125	0	0	0	0	0
81.121131	1	78	78	0	18895	5915	12980	14349
82.073879	2	79	5	1	0	0	78504	126	75	14480	136000	13000	1448	536	336000	40000	126	0	0	0	0	0
82.073972	1	79	79	0	18895	5915	12980	14349
83.004604	2	80	5	1	0	4	79436	126	75	14480	136500	12000	1448	536	336000	40000	126	0	0	0	0	0
83.004693	1	80	80	0	18895	5915	12980	14349
84.102981	2	81	5	1	0	0	80532	127	75	14480	137500	13000	1448	536	336000	40000	127	0	0	0	0	0
84.103071	1	81	81	0	18895	5915	12980	14349
85.004601	2	82	5	1	0	4	81436	128	75	14480	137000	16000	1448	536	336000	40000	128	0	0	0	0	0
85.004693	1	82	82	0	18895	5915	12980	14349
86.099177	2	83	5	1	0	0	82528	129	75	14480	136000	16000	1448	536	336000	40000	129	0	0	0	0	0
86.099270	1	83	83	0	18895	5915	12980	14349
87.032511	2	84	5	1	0	0	83460	129	75	14480	137000	16000	1448	536	336000	40000	129	0	0	0	0	0
87.032606	1	84	84	0	18895	5915	12980	14349
88.027277	2	85	5	1	0	0	84456	130	75	14480	138500	16000	1448	536	336000	40000	130	0	0	0	0	0
88.027370	1	85	85	0	18895	5915	12980	14349
89.021915	2	86	5	1	0	0	85452	131	75	14480	139500	17000	1448	536	336000	40000	131	0	0	0	0	0
89.022004	1	86	86	0	18895	5915	12980	14349
90.067783	2	87	5	1	0	0	86496	132	75	14480	139500	16000	1448	536	336000	40000	132	0	0	0	0	0
90.067868	1	87	87	0	18895	5915	12980	14349
91.113547	2	88	5	1	0	0	87544	132	75	14480	141000	19000	1448	536	340000	40000	132	0	0	0	0	0
91.113719	1	88	88	0	18895	5915	12980	14349
92.053737	2	89	5	1	0	0	88484	133	75	14480	141500	18000	1448	536	340000	40000	133	0	0	0	0	0
92.053829	1	89	89	0	18895	5915	12980	14349
93.053081	2	90	5	1	0	0	89484	134	75	14480	135000	19000	1448	536	332000	40000	97	0	0	0	0	0
93.053173	1	90	90	0	18895	5915	12980	14349
94.044854	2	91	5	1	0	0	90476	134	75	14480	131000	25000	1448	536	328000	40000	95	0	0	0	0	0
94.044945	1	91	91	0	18895	5915	12980	14349
95.036414	2	92	5	1	0	0	91464	135	75	14480	144500	22000	1448	536	344000	40000	135	0	0	0	0	0
95.036506	1	92	92	0	18895	5915	12980	14349
96.132047	2	93	5	1	0	0	92560	135	75	14480	156000	3000	1448	536	356000	40000	135	0	0	0	0	0
96.132140	1	93	93	0	18895	5915	12980	14349
97.071349	2	94	5	1	0	0	93500	135	75	14480	157500	3000	1448	536	356000	40000	135	0	0	0	0	0
97.071444	1	94	94	0	18895	5915	12980	14349
98.010705	2	95	5	1	0	0	94440	136	75	14480	168500	19000	1448	536	368000	40000	135	0	0	0	0	0
98.010798	1	95	95	0	18895	5915	12980	14349
99.106838	2	96	5	1	0	0	95536	136	75	14480	168000	21000	1448	536	368000	40000	135	0	0	0	0	0
99.106930	1	96	96	0	18895	5915	12980	14349
100.046375	2	97	5	1	0	0	96476	137	75	14480	170000	19000	1448	536	368000	40000	135	0	0	0	0	0
100.046465	1	97	97	0	18895	5915	12980	14349
101.142338	2	98	5	1	0	0	97572	137	75	14480	167000	18000	1448	536	364000	40000	135	0	0	0	0	0
101.142431	1	98	98	0	18895	5915	12980	14349
102.081975	2	99	5	1	0	0	98512	138	75	14480	167500	17000	1448	536	364000	40000	135	0	0	0	0	0
102.082068	1	99	99	0	18895	5915	12980	14349
103.021567	2	100	5	1	0	0	99452	138	75	14480	167500	17000	1448	536	364000	40000	135	0	0	0	0	0
103.021663	1	100	100	0	18895	5915	12980	14349
104.117582	2	101	5	1	0	0	100548	139	75	14480	168000	17000	1448	536	368000	40000	135	0	0	0	0	0
104.117676	1	101	101	0	18895	5915	12980	14349
105.057150	2	102	5	1	0	0	101488	139	75	14480	168500	17000	1448	536	368000	40000	135	0	0	0	0	0
105.057240	1	102	102	0	18895	5915	12980	14349
106.004594	2	103	5	1	0	4	102436	140	75	14480	167500	17000	1448	536	364000	40000	140	0	0	0	0	0
106.004684	1	103	103	0	18895	5915	12980	14349
107.092707	2	104	5	1	0	0	103524	140	75	14480	167000	16000	1448	536	364000	40000	135	0	0	0	0	0
107.092802	1	104	104	0	18895	5915	12980	14349
108.031982	2	105	5	1	0	0	104460	141	75	14480	167000	18000	1448	536	364000	40000	135	0	0	0	0	0
108.032075	1	105	105	0	18895	5915	12980	14349
109.128275	2	106	5	1	0	0	105556	141	75	14480	167000	18000	1448	536	364000	40000	135	0	0	0	0	0
109.128366	1	106	106	0	18895	5915	12980	14349
110.067661	2	107	5	1	0	0	106496	142	75	14480	167000	18000	1448	536	364000	40000	135	0	0	0	0	0
110.067746	1	107	107	0	18895	5915	12980	14349
111.007287	2	108	5	1	0	0	107436	142	75	14480	167000	17000	1448	536	364000	40000	135	0	0	0	0	0
111.007381	1	108	108	0	18895	5915	12980	14349
112.103346	2	109	5	1	0	0	108532	143	75	14480	167000	17000	1448	536	364000	40000	135	0	0	0	0	0
112.103440	1	109	109	0	18895	5915	12980	14349
113.042820	2	110	5	1	0	0	109472	143	75	14480	167000	18000	1448	536	364000	40000	135	0	0	0	0	0
113.042908	1	110	110	0	18895	5915	12980	14349
114.138920	2	111	5	1	0	0	110568	144	75	14480	167500	17000	1448	536	364000	40000	135	0	0	0	0	0
114.139013	1	111	111	0	18895	5915	12980	14349
115.078333	2	112	5	1	0	0	111508	144	75	14480	167000	18000	1448	536	364000	40000	135	0	0	0	0	0
115.078419	1	112	112	0	18895	5915	12980	14349
116.017916	2	113	5	1	0	0	112448	145	75	14480	168000	17000	1448	536	368000	40000	135	0	0	0	0	0
116.018006	1	113	113	0	18895	5915	12980	14349
117.113873	2	114	5	1	0	0	113544	145	75	14480	167000	17000	1448	536	364000	40000	135	0	0	0	0	0
117.113967	1	114	114	0	18895	5915	12980	14349
118.053535	2	115	5	1	0	0	114484	146	75	14480	168000	17000	1448	536	368000	40000	135	0	0	0	0	0
118.053630	1	115	115	0	18895	5915	12980	14349
119.000608	2	116	5	1	0	0	115432	146	75	14480	168000	16000	1448	536	368000	40000	146	0	0	0	0	0
119.000702	1	116	116	0	18895	5915	12980	14349
120.089019	2	117	5	1	0	0	116520	147	75	14480	168000	16000	1448	536	368000	40000	135	0	0	0	0	0
120.089102	1	117	117	0	18895	5915	12980	14349
121.028565	2	118	5	1	0	4	117460	147	75	14480	166500	18000	1448	536	364000	40000	135	0	0	0	0	0
121.028740	1	118	118	0	18895	5915	12980	14349
122.124595	2	119	5	1	0	4	118556	148	75	14480	167500	17000	1448	536	364000	40000	135	0	0	0	0	0
122.124688	1	119	119	0	18895	5915	12980	14349
123.064199	2	120	5	1	0	0	119492	148	75	14480	167000	17000	1448	536	364000	40000	135	0	0	0	0	0
123.064294	1	120	120	0	18895	5915	12980	14349
124.003624	2	121	5	1	0	0	120432	149	75	14480	167000	18000	1448	536	364000	40000	135	0	0	0	0	0
124.003712	1	121	121	0	18895	5915	12980	14349
125.099731	2	122	5	1	0	0	121528	149	75	14480	167000	17000	1448	536	364000	40000	135	0	0	0	0	0
125.099822	1	122	122	0	18895	5915	12980	14349
126.039125	2	123	5	1	0	0	122468	150	75	14480	167000	17000	1448	536	364000	40000	135	0	0	0	0	0
126.039238	1	123	123	0	18895	5915	12980	14349
126.363407	3	1	5	10.1.1.1	45216	htdocs/file.txt
