12.012361	2	4	5	1	0	0	3580	78	75	14480	83000	10000	1448	536	280000	40000	58	0	0	0	0	0
13.109205	2	5	5	1	0	0	4680	78	75	14480	84500	10000	1448	536	284000	40000	57	0	0	0	0	0
14.049202	2	6	5	1	0	0	5620	79	75	14480	83500	9000	1448	536	280000	40000	56	0	0	0	0	0
15.146093	2	7	5	1	0	0	6716	80	75	14480	84000	10000	1448	536	284000	40000	55	0	0	0	0	0
16.086161	2	8	5	1	0	0	7656	81	75	14480	84000	10000	1448	536	284000	40000	81	0	0	0	0	0
17.026167	2	9	5	1	0	0	8596	81	75	14480	91500	11000	1448	536	288000	40000	63	0	0	0	0	0
18.123021	2	10	5	1	0	0	9692	82	75	14480	92500	13000	1448	536	292000	40000	61	0	0	0	0	0
19.063133	2	11	5	1	0	0	10632	83	75	14480	92500	13000	1448	536	292000	40000	59	0	0	0	0	0
20.004610	2	12	5	1	0	4	11576	84	75	14480	93000	12000	1448	536	292000	40000	59	0	0	0	0	0
21.092927	2	13	5	1	0	48	12664	84	75	14480	89000	11000	1448	536	288000	40000	78	0	0	0	0	0
22.027317	2	14	5	1	0	0	13596	85	75	14480	95000	8000	1448	536	292000	40000	85	0	0	0	0	0
23.123361	2	15	5	1	0	36	14692	86	75	14480	98500	8000	1448	536	296000	40000	74	0	0	0	0	0
24.077918	2	16	5	1	0	0	15648	87	75	14480	94500	7000	1448	536	292000	40000	87	0	0	0	0	0
25.108020	2	17	5	1	0	36	16676	88	75	14480	95500	9000	1448	536	292000	40000	76	0	0	0	0	0
26.010152	2	18	5	1	0	0	17580	88	75	14480	98500	7000	1448	536	296000	40000	88	0	0	0	0	0
27.004600	2	19	5	1	0	4	18576	89	75	14480	101000	6000	1448	536	300000	40000	89	0	0	0	0	0
28.034432	2	20	5	1	0	0	19604	90	75	14480	103000	7000	1448	536	300000	40000	90	0	0	0	0	0
29.078971	2	21	5	1	0	0	20648	90	75	14480	105500	3000	1448	536	304000	40000	90	0	0	0	0	0
30.085109	2	22	5	1	0	0	21656	91	75	14480	113500	17000	1448	536	312000	40000	91	0	0	0	0	0
31.024700	2	23	5	1	0	0	22596	91	75	14480	120000	23000	1448	536	320000	40000	90	0	0	0	0	0
32.122033	2	24	5	1	0	0	23692	92	75	14480	115500	19000	1448	536	312000	40000	90	0	0	0	0	0
33.062209	2	25	5	1	0	0	24632	93	75	14480	114000	16000	1448	536	312000	40000	90	0	0	0	0	0
34.003261	2	26	5	1	0	0	25572	93	75	14480	113500	16000	1448	536	312000	40000	90	0	0	0	0	0
35.101222	2	27	5	1	0	0	26672	94	75	14480	113500	14000	1448	536	312000	40000	90	0	0	0	0	0
36.042796	2	28	5	1	0	0	27612	95	75	14480	113500	15000	1448	536	312000	40000	90	0	0	0	0	0
37.139558	2	29	5	1	0	0	28708	96	75	14480	113000	17000	1448	536	312000	40000	90	0	0	0	0	0
38.080891	2	30	5	1	0	0	29652	96	75	14480	113000	17000	1448	536	312000	40000	90	0	0	0	0	0
39.021879	2	31	5	1	0	0	30592	97	75	14480	112500	16000	1448	536	312000	40000	90	0	0	0	0	0
40.005973	2	32	5	1	0	0	31576	98	75	14480	111500	14000	1448	536	308000	40000	98	0	0	0	0	0
41.154585	2	33	5	1	0	0	32724	98	75	14480	112500	17000	1448	536	312000	40000	90	0	0	0	0	0
42.000592	2	34	5	1	0	4	33572	99	75	14480	112500	17000	1448	536	312000	40000	99	0	0	0	0	0
43.033937	2	35	5	1	0	0	34604	100	75	14480	112500	17000	1448	536	312000	40000	90	0	0	0	0	0
44.077884	2	36	5	1	0	0	35648	100	75	14480	113000	17000	1448	536	312000	40000	90	0	0	0	0	0
45.121782	2	37	5	1	0	0	36692	101	75	14480	112500	17000	1448	536	312000	40000	90	0	0	0	0	0
46.165927	2	38	5	1	0	0	37736	101	75	14480	112500	17000	1448	536	312000	40000	90	0	0	0	0	0
47.001147	2	39	5	1	0	0	38572	102	75	14480	113000	17000	1448	536	312000	40000	90	0	0	0	0	0
48.045175	2	40	5	1	0	0	39616	102	75	14480	113000	17000	1448	536	312000	40000	90	0	0	0	0	0
49.089160	2	41	5	1	0	0	40660	103	75	14480	112500	17000	1448	536	312000	40000	90	0	0	0	0	0
50.132946	2	42	5	1	0	0	41704	104	75	14480	112500	17000	1448	536	312000	40000	90	0	0	0	0	0
51.177054	2	43	5	1	0	0	42748	104	75	14480	113000	17000	1448	536	312000	40000	90	0	0	0	0	0
52.134087	2	44	5	1	0	0	43704	105	75	14480	117000	16000	1448	536	316000	40000	90	0	0	0	0	0
53.073778	2	45	5	1	0	0	44644	105	75	14480	120000	11000	1448	536	320000	40000	90	0	0	0	0	0
54.014846	2	46	5	1	0	0	45584	106	75	14480	120500	10000	1448	536	320000	40000	90	0	0	0	0	0
55.112723	2	47	5	1	0	0	46684	107	75	14480	119000	9000	1448	536	316000	40000	90	0	0	0	0	0
56.052990	2	48	5	1	0	0	47624	107	75	14480	119500	9000	1448	536	316000	40000	90	0	0	0	0	0
57.004594	2	49	5	1	0	4	48576	108	75	14480	118000	10000	1448	536	316000	40000	108	0	0	0	0	0
58.092028	2	50	5	1	0	0	49660	109	75	14480	120500	11000	1448	536	320000	40000	90	0	0	0	0	0
59.032166	2	51	5	1	0	0	50600	110	75	14480	120500	11000	1448	536	320000	40000	90	0	0	0	0	0
60.129998	2	52	5	1	0	0	51700	110	75	14480	117500	11000	1448	536	316000	40000	90	0	0	0	0	0
61.071441	2	53	5	1	0	0	52640	111	75	14480	116500	11000	1448	536	316000	40000	90	0	0	0	0	0
62.012654	2	54	5	1	0	0	53584	112	75	14480	117000	11000	1448	536	316000	40000	90	0	0	0	0	0
63.109111	2	55	5	1	0	0	54680	112	75	14480	121500	16000	1448	536	320000	40000	90	0	0	0	0	0
64.049781	2	56	5	1	0	0	55620	113	75	14480	121000	16000	1448	536	320000	40000	113	0	0	0	0	0
65.145604	2	57	5	1	0	0	56716	113	75	14480	121500	16000	1448	536	320000	40000	113	0	0	0	0	0
66.086277	2	58	5	1	0	0	57656	114	75	14480	121500	16000	1448	536	320000	40000	114	0	0	0	0	0
67.025810	2	59	5	1	0	0	58596	114	75	14480	121500	16000	1448	536	320000	40000	114	0	0	0	0	0
68.122958	2	60	5	1	0	0	59692	115	75	14480	121500	16000	1448	536	320000	40000	115	0	0	0	0	0
69.062283	2	61	5	1	0	0	60632	115	75	14480	121500	15000	1448	536	320000	40000	115	0	0	0	0	0
70.002731	2	62	5	1	0	0	61572	116	75	14480	122000	17000	1448	536	320000	40000	116	0	0	0	0	0
71.098907	2	63	5	1	0	0	62668	116	75	14480	122000	17000	1448	536	320000	40000	116	0	0	0	0	0
72.039442	2	64	5	1	0	0	63608	117	75	14480	121500	16000	1448	536	320000	40000	117	0	0	0	0	0
73.135415	2	65	5	1	0	0	64704	117	75	14480	121500	16000	1448	536	320000	40000	117	0	0	0	0	0
74.076008	2	66	5	1	0	0	65644	118	75	14480	121500	16000	1448	536	320000	40000	118	0	0	0	0	0
75.015435	2	67	5	1	0	0	66584	118	75	14480	121500	16000	1448	536	320000	40000	118	0	0	0	0	0
76.112616	2	68	5	1	0	0	67684	119	75	14480	122000	17000	1448	536	320000	40000	119	0	0	0	0	0
77.052045	2	69	5	1	0	0	68620	119	75	14480	121500	16000	1448	536	320000	40000	119	0	0	0	0	0
78.004601	2	70	5	1	0	16	69576	120	75	14480	121500	16000	1448	536	320000	40000	120	0	0	0	0	0
79.088579	2	71	5	1	0	4	70660	120	75	14480	121500	16000	1448	536	320000	40000	120	0	0	0	0	0
80.029085	2	72	5	1	0	0	71600	121	75	14480	122500	17000	1448	536	320000	40000	121	0	0	0	0	0
81.125000	2	73	5	1	0	0	72696	121	75	14480	122500	17000	1448	536	320000	40000	121	0	0	0	0	0
82.065692	2	74	5	1	0	0	73636	122	75	14480	121500	17000	1448	536	320000	40000	122	0	0	0	0	0
83.005055	2	75	5	1	0	0	74576	122	75	14480	122000	17000	1448	536	320000	40000	122	0	0	0	0	0
84.004598	2	76	5	1	0	8	75576	123	75	14480	128000	17000	1448	536	328000	40000	123	0	0	0	0	0
85.134155	2	77	5	1	0	0	76704	124	75	14480	135500	14000	1448	536	332000	40000	124	0	0	0	0	0
86.127603	2	78	5	1	0	0	77696	124	75	14480	135500	14000	1448	536	332000	40000	124	0	0	0	0	0
87.070071	2	79	5	1	0	0	78640	125	75	14480	137500	14000	1448	536	336000	40000	125	0	0	0	0	0
88.012449	2	80	5	1	0	0	79580	126	75	14480	137500	14000	1448	536	336000	40000	126	0	0	0	0	0
89.110295	2	81	5	1	0	0	80680	127	75	14480	136500	11000	1448	536	336000	40000	127	0	0	0	0	0
90.008728	2	82	5	1	0	0	81580	127	75	14480	136500	13000	1448	536	336000	40000	127	0	0	0	0	0
91.106672	2	83	5	1	0	0	82676	128	75	14480	136000	16000	1448	536	336000	40000	128	0	0	0	0	0
92.040982	2	84	5	1	0	0	83612	129	75	14480	137500	14000	1448	536	336000	40000	129	0	0	0	0	0
93.151775	2	85	5	1	0	0	84720	130	75	14480	133000	18000	1448	536	332000	40000	95	0	0	0	0	0
94.132081	2	86	5	1	0	0	85700	130	75	14480	139000	16000	1448	536	336000	40000	130	0	0	0	0	0
95.179309	2	87	5	1	0	0	86748	131	75	14480	139500	16000	1448	536	336000	40000	131	0	0	0	0	0
96.017171	2	88	5	1	0	0	87588	132	75	14480	140500	17000	1448	536	340000	40000	132	0	0	0	0	0
97.016603	2	89	5	1	0	4	88588	133	75	14480	138500	19000	1448	536	336000	40000	95	0	0	0	0	0
98.113335	2	90	5	1	0	0	89684	133	75	14480	140500	20000	1448	536	340000	40000	94	0	0	0	0	0
99.105116	2	91	5	1	0	0	90676	134	75	14480	132000	21000	1448	536	332000	40000	96	0	0	0	0	0
100.096877	2	92	5	1	0	0	91668	134	75	14480	131000	24000	1448	536	328000	40000	94	0	0	0	0	0
101.036324	2	93	5	1	0	52	92604	135	75	14480	153000	7000	1448	536	352000	40000	95	0	0	0	0	0
102.132349	2	94	5	1	0	52	93700	135	75	14480	155000	3000	1448	536	352000	40000	95	0	0	0	0	0
103.071621	2	95	5	1	0	0	94640	136	75	14480	157500	3000	1448	536	356000	40000	135	0	0	0	0	0
104.010877	2	96	5	1	0	0	95580	136	75	14480	169000	20000	1448	536	368000	40000	135	0	0	0	0	0
105.107148	2	97	5	1	0	0	96676	137	75	14480	169000	18000	1448	536	368000	40000	135	0	0	0	0	0
106.046419	2	98	5	1	0	0	97616	137	75	14480	167000	18000	1448	536	364000	40000	135	0	0	0	0	0
107.142537	2	99	5	1	0	0	98712	138	75	14480	167000	18000	1448	536	364000	40000	135	0	0	0	0	0
108.081858	2	100	5	1	0	0	99652	138	75	14480	167500	17000	1448	536	364000	40000	135	0	0	0	0	0
109.021213	2	101	5	1	0	0	100592	139	75	14480	168000	17000	1448	536	368000	40000	135	0	0	0	0	0
110.117089	2	102	5	1	0	0	101688	139	75	14480	168000	16000	1448	536	368000	40000	135	0	0	0	0	0
111.056494	2	103	5	1	0	0	102624	140	75	14480	167500	17000	1448	536	364000	40000	135	0	0	0	0	0
112.004593	2	104	5	1	0	4	103576	140	75	14480	167000	18000	1448	536	364000	40000	140	0	0	0	0	0
113.092118	2	105	5	1	0	0	104660	141	75	14480	167000	18000	1448	536	364000	40000	135	0	0	0	0	0
114.031513	2	106	5	1	0	0	105600	141	75	14480	167000	18000	1448	536	364000	40000	135	0	0	0	0	0
115.127445	2	107	5	1	0	0	106696	142	75	14480	167000	18000	1448	536	364000	40000	135	0	0	0	0	0
116.066907	2	108	5	1	0	0	107636	142	75	14480	167000	17000	1448	536	364000	40000	135	0	0	0	0	0
117.006413	2	109	5	1	0	0	108576	143	75	14480	167000	17000	1448	536	364000	40000	135	0	0	0	0	0
118.102368	2	110	5	1	0	0	109672	143	75	14480	167000	18000	1448	536	364000	40000	135	0	0	0	0	0
119.041844	2	111	5	1	0	0	110612	144	75	14480	167000	18000	1448	536	364000	40000	135	0	0	0	0	0
120.137853	2	112	5	1	0	0	111708	144	75	14480	167000	18000	1448	536	364000	40000	135	0	0	0	0	0
121.077205	2	113	5	1	0	0	112648	145	75	14480	168000	17000	1448	536	368000	40000	135	0	0	0	0	0
122.016654	2	114	5	1	0	0	113588	145	75	14480	167500	16000	1448	536	364000	40000	135	0	0	0	0	0
123.112568	2	115	5	1	0	4	114684	146	75	14480	167500	17000	1448	536	364000	40000	135	0	0	0	0	0
124.052047	2	116	5	1	0	0	115620	146	75	14480	167000	18000	1448	536	364000	40000	135	0	0	0	0	0
125.004593	2	117	5	1	0	8	116576	147	75	14480	167500	17000	1448	536	364000	40000	147	0	0	0	0	0
126.087320	2	118	5	1	0	0	117656	147	75	14480	167500	17000	1448	536	364000	40000	135	0	0	0	0	0
127.026847	2	119	5	1	0	0	118596	148	75	14480	167500	17000	1448	536	364000	40000	135	0	0	0	0	0
128.122637	2	120	5	1	0	0	119692	148	75	14480	167000	18000	1448	536	364000	40000	135	0	0	0	0	0
129.062292	2	121	5	1	0	0	120632	149	75	14480	167500	18000	1448	536	364000	40000	135	0	0	0	0	0
130.001694	2	122	5	1	0	0	121572	149	75	14480	168000	18000	1448	536	368000	40000	135	0	0	0	0	0
131.097678	2	123	5	1	0	0	122668	150	75	14480	168000	17000	1448	536	368000	40000	135	0	0	0	0	0
