protocol: 5
domain: scalable_10Mbps_2ms
start-time: 1424600085
sender-id: 3
app-name: tinyhttpd
schema: 0 _experiment_metadata subject:string key:string value:string 
schema: 1 _client_instrumentation measurements_injected:uint32 measurements_dropped:uint32 bytes_allocated:uint64 bytes_freed:uint64 bytes_in_use:uint64 bytes_max:uint64 
schema: 2 tinyhttpd_tcp socket:int32 state:int32 ca_state:int32 last_data_sent:int32 last_data_recv:int32 snd_cwnd:int32 snd_ssthresh:int32 rcv_ssthresh:int32 rtt:int32 rttvar:int32 snd_mss:int32 rcv_mss:int32 rto:int32 ato:int32 unacked:int32 sacked:int32 lost:int32 retrans:int32 fackets:int32 total_retrans:int32 
schema: 3 tinyhttpd_peer socket:int32 ip:string port:int32 file:string 
content: text

9.009619	2	1	5	1	0	0	580	64	75	14480	61000	12000	1448	536	260000	40000	45	0	0	0	0	0
9.010253	1	1	1	0	18895	5915	12980	14349
10.132013	2	2	5	1	0	0	1700	76	75	14480	82500	10000	1448	536	280000	40000	59	0	0	0	0	0
10.132105	1	2	2	0	18895	5915	12980	14349
11.072269	2	3	5	1	0	0	2640	77	75	14480	83000	10000	1448	536	280000	40000	58	0	0	0	0	0
11.072349	1	3	3	0	18895	5915	12980	14349
12.012361	2	4	5	1	0	0	3580	78	75	14480	83000	10000	1448	536	280000	40000	58	0	0	0	0	0
12.012449	1	4	4	0	18895	5915	12980	14349
13.109205	2	5	5	1	0	0	4680	78	75	14480	84500	10000	1448	536	284000	40000	57	0	0	0	0	0
13.109298	1	5	5	0	18895	5915	12980	14349
14.049202	2	6	5	1	0	0	5620	79	75	14480	83500	9000	1448	536	280000	40000	56	0	0	0	0	0
14.049292	1	6	6	0	18895	5915	12980	14349
15.146093	2	7	5	1	0	0	6716	80	75	14480	84000	10000	1448	536	284000	40000	55	0	0	0	0	0
15.146216	1	7	7	0	18895	5915	12980	14349
16.086161	2	8	5	1	0	0	7656	81	75	14480	84000	10000	1448	536	284000	40000	81	0	0	0	0	0
16.086251	1	8	8	0	18895	5915	12980	14349
17.026167	2	9	5	1	0	0	8596	81	75	14480	91500	11000	1448	536	288000	40000	63	0	0	0	0	0
17.026286	1	9	9	0	18895	5915	12980	14349
18.123021	2	10	5	1	0	0	9692	82	75	14480	92500	13000	1448	536	292000	40000	61	0	0	0	0	0
18.123111	1	10	10	0	18895	5915	12980	14349
19.063133	2	11	5	1	0	0	10632	83	75	14480	92500	13000	1448	536	292000	40000	59	0	0	0	0	0
19.063215	1	11	11	0	18895	5915	12980	14349
20.004610	2	12	5	1	0	4	11576	84	75	14480	93000	12000	1448	536	292000	40000	59	0	0	0	0	0
20.004705	1	12	12	0	18895	5915	12980	14349
21.092927	2	13	5	1	0	48	12664	84	75	14480	89000	11000	1448	536	288000	40000	78	0	0	0	0	0
21.093008	1	13	13	0	18895	5915	12980	14349
22.027317	2	14	5	1	0	0	13596	85	75	14480	95000	8000	1448	536	292000	40000	85	0	0	0	0	0
22.027403	1	14	14	0	18895	5915	12980	14349
23.123361	2	15	5	1	0	36	14692	86	75	14480	98500	8000	1448	536	296000	40000	74	0	0	0	0	0
23.123451	1	15	15	0	18895	5915	12980	14349
24.077918	2	16	5	1	0	0	15648	87	75	14480	94500	7000	1448	536	292000	40000	87	0	0	0	0	0
24.078008	1	16	16	0	18895	5915	12980	14349
25.108020	2	17	5	1	0	36	16676	88	75	14480	95500	9000	1448	536	292000	40000	76	0	0	0	0	0
25.108113	1	17	17	0	18895	5915	12980	14349
26.010152	2	18	5	1	0	0	17580	88	75	14480	98500	7000	1448	536	296000	40000	88	0	0	0	0	0
26.010240	1	18	18	0	18895	5915	12980	14349
27.004600	2	19	5	1	0	4	18576	89	75	14480	101000	6000	1448	536	300000	40000	89	0	0	0	0	0
27.004679	1	19	19	0	18895	5915	12980	14349
28.034432	2	20	5	1	0	0	19604	90	75	14480	103000	7000	1448	536	300000	40000	90	0	0	0	0	0
28.034525	1	20	20	0	18895	5915	12980	14349
29.078971	2	21	5	1	0	0	20648	90	75	14480	105500	3000	1448	536	304000	40000	90	0	0	0	0	0
29.079060	1	21	21	0	18895	5915	12980	14349
30.085109	2	22	5	1	0	0	21656	91	75	14480	113500	17000	1448	536	312000	40000	91	0	0	0	0	0
30.085202	1	22	22	0	18895	5915	12980	14349
31.024700	2	23	5	1	0	0	22596	91	75	14480	120000	23000	1448	536	320000	40000	90	0	0	0	0	0
31.024783	1	23	23	0	18895	5915	12980	14349
32.122033	2	24	5	1	0	0	23692	92	75	14480	115500	19000	1448	536	312000	40000	90	0	0	0	0	0
32.122121	1	24	24	0	18895	5915	12980	14349
33.062209	2	25	5	1	0	0	24632	93	75	14480	114000	16000	1448	536	312000	40000	90	0	0	0	0	0
33.062299	1	25	25	0	18895	5915	12980	14349
34.003261	2	26	5	1	0	0	25572	93	75	14480	113500	16000	1448	536	312000	40000	90	0	0	0	0	0
34.003352	1	26	26	0	18895	5915	12980	14349
35.101222	2	27	5	1	0	0	26672	94	75	14480	113500	14000	1448	536	312000	40000	90	0	0	0	0	0
35.101314	1	27	27	0	18895	5915	12980	14349
36.042796	2	28	5	1	0	0	27612	95	75	14480	113500	15000	1448	536	312000	40000	90	0	0	0	0	0
36.042886	1	28	28	0	18895	5915	12980	14349
37.139558	2	29	5	1	0	0	28708	96	75	14480	113000	17000	1448	536	312000	40000	90	0	0	0	0	0
37.139638	1	29	29	0	18895	5915	12980	14349
38.080891	2	30	5	1	0	0	29652	96	75	14480	113000	17000	1448	536	312000	40000	90	0	0	0	0	0
38.080982	1	30	30	0	18895	5915	12980	14349
39.021879	2	31	5	1	0	0	30592	97	75	14480	112500	16000	1448	536	312000	40000	90	0	0	0	0	0
39.021970	1	31	31	0	18895	5915	12980	14349
40.005973	2	32	5	1	0	0	31576	98	75	14480	111500	14000	1448	536	308000	40000	98	0	0	0	0	0
40.006065	1	32	32	0	18895	5915	12980	14349
41.154585	2	33	5	1	0	0	32724	98	75	14480	112500	17000	1448	536	312000	40000	90	0	0	0	0	0
41.154677	1	33	33	0	18895	5915	12980	14349
42.000592	2	34	5	1	0	4	33572	99	75	14480	112500	17000	1448	536	312000	40000	99	0	0	0	0	0
42.000677	1	34	34	0	18895	5915	12980	14349
43.033937	2	35	5	1	0	0	34604	100	75	14480	112500	17000	1448	536	312000	40000	90	0	0	0	0	0
43.034017	1	35	35	0	18895	5915	12980	14349
44.077884	2	36	5	1	0	0	35648	100	75	14480	113000	17000	1448	536	312000	40000	90	0	0	0	0	0
44.077976	1	36	36	0	18895	5915	12980	14349
45.121782	2	37	5	1	0	0	36692	101	75	14480	112500	17000	1448	536	312000	40000	90	0	0	0	0	0
45.121873	1	37	37	0	18895	5915	12980	14349
46.165927	2	38	5	1	0	0	37736	101	75	14480	112500	17000	1448	536	312000	40000	90	0	0	0	0	0
46.166054	1	38	38	0	18895	5915	12980	14349
47.001147	2	39	5	1	0	0	38572	102	75	14480	113000	17000	1448	536	312000	40000	90	0	0	0	0	0
47.001266	1	39	39	0	18895	5915	12980	14349
48.045175	2	40	5	1	0	0	39616	102	75	14480	113000	17000	1448	536	312000	40000	90	0	0	0	0	0
48.045267	1	40	40	0	18895	5915	12980	14349
49.089160	2	41	5	1	0	0	40660	103	75	14480	112500	17000	1448	536	312000	40000	90	0	0	0	0	0
49.089252	1	41	41	0	18895	5915	12980	14349
50.132946	2	42	5	1	0	0	41704	104	75	14480	112500	17000	1448	536	312000	40000	90	0	0	0	0	0
50.133045	1	42	42	0	18895	5915	12980	14349
51.177054	2	43	5	1	0	0	42748	104	75	14480	113000	17000	1448	536	312000	40000	90	0	0	0	0	0
51.177139	1	43	43	0	18895	5915	12980	14349
52.134087	2	44	5	1	0	0	43704	105	75	14480	117000	16000	1448	536	316000	40000	90	0	0	0	0	0
52.134174	1	44	44	0	18895	5915	12980	14349
53.073778	2	45	5	1	0	0	44644	105	75	14480	120000	11000	1448	536	320000	40000	90	0	0	0	0	0
53.073862	1	45	45	0	18895	5915	12980	14349
54.014846	2	46	5	1	0	0	45584	106	75	14480	120500	10000	1448	536	320000	40000	90	0	0	0	0	0
54.014939	1	46	46	0	18895	5915	12980	14349
55.112723	2	47	5	1	0	0	46684	107	75	14480	119000	9000	1448	536	316000	40000	90	0	0	0	0	0
55.112813	1	47	47	0	18895	5915	12980	14349
56.052990	2	48	5	1	0	0	47624	107	75	14480	119500	9000	1448	536	316000	40000	90	0	0	0	0	0
56.053083	1	48	48	0	18895	5915	12980	14349
57.004594	2	49	5	1	0	4	48576	108	75	14480	118000	10000	1448	536	316000	40000	108	0	0	0	0	0
57.004681	1	49	49	0	18895	5915	12980	14349
58.092028	2	50	5	1	0	0	49660	109	75	14480	120500	11000	1448	536	320000	40000	90	0	0	0	0	0
58.092119	1	50	50	0	18895	5915	12980	14349
59.032166	2	51	5	1	0	0	50600	110	75	14480	120500	11000	1448	536	320000	40000	90	0	0	0	0	0
59.032256	1	51	51	0	18895	5915	12980	14349
60.129998	2	52	5	1	0	0	51700	110	75	14480	117500	11000	1448	536	316000	40000	90	0	0	0	0	0
60.130086	1	52	52	0	18895	5915	12980	14349
61.071441	2	53	5	1	0	0	52640	111	75	14480	116500	11000	1448	536	316000	40000	90	0	0	0	0	0
61.071531	1	53	53	0	18895	5915	12980	14349
62.012654	2	54	5	1	0	0	53584	112	75	14480	117000	11000	1448	536	316000	40000	90	0	0	0	0	0
62.012738	1	54	54	0	18895	5915	12980	14349
63.109111	2	55	5	1	0	0	54680	112	75	14480	121500	16000	1448	536	320000	40000	90	0	0	0	0	0
63.109199	1	55	55	0	18895	5915	12980	14349
64.049781	2	56	5	1	0	0	55620	113	75	14480	121000	16000	1448	536	320000	40000	113	0	0	0	0	0
64.049874	1	56	56	0	18895	5915	12980	14349
65.145604	2	57	5	1	0	0	56716	113	75	14480	121500	16000	1448	536	320000	40000	113	0	0	0	0	0
65.145690	1	57	57	0	18895	5915	12980	14349
66.086277	2	58	5	1	0	0	57656	114	75	14480	121500	16000	1448	536	320000	40000	114	0	0	0	0	0
66.086370	1	58	58	0	18895	5915	12980	14349
67.025810	2	59	5	1	0	0	58596	114	75	14480	121500	16000	1448	536	320000	40000	114	0	0	0	0	0
67.025886	1	59	59	0	18895	5915	12980	14349
68.122958	2	60	5	1	0	0	59692	115	75	14480	121500	16000	1448	536	320000	40000	115	0	0	0	0	0
68.123052	1	60	60	0	18895	5915	12980	14349
69.062283	2	61	5	1	0	0	60632	115	75	14480	121500	15000	1448	536	320000	40000	115	0	0	0	0	0
69.062374	1	61	61	0	18895	5915	12980	14349
70.002731	2	62	5	1	0	0	61572	116	75	14480	122000	17000	1448	536	320000	40000	116	0	0	0	0	0
70.002822	1	62	62	0	18895	5915	12980	14349
71.098907	2	63	5	1	0	0	62668	116	75	14480	122000	17000	1448	536	320000	40000	116	0	0	0	0	0
71.099001	1	63	63	0	18895	5915	12980	14349
72.039442	2	64	5	1	0	0	63608	117	75	14480	121500	16000	1448	536	320000	40000	117	0	0	0	0	0
72.039531	1	64	64	0	18895	5915	12980	14349
73.135415	2	65	5	1	0	0	64704	117	75	14480	121500	16000	1448	536	320000	40000	117	0	0	0	0	0
73.135502	1	65	65	0	18895	5915	12980	14349
74.076008	2	66	5	1	0	0	65644	118	75	14480	121500	16000	1448	536	320000	40000	118	0	0	0	0	0
74.076102	1	66	66	0	18895	5915	12980	14349
75.015435	2	67	5	1	0	0	66584	118	75	14480	121500	16000	1448	536	320000	40000	118	0	0	0	0	0
75.015516	1	67	67	0	18895	5915	12980	14349
76.112616	2	68	5	1	0	0	67684	119	75	14480	122000	17000	1448	536	320000	40000	119	0	0	0	0	0
76.112710	1	68	68	0	18895	5915	12980	14349
77.052045	2	69	5	1	0	0	68620	119	75	14480	121500	16000	1448	536	320000	40000	119	0	0	0	0	0
77.052126	1	69	69	0	18895	5915	12980	14349
78.004601	2	70	5	1	0	16	69576	120	75	14480	121500	16000	1448	536	320000	40000	120	0	0	0	0	0
78.004694	1	70	70	0	18895	5915	12980	14349
79.088579	2	71	5	1	0	4	70660	120	75	14480	121500	16000	1448	536	320000	40000	120	0	0	0	0	0
79.088669	1	71	71	0	18895	5915	12980	14349
80.029085	2	72	5	1	0	0	71600	121	75	14480	122500	17000	1448	536	320000	40000	121	0	0	0	0	0
80.029174	1	72	72	0	18895	5915	12980	14349
81.125000	2	73	5	1	0	0	72696	121	75	14480	122500	17000	1448	536	320000	40000	121	0	0	0	0	0
81.125091	1	73	73	0	18895	5915	12980	14349
82.065692	2	74	5	1	0	0	73636	122	75	14480	121500	17000	1448	536	320000	40000	122	0	0	0	0	0
82.065778	1	74	74	0	18895	5915	12980	14349
83.005055	2	75	5	1	0	0	74576	122	75	14480	122000	17000	1448	536	320000	40000	122	0	0	0	0	0
83.005136	1	75	75	0	18895	5915	12980	14349
84.004598	2	76	5	1	0	8	75576	123	75	14480	128000	17000	1448	536	328000	40000	123	0	0	0	0	0
84.004691	1	76	76	0	18895	5915	12980	14349
85.134155	2	77	5	1	0	0	76704	124	75	14480	135500	14000	1448	536	332000	40000	124	0	0	0	0	0
85.134245	1	77	77	0	18895	5915	12980	14349
86.127603	2	78	5	1	0	0	77696	124	75	14480	135500	14000	1448	536	332000	40000	124	0	0	0	0	0
86.127697	1	78	78	0	18895	5915	12980	14349
87.070071	2	79	5	1	0	0	78640	125	75	14480	137500	14000	1448	536	336000	40000	125	0	0	0	0	0
87.070147	1	79	79	0	18895	5915	12980	14349
88.012449	2	80	5	1	0	0	79580	126	75	14480	137500	14000	1448	536	336000	40000	126	0	0	0	0	0
88.012538	1	80	80	0	18895	5915	12980	14349
89.110295	2	81	5	1	0	0	80680	127	75	14480	136500	11000	1448	536	336000	40000	127	0	0	0	0	0
89.110392	1	81	81	0	18895	5915	12980	14349
90.008728	2	82	5	1	0	0	81580	127	75	14480	136500	13000	1448	536	336000	40000	127	0	0	0	0	0
90.008809	1	82	82	0	18895	5915	12980	14349
91.106672	2	83	5	1	0	0	82676	128	75	14480	136000	16000	1448	536	336000	40000	128	0	0	0	0	0
91.106763	1	83	83	0	18895	5915	12980	14349
92.040982	2	84	5	1	0	0	83612	129	75	14480	137500	14000	1448	536	336000	40000	129	0	0	0	0	0
92.041072	1	84	84	0	18895	5915	12980	14349
93.151775	2	85	5	1	0	0	84720	130	75	14480	133000	18000	1448	536	332000	40000	95	0	0	0	0	0
93.151858	1	85	85	0	18895	5915	12980	14349
94.132081	2	86	5	1	0	0	85700	130	75	14480	139000	16000	1448	536	336000	40000	130	0	0	0	0	0
94.132200	1	86	86	0	18895	5915	12980	14349
95.179309	2	87	5	1	0	0	86748	131	75	14480	139500	16000	1448	536	336000	40000	131	0	0	0	0	0
95.179400	1	87	87	0	18895	5915	12980	14349
96.017171	2	88	5	1	0	0	87588	132	75	14480	140500	17000	1448	536	340000	40000	132	0	0	0	0	0
96.017348	1	88	88	0	18895	5915	12980	14349
97.016603	2	89	5	1	0	4	88588	133	75	14480	138500	19000	1448	536	336000	40000	95	0	0	0	0	0
97.016690	1	89	89	0	18895	5915	12980	14349
98.113335	2	90	5	1	0	0	89684	133	75	14480	140500	20000	1448	536	340000	40000	94	0	0	0	0	0
98.113424	1	90	90	0	18895	5915	12980	14349
99.105116	2	91	5	1	0	0	90676	134	75	14480	132000	21000	1448	536	332000	40000	96	0	0	0	0	0
99.105199	1	91	91	0	18895	5915	12980	14349
100.096877	2	92	5	1	0	0	91668	134	75	14480	131000	24000	1448	536	328000	40000	94	0	0	0	0	0
100.096971	1	92	92	0	18895	5915	12980	14349
101.036324	2	93	5	1	0	52	92604	135	75	14480	153000	7000	1448	536	352000	40000	95	0	0	0	0	0
101.036416	1	93	93	0	18895	5915	12980	14349
102.132349	2	94	5	1	0	52	93700	135	75	14480	155000	3000	1448	536	352000	40000	95	0	0	0	0	0
102.132440	1	94	94	0	18895	5915	12980	14349
103.071621	2	95	5	1	0	0	94640	136	75	14480	157500	3000	1448	536	356000	40000	135	0	0	0	0	0
103.071702	1	95	95	0	18895	5915	12980	14349
104.010877	2	96	5	1	0	0	95580	136	75	14480	169000	20000	1448	536	368000	40000	135	0	0	0	0	0
104.010965	1	96	96	0	18895	5915	12980	14349
105.107148	2	97	5	1	0	0	96676	137	75	14480	169000	18000	1448	536	368000	40000	135	0	0	0	0	0
105.107242	1	97	97	0	18895	5915	12980	14349
106.046419	2	98	5	1	0	0	97616	137	75	14480	167000	18000	1448	536	364000	40000	135	0	0	0	0	0
106.046512	1	98	98	0	18895	5915	12980	14349
107.142537	2	99	5	1	0	0	98712	138	75	14480	167000	18000	1448	536	364000	40000	135	0	0	0	0	0
107.142628	1	99	99	0	18895	5915	12980	14349
108.081858	2	100	5	1	0	0	99652	138	75	14480	167500	17000	1448	536	364000	40000	135	0	0	0	0	0
108.081947	1	100	100	0	18895	5915	12980	14349
109.021213	2	101	5	1	0	0	100592	139	75	14480	168000	17000	1448	536	368000	40000	135	0	0	0	0	0
109.021288	1	101	101	0	18895	5915	12980	14349
110.117089	2	102	5	1	0	0	101688	139	75	14480	168000	16000	1448	536	368000	40000	135	0	0	0	0	0
110.117182	1	102	102	0	18895	5915	12980	14349
111.056494	2	103	5	1	0	0	102624	140	75	14480	167500	17000	1448	536	364000	40000	135	0	0	0	0	0
111.056587	1	103	103	0	18895	5915	12980	14349
112.004593	2	104	5	1	0	4	103576	140	75	14480	167000	18000	1448	536	364000	40000	140	0	0	0	0	0
112.004685	1	104	104	0	18895	5915	12980	14349
113.092118	2	105	5	1	0	0	104660	141	75	14480	167000	18000	1448	536	364000	40000	135	0	0	0	0	0
113.092203	1	105	105	0	18895	5915	12980	14349
114.031513	2	106	5	1	0	0	105600	141	75	14480	167000	18000	1448	536	364000	40000	135	0	0	0	0	0
114.031600	1	106	106	0	18895	5915	12980	14349
115.127445	2	107	5	1	0	0	106696	142	75	14480	167000	18000	1448	536	364000	40000	135	0	0	0	0	0
115.127538	1	107	107	0	18895	5915	12980	14349
116.066907	2	108	5	1	0	0	107636	142	75	14480	167000	17000	1448	536	364000	40000	135	0	0	0	0	0
116.067000	1	108	108	0	18895	5915	12980	14349
117.006413	2	109	5	1	0	0	108576	143	75	14480	167000	17000	1448	536	364000	40000	135	0	0	0	0	0
117.006504	1	109	109	0	18895	5915	12980	14349
118.102368	2	110	5	1	0	0	109672	143	75	14480	167000	18000	1448	536	364000	40000	135	0	0	0	0	0
118.102459	1	110	110	0	18895	5915	12980	14349
119.041844	2	111	5	1	0	0	110612	144	75	14480	167000	18000	1448	536	364000	40000	135	0	0	0	0	0
119.041925	1	111	111	0	18895	5915	12980	14349
120.137853	2	112	5	1	0	0	111708	144	75	14480	167000	18000	1448	536	364000	40000	135	0	0	0	0	0
120.137941	1	112	112	0	18895	5915	12980	14349
121.077205	2	113	5	1	0	0	112648	145	75	14480	168000	17000	1448	536	368000	40000	135	0	0	0	0	0
121.077293	1	113	113	0	18895	5915	12980	14349
122.016654	2	114	5	1	0	0	113588	145	75	14480	167500	16000	1448	536	364000	40000	135	0	0	0	0	0
122.016742	1	114	114	0	18895	5915	12980	14349
123.112568	2	115	5	1	0	4	114684	146	75	14480	167500	17000	1448	536	364000	40000	135	0	0	0	0	0
123.112681	1	115	115	0	18895	5915	12980	14349
124.052047	2	116	5	1	0	0	115620	146	75	14480	167000	18000	1448	536	364000	40000	135	0	0	0	0	0
124.052135	1	116	116	0	18895	5915	12980	14349
125.004593	2	117	5	1	0	8	116576	147	75	14480	167500	17000	1448	536	364000	40000	147	0	0	0	0	0
125.004687	1	117	117	0	18895	5915	12980	14349
126.087320	2	118	5	1	0	0	117656	147	75	14480	167500	17000	1448	536	364000	40000	135	0	0	0	0	0
126.087498	1	118	118	0	18895	5915	12980	14349
127.026847	2	119	5	1	0	0	118596	148	75	14480	167500	17000	1448	536	364000	40000	135	0	0	0	0	0
127.026936	1	119	119	0	18895	5915	12980	14349
128.122637	2	120	5	1	0	0	119692	148	75	14480	167000	18000	1448	536	364000	40000	135	0	0	0	0	0
128.122729	1	120	120	0	18895	5915	12980	14349
129.062292	2	121	5	1	0	0	120632	149	75	14480	167500	18000	1448	536	364000	40000	135	0	0	0	0	0
129.062368	1	121	121	0	18895	5915	12980	14349
130.001694	2	122	5	1	0	0	121572	149	75	14480	168000	18000	1448	536	368000	40000	135	0	0	0	0	0
130.001787	1	122	122	0	18895	5915	12980	14349
131.097678	2	123	5	1	0	0	122668	150	75	14480	168000	17000	1448	536	368000	40000	135	0	0	0	0	0
131.097767	1	123	123	0	18895	5915	12980	14349
131.260498	3	1	5	10.1.1.1	45213	htdocs/file.txt
