protocol: 5
domain: yeah_10Mbps_3ms
start-time: 1424598874
sender-id: 3
app-name: tinyhttpd
schema: 0 _experiment_metadata subject:string key:string value:string 
schema: 1 _client_instrumentation measurements_injected:uint32 measurements_dropped:uint32 bytes_allocated:uint64 bytes_freed:uint64 bytes_in_use:uint64 bytes_max:uint64 
schema: 2 tinyhttpd_tcp socket:int32 state:int32 ca_state:int32 last_data_sent:int32 last_data_recv:int32 snd_cwnd:int32 snd_ssthresh:int32 rcv_ssthresh:int32 rtt:int32 rttvar:int32 snd_mss:int32 rcv_mss:int32 rto:int32 ato:int32 unacked:int32 sacked:int32 lost:int32 retrans:int32 fackets:int32 total_retrans:int32 
schema: 3 tinyhttpd_peer socket:int32 ip:string port:int32 file:string 
content: text

3.012805	2	1	5	1	0	0	452	56	57	14480	51500	12000	1448	536	248000	40000	56	0	0	0	0	0
3.013482	1	1	1	0	18883	5907	12976	14345
4.049961	2	2	5	1	0	0	1488	58	57	14480	64500	15000	1448	536	264000	40000	58	0	0	0	0	0
4.050046	1	2	2	0	18883	5907	12976	14345
5.094299	2	3	5	1	0	0	2532	59	57	14480	64500	15000	1448	536	264000	40000	59	0	0	0	0	0
5.094385	1	3	3	0	18883	5907	12976	14345
6.138660	2	4	5	1	0	0	3576	59	57	14480	64500	16000	1448	536	264000	40000	59	0	0	0	0	0
6.138749	1	4	4	0	18883	5907	12976	14345
7.026098	2	5	5	1	0	0	4464	60	57	14480	62500	13000	1448	536	260000	40000	45	0	0	0	0	0
7.026187	1	5	5	0	18883	5907	12976	14345
8.069979	2	6	5	1	0	0	5508	60	57	14480	63500	13000	1448	536	260000	40000	45	0	0	0	0	0
8.070067	1	6	6	0	18883	5907	12976	14345
9.061533	2	7	5	1	0	0	6500	61	57	14480	68000	17000	1448	536	268000	40000	58	0	0	0	0	0
9.061621	1	7	7	0	18883	5907	12976	14345
10.080385	2	8	5	1	0	0	7516	69	57	14480	71000	11000	1448	536	268000	40000	69	0	0	0	0	0
10.080476	1	8	8	0	18883	5907	12976	14345
11.127286	2	9	5	1	0	0	8564	70	57	14480	80000	6000	1448	536	280000	40000	70	0	0	0	0	0
11.127371	1	9	9	0	18883	5907	12976	14345
12.067207	2	10	5	1	0	0	9504	71	57	14480	80000	6000	1448	536	280000	40000	71	0	0	0	0	0
12.067298	1	10	10	0	18883	5907	12976	14345
13.008282	2	11	5	1	0	0	10444	71	57	14480	80000	6000	1448	536	280000	40000	71	0	0	0	0	0
13.008372	1	11	11	0	18883	5907	12976	14345
14.032001	2	12	5	1	0	0	11468	72	57	14480	80500	11000	1448	536	280000	40000	72	0	0	0	0	0
14.032090	1	12	12	0	18883	5907	12976	14345
15.077806	2	13	5	1	0	0	12516	72	57	14480	81000	10000	1448	536	280000	40000	72	0	0	0	0	0
15.077898	1	13	13	0	18883	5907	12976	14345
16.007466	2	14	5	1	0	0	13444	73	57	14480	81000	10000	1448	536	280000	40000	62	0	0	0	0	0
16.007554	1	14	14	0	18883	5907	12976	14345
17.051795	2	15	5	1	0	0	14488	73	57	14480	80500	10000	1448	536	280000	40000	62	0	0	0	0	0
17.051887	1	15	15	0	18883	5907	12976	14345
18.096367	2	16	5	1	0	0	15532	74	57	14480	80500	11000	1448	536	280000	40000	61	0	0	0	0	0
18.096459	1	16	16	0	18883	5907	12976	14345
19.004600	2	17	5	1	0	8	16444	74	57	14480	81500	13000	1448	536	280000	40000	74	0	0	0	0	0
19.004690	1	17	17	0	18883	5907	12976	14345
20.080904	2	18	5	1	0	0	17520	75	57	14480	81500	12000	1448	536	280000	40000	60	0	0	0	0	0
20.080996	1	18	18	0	18883	5907	12976	14345
21.020918	2	19	5	1	0	0	18460	75	57	14480	83000	9000	1448	536	280000	40000	60	0	0	0	0	0
21.021059	1	19	19	0	18883	5907	12976	14345
22.117674	2	20	5	1	0	0	19556	76	57	14480	83500	9000	1448	536	280000	40000	59	0	0	0	0	0
22.117767	1	20	20	0	18883	5907	12976	14345
23.057815	2	21	5	1	0	0	20496	76	57	14480	83500	9000	1448	536	280000	40000	59	0	0	0	0	0
23.057909	1	21	21	0	18883	5907	12976	14345
24.004634	2	22	5	1	0	0	21444	77	57	14480	83000	9000	1448	536	280000	40000	77	0	0	0	0	0
24.004757	1	22	22	0	18883	5907	12976	14345
25.094600	2	23	5	1	0	0	22532	77	57	14480	82500	9000	1448	536	280000	40000	58	0	0	0	0	0
25.094693	1	23	23	0	18883	5907	12976	14345
26.034445	2	24	5	1	0	0	23472	78	57	14480	83000	9000	1448	536	280000	40000	57	0	0	0	0	0
26.034535	1	24	24	0	18883	5907	12976	14345
27.131329	2	25	5	1	0	0	24568	78	57	14480	83000	10000	1448	536	280000	40000	57	0	0	0	0	0
27.131423	1	25	25	0	18883	5907	12976	14345
28.071469	2	26	5	1	0	0	25508	79	57	14480	83500	9000	1448	536	280000	40000	56	0	0	0	0	0
28.071562	1	26	26	0	18883	5907	12976	14345
29.011444	2	27	5	1	0	0	26448	79	57	14480	83500	10000	1448	536	280000	40000	56	0	0	0	0	0
29.011609	1	27	27	0	18883	5907	12976	14345
30.108194	2	28	5	1	0	0	27544	80	57	14480	84000	9000	1448	536	284000	40000	55	0	0	0	0	0
30.108287	1	28	28	0	18883	5907	12976	14345
31.048357	2	29	5	1	0	0	28484	80	57	14480	84000	9000	1448	536	284000	40000	55	0	0	0	0	0
31.048451	1	29	29	0	18883	5907	12976	14345
32.144973	2	30	5	1	0	0	29584	81	57	14480	85000	10000	1448	536	284000	40000	81	0	0	0	0	0
32.145064	1	30	30	0	18883	5907	12976	14345
33.084859	2	31	5	1	0	0	30524	81	57	14480	93500	14000	1448	536	292000	40000	63	0	0	0	0	0
33.084951	1	31	31	0	18883	5907	12976	14345
34.025038	2	32	5	1	0	0	31464	81	57	14480	92500	12000	1448	536	292000	40000	63	0	0	0	0	0
34.025126	1	32	32	0	18883	5907	12976	14345
35.121808	2	33	5	1	0	0	32560	82	57	14480	92000	12000	1448	536	292000	40000	61	0	0	0	0	0
35.121903	1	33	33	0	18883	5907	12976	14345
36.061831	2	34	5	1	0	0	33500	82	57	14480	92000	12000	1448	536	292000	40000	61	0	0	0	0	0
36.061922	1	34	34	0	18883	5907	12976	14345
37.001873	2	35	5	1	0	0	34440	83	57	14480	93500	11000	1448	536	292000	40000	59	0	0	0	0	0
37.001968	1	35	35	0	18883	5907	12976	14345
38.098663	2	36	5	1	0	0	35536	83	57	14480	93000	12000	1448	536	292000	40000	59	0	0	0	0	0
38.098757	1	36	36	0	18883	5907	12976	14345
39.017845	2	37	5	1	0	0	36456	84	57	14480	91500	7000	1448	536	288000	40000	84	0	0	0	0	0
39.017935	1	37	37	0	18883	5907	12976	14345
40.128616	2	38	5	1	0	48	37568	84	57	14480	87500	11000	1448	536	284000	40000	78	0	0	0	0	0
40.128709	1	38	38	0	18883	5907	12976	14345
41.064059	2	39	5	1	0	40	38500	85	57	14480	92000	6000	1448	536	292000	40000	75	0	0	0	0	0
41.064179	1	39	39	0	18883	5907	12976	14345
42.004596	2	40	5	1	0	8	39444	85	57	14480	94500	8000	1448	536	292000	40000	85	0	0	0	0	0
42.004690	1	40	40	0	18883	5907	12976	14345
43.098800	2	41	5	1	0	40	40536	86	57	14480	95000	7000	1448	536	292000	40000	74	0	0	0	0	0
43.098892	1	41	41	0	18883	5907	12976	14345
44.039115	2	42	5	1	0	36	41476	86	57	14480	97000	10000	1448	536	296000	40000	74	0	0	0	0	0
44.039199	1	42	42	0	18883	5907	12976	14345
45.183966	2	43	5	1	0	0	42620	87	57	14480	97000	8000	1448	536	296000	40000	87	0	0	0	0	0
45.184088	1	43	43	0	18883	5907	12976	14345
46.020947	2	44	5	1	0	0	43460	87	57	14480	96000	8000	1448	536	296000	40000	87	0	0	0	0	0
46.021059	1	44	44	0	18883	5907	12976	14345
47.030931	2	45	5	1	0	0	44468	88	57	14480	95500	6000	1448	536	292000	40000	88	0	0	0	0	0
47.031025	1	45	45	0	18883	5907	12976	14345
48.059230	2	46	5	1	0	0	45496	88	57	14480	99000	7000	1448	536	296000	40000	88	0	0	0	0	0
48.059320	1	46	46	0	18883	5907	12976	14345
49.015668	2	47	5	1	0	0	46452	89	57	14480	96000	7000	1448	536	296000	40000	89	0	0	0	0	0
49.015759	1	47	47	0	18883	5907	12976	14345
50.097542	2	48	5	1	0	40	47536	89	57	14480	99000	8000	1448	536	296000	40000	76	0	0	0	0	0
50.097658	1	48	48	0	18883	5907	12976	14345
51.004631	2	49	5	1	0	8	48444	89	57	14480	103000	4000	1448	536	300000	40000	89	0	0	0	0	0
51.004724	1	49	49	0	18883	5907	12976	14345
52.029890	2	50	5	1	0	0	49468	90	57	14480	105500	3000	1448	536	304000	40000	90	0	0	0	0	0
52.029983	1	50	50	0	18883	5907	12976	14345
53.089629	2	51	5	1	0	0	50528	90	57	14480	107500	3000	1448	536	304000	40000	90	0	0	0	0	0
53.089756	1	51	51	0	18883	5907	12976	14345
54.029713	2	52	5	1	0	0	51468	91	57	14480	107500	4000	1448	536	304000	40000	91	0	0	0	0	0
54.029827	1	52	52	0	18883	5907	12976	14345
55.127401	2	53	5	1	0	0	52564	91	57	14480	113000	13000	1448	536	312000	40000	90	0	0	0	0	0
55.127531	1	53	53	0	18883	5907	12976	14345
56.066693	2	54	5	1	0	0	53504	91	57	14480	121500	23000	1448	536	320000	40000	90	0	0	0	0	0
56.066810	1	54	54	0	18883	5907	12976	14345
57.005964	2	55	5	1	0	0	54444	91	57	14480	122500	24000	1448	536	320000	40000	90	0	0	0	0	0
57.006054	1	55	55	0	18883	5907	12976	14345
58.103570	2	56	5	1	0	0	55540	92	57	14480	115000	18000	1448	536	312000	40000	90	0	0	0	0	0
58.103662	1	56	56	0	18883	5907	12976	14345
59.043625	2	57	5	1	0	0	56480	92	57	14480	114500	17000	1448	536	312000	40000	90	0	0	0	0	0
59.043715	1	57	57	0	18883	5907	12976	14345
60.141554	2	58	5	1	0	0	57580	93	57	14480	115000	17000	1448	536	312000	40000	90	0	0	0	0	0
60.141723	1	58	58	0	18883	5907	12976	14345
61.081447	2	59	5	1	0	0	58520	93	57	14480	114000	17000	1448	536	312000	40000	90	0	0	0	0	0
61.081538	1	59	59	0	18883	5907	12976	14345
62.021454	2	60	5	1	0	0	59460	93	57	14480	114000	17000	1448	536	312000	40000	90	0	0	0	0	0
62.021548	1	60	60	0	18883	5907	12976	14345
63.119431	2	61	5	1	0	0	60556	94	57	14480	113500	16000	1448	536	312000	40000	90	0	0	0	0	0
63.119524	1	61	61	0	18883	5907	12976	14345
64.059521	2	62	5	1	0	0	61496	94	57	14480	113500	16000	1448	536	312000	40000	90	0	0	0	0	0
64.059604	1	62	62	0	18883	5907	12976	14345
65.004598	2	63	5	1	0	8	62444	95	57	14480	113500	16000	1448	536	312000	40000	90	0	0	0	0	0
65.004693	1	63	63	0	18883	5907	12976	14345
66.097537	2	64	5	1	0	0	63536	95	57	14480	113000	15000	1448	536	312000	40000	90	0	0	0	0	0
66.097620	1	64	64	0	18883	5907	12976	14345
67.037486	2	65	5	1	0	0	64476	95	57	14480	113000	15000	1448	536	312000	40000	90	0	0	0	0	0
67.037577	1	65	65	0	18883	5907	12976	14345
68.135429	2	66	5	1	0	0	65572	96	57	14480	112500	16000	1448	536	312000	40000	90	0	0	0	0	0
68.135523	1	66	66	0	18883	5907	12976	14345
69.075492	2	67	5	1	0	0	66512	96	57	14480	112500	16000	1448	536	312000	40000	90	0	0	0	0	0
69.075581	1	67	67	0	18883	5907	12976	14345
70.015387	2	68	5	1	0	0	67452	97	57	14480	112500	16000	1448	536	312000	40000	90	0	0	0	0	0
70.015481	1	68	68	0	18883	5907	12976	14345
71.113477	2	69	5	1	0	0	68552	97	57	14480	112500	13000	1448	536	312000	40000	90	0	0	0	0	0
71.113564	1	69	69	0	18883	5907	12976	14345
72.053512	2	70	5	1	0	0	69492	97	57	14480	112500	13000	1448	536	312000	40000	90	0	0	0	0	0
72.053600	1	70	70	0	18883	5907	12976	14345
73.037600	2	71	5	1	0	0	70476	98	57	14480	111000	7000	1448	536	308000	40000	90	0	0	0	0	0
73.037694	1	71	71	0	18883	5907	12976	14345
74.081571	2	72	5	1	0	0	71520	98	57	14480	113000	16000	1448	536	312000	40000	90	0	0	0	0	0
74.081657	1	72	72	0	18883	5907	12976	14345
75.125593	2	73	5	1	0	0	72564	98	57	14480	113000	16000	1448	536	312000	40000	90	0	0	0	0	0
75.125687	1	73	73	0	18883	5907	12976	14345
76.169422	2	74	5	1	0	0	73608	99	57	14480	113000	16000	1448	536	312000	40000	90	0	0	0	0	0
76.169512	1	74	74	0	18883	5907	12976	14345
77.004598	2	75	5	1	0	4	74444	99	57	14480	112500	17000	1448	536	312000	40000	90	0	0	0	0	0
77.004719	1	75	75	0	18883	5907	12976	14345
78.048574	2	76	5	1	0	4	75488	99	57	14480	112500	17000	1448	536	312000	40000	90	0	0	0	0	0
78.048667	1	76	76	0	18883	5907	12976	14345
79.092526	2	77	5	1	0	0	76528	99	57	14480	112500	17000	1448	536	312000	40000	90	0	0	0	0	0
79.092618	1	77	77	0	18883	5907	12976	14345
80.136404	2	78	5	1	0	0	77572	100	57	14480	112500	17000	1448	536	312000	40000	90	0	0	0	0	0
80.136498	1	78	78	0	18883	5907	12976	14345
81.180306	2	79	5	1	0	0	78616	100	57	14480	112500	17000	1448	536	312000	40000	90	0	0	0	0	0
81.180401	1	79	79	0	18883	5907	12976	14345
82.015451	2	80	5	1	0	0	79452	100	57	14480	112500	17000	1448	536	312000	40000	90	0	0	0	0	0
82.015543	1	80	80	0	18883	5907	12976	14345
83.059355	2	81	5	1	0	0	80496	101	57	14480	112500	17000	1448	536	312000	40000	90	0	0	0	0	0
83.059447	1	81	81	0	18883	5907	12976	14345
84.103239	2	82	5	1	0	0	81540	101	57	14480	112500	17000	1448	536	312000	40000	90	0	0	0	0	0
84.103326	1	82	82	0	18883	5907	12976	14345
85.147301	2	83	5	1	0	0	82584	101	57	14480	112000	17000	1448	536	312000	40000	90	0	0	0	0	0
85.147730	1	83	83	0	18883	5907	12976	14345
86.191224	2	84	5	1	0	0	83628	101	57	14480	112500	17000	1448	536	312000	40000	90	0	0	0	0	0
86.191310	1	84	84	0	18883	5907	12976	14345
87.026385	2	85	5	1	0	0	84464	102	57	14480	112000	17000	1448	536	312000	40000	90	0	0	0	0	0
87.026474	1	85	85	0	18883	5907	12976	14345
88.070338	2	86	5	1	0	0	85508	102	57	14480	112000	17000	1448	536	312000	40000	90	0	0	0	0	0
88.070430	1	86	86	0	18883	5907	12976	14345
89.114307	2	87	5	1	0	0	86552	102	57	14480	112000	17000	1448	536	312000	40000	90	0	0	0	0	0
89.114400	1	87	87	0	18883	5907	12976	14345
90.158209	2	88	5	1	0	0	87596	103	57	14480	112500	17000	1448	536	312000	40000	90	0	0	0	0	0
90.158303	1	88	88	0	18883	5907	12976	14345
91.004595	2	89	5	1	0	4	88444	103	57	14480	113000	17000	1448	536	312000	40000	103	0	0	0	0	0
91.004761	1	89	89	0	18883	5907	12976	14345
92.037315	2	90	5	1	0	0	89476	103	57	14480	112500	17000	1448	536	312000	40000	90	0	0	0	0	0
92.037404	1	90	90	0	18883	5907	12976	14345
93.081221	2	91	5	1	0	0	90520	103	57	14480	112500	17000	1448	536	312000	40000	90	0	0	0	0	0
93.081314	1	91	91	0	18883	5907	12976	14345
94.125179	2	92	5	1	0	0	91564	104	57	14480	113000	17000	1448	536	312000	40000	90	0	0	0	0	0
94.125268	1	92	92	0	18883	5907	12976	14345
95.169045	2	93	5	1	0	0	92608	104	57	14480	113000	17000	1448	536	312000	40000	90	0	0	0	0	0
95.169136	1	93	93	0	18883	5907	12976	14345
96.004287	2	94	5	1	0	0	93440	104	57	14480	112000	18000	1448	536	312000	40000	90	0	0	0	0	0
96.004363	1	94	94	0	18883	5907	12976	14345
97.048224	2	95	5	1	0	0	94484	104	57	14480	112000	18000	1448	536	312000	40000	90	0	0	0	0	0
97.048316	1	95	95	0	18883	5907	12976	14345
98.005268	2	96	5	1	0	0	95444	105	57	14480	120000	11000	1448	536	320000	40000	90	0	0	0	0	0
98.005360	1	96	96	0	18883	5907	12976	14345
99.101625	2	97	5	1	0	0	96540	105	57	14480	120000	11000	1448	536	320000	40000	90	0	0	0	0	0
99.101719	1	97	97	0	18883	5907	12976	14345
100.041424	2	98	5	1	0	0	97480	105	57	14480	120000	11000	1448	536	320000	40000	90	0	0	0	0	0
100.041517	1	98	98	0	18883	5907	12976	14345
101.139023	2	99	5	1	0	0	98576	106	57	14480	118000	8000	1448	536	316000	40000	90	0	0	0	0	0
101.139111	1	99	99	0	18883	5907	12976	14345
102.078987	2	100	5	1	0	0	99516	106	57	14480	118000	8000	1448	536	316000	40000	90	0	0	0	0	0
102.079076	1	100	100	0	18883	5907	12976	14345
103.019187	2	101	5	1	0	0	100456	106	57	14480	118000	8000	1448	536	316000	40000	90	0	0	0	0	0
103.019281	1	101	101	0	18883	5907	12976	14345
104.117220	2	102	5	1	0	0	101556	107	57	14480	120500	11000	1448	536	320000	40000	90	0	0	0	0	0
104.117308	1	102	102	0	18883	5907	12976	14345
105.056944	2	103	5	1	0	0	102496	107	57	14480	120000	10000	1448	536	320000	40000	90	0	0	0	0	0
105.057037	1	103	103	0	18883	5907	12976	14345
106.004605	2	104	5	1	0	0	103444	107	57	14480	120500	11000	1448	536	320000	40000	107	0	0	0	0	0
106.004701	1	104	104	0	18883	5907	12976	14345
107.095046	2	105	5	1	0	0	104532	108	57	14480	118000	10000	1448	536	316000	40000	90	0	0	0	0	0
107.095140	1	105	105	0	18883	5907	12976	14345
108.035062	2	106	5	1	0	0	105472	108	57	14480	118000	10000	1448	536	316000	40000	90	0	0	0	0	0
108.035155	1	106	106	0	18883	5907	12976	14345
109.131691	2	107	5	1	0	0	106568	109	57	14480	119500	10000	1448	536	316000	40000	90	0	0	0	0	0
109.131785	1	107	107	0	18883	5907	12976	14345
110.072977	2	108	5	1	0	0	107512	109	57	14480	121000	12000	1448	536	320000	40000	90	0	0	0	0	0
110.073066	1	108	108	0	18883	5907	12976	14345
111.013290	2	109	5	1	0	0	108452	109	57	14480	121000	12000	1448	536	320000	40000	90	0	0	0	0	0
111.013383	1	109	109	0	18883	5907	12976	14345
112.111195	2	110	5	1	0	0	109548	110	57	14480	117500	11000	1448	536	316000	40000	90	0	0	0	0	0
112.111287	1	110	110	0	18883	5907	12976	14345
113.051228	2	111	5	1	0	0	110488	110	57	14480	116500	11000	1448	536	316000	40000	90	0	0	0	0	0
113.051323	1	111	111	0	18883	5907	12976	14345
114.148222	2	112	5	1	0	0	111584	110	57	14480	120500	14000	1448	536	320000	40000	90	0	0	0	0	0
114.148316	1	112	112	0	18883	5907	12976	14345
115.089240	2	113	5	1	0	0	112528	111	57	14480	121500	14000	1448	536	320000	40000	90	0	0	0	0	0
115.089334	1	113	113	0	18883	5907	12976	14345
116.029299	2	114	5	1	0	0	113468	111	57	14480	121000	15000	1448	536	320000	40000	90	0	0	0	0	0
116.029392	1	114	114	0	18883	5907	12976	14345
117.126090	2	115	5	1	0	0	114564	111	57	14480	117500	12000	1448	536	316000	40000	90	0	0	0	0	0
117.126184	1	115	115	0	18883	5907	12976	14345
118.067181	2	116	5	1	0	0	115504	112	57	14480	115500	12000	1448	536	312000	40000	90	0	0	0	0	0
118.067276	1	116	116	0	18883	5907	12976	14345
119.006926	2	117	5	1	0	0	116444	112	57	14480	121000	14000	1448	536	320000	40000	90	0	0	0	0	0
119.007019	1	117	117	0	18883	5907	12976	14345
120.103364	2	118	5	1	0	0	117540	112	57	14480	121000	14000	1448	536	320000	40000	90	0	0	0	0	0
120.103455	1	118	118	0	18883	5907	12976	14345
121.043080	2	119	5	1	0	0	118480	112	57	14480	121000	14000	1448	536	320000	40000	90	0	0	0	0	0
121.043253	1	119	119	0	18883	5907	12976	14345
122.140234	2	120	5	1	0	0	119576	113	57	14480	120500	13000	1448	536	320000	40000	113	0	0	0	0	0
122.140323	1	120	120	0	18883	5907	12976	14345
123.079791	2	121	5	1	0	0	120516	113	57	14480	121500	14000	1448	536	320000	40000	113	0	0	0	0	0
123.079885	1	121	121	0	18883	5907	12976	14345
124.019193	2	122	5	1	0	0	121456	113	57	14480	121500	16000	1448	536	320000	40000	113	0	0	0	0	0
124.019279	1	122	122	0	18883	5907	12976	14345
125.115159	2	123	5	1	0	0	122552	113	57	14480	121500	16000	1448	536	320000	40000	113	0	0	0	0	0
125.115252	1	123	123	0	18883	5907	12976	14345
125.434586	3	1	5	10.1.1.1	45207	htdocs/file.txt
