protocol: 5
domain: yeah_10Mbps_1ms
start-time: 1424597647
sender-id: 3
app-name: tinyhttpd
schema: 0 _experiment_metadata subject:string key:string value:string 
schema: 1 _client_instrumentation measurements_injected:uint32 measurements_dropped:uint32 bytes_allocated:uint64 bytes_freed:uint64 bytes_in_use:uint64 bytes_max:uint64 
schema: 2 tinyhttpd_tcp socket:int32 state:int32 ca_state:int32 last_data_sent:int32 last_data_recv:int32 snd_cwnd:int32 snd_ssthresh:int32 rcv_ssthresh:int32 rtt:int32 rttvar:int32 snd_mss:int32 rcv_mss:int32 rto:int32 ato:int32 unacked:int32 sacked:int32 lost:int32 retrans:int32 fackets:int32 total_retrans:int32 
schema: 3 tinyhttpd_peer socket:int32 ip:string port:int32 file:string 
content: text

5.050390	2	1	5	1	0	0	656	58	57	14480	57500	10000	1448	536	268000	40000	58	0	0	0	0	0
5.050975	1	1	1	0	18883	5907	12976	14345
6.094869	2	2	5	1	0	0	1700	58	57	14480	64500	15000	1448	536	276000	40000	58	0	0	0	0	0
6.094961	1	2	2	0	18883	5907	12976	14345
7.139363	2	3	5	1	0	0	2744	59	57	14480	64500	16000	1448	536	276000	40000	59	0	0	0	0	0
7.139463	1	3	3	0	18883	5907	12976	14345
8.027157	2	4	5	1	0	0	3632	59	57	14480	63000	12000	1448	536	272000	40000	45	0	0	0	0	0
8.027240	1	4	4	0	18883	5907	12976	14345
9.071229	2	5	5	1	0	0	4676	60	57	14480	63000	14000	1448	536	272000	40000	45	0	0	0	0	0
9.071317	1	5	5	0	18883	5907	12976	14345
10.010790	2	6	5	1	0	0	5616	60	57	14480	66000	15000	1448	536	276000	40000	60	0	0	0	0	0
10.010874	1	6	6	0	18883	5907	12976	14345
11.002460	2	7	5	1	0	0	6608	61	57	14480	67000	17000	1448	536	276000	40000	61	0	0	0	0	0
11.002550	1	7	7	0	18883	5907	12976	14345
12.128523	2	8	5	1	0	0	7732	70	57	14480	77500	6000	1448	536	288000	40000	70	0	0	0	0	0
12.128615	1	8	8	0	18883	5907	12976	14345
13.068636	2	9	5	1	0	0	8676	70	57	14480	80500	7000	1448	536	292000	40000	70	0	0	0	0	0
13.068721	1	9	9	0	18883	5907	12976	14345
14.009985	2	10	5	1	0	0	9616	71	57	14480	80500	8000	1448	536	292000	40000	71	0	0	0	0	0
14.010078	1	10	10	0	18883	5907	12976	14345
15.106921	2	11	5	1	0	0	10712	71	57	14480	80500	7000	1448	536	292000	40000	71	0	0	0	0	0
15.107004	1	11	11	0	18883	5907	12976	14345
16.079442	2	12	5	1	0	0	11684	72	57	14480	80500	9000	1448	536	292000	40000	72	0	0	0	0	0
16.079535	1	12	12	0	18883	5907	12976	14345
17.009317	2	13	5	1	0	0	12616	72	57	14480	81000	8000	1448	536	292000	40000	63	0	0	0	0	0
17.009405	1	13	13	0	18883	5907	12976	14345
18.053989	2	14	5	1	0	0	13660	73	57	14480	80500	10000	1448	536	292000	40000	62	0	0	0	0	0
18.054079	1	14	14	0	18883	5907	12976	14345
19.098641	2	15	5	1	0	0	14704	73	57	14480	80500	10000	1448	536	292000	40000	62	0	0	0	0	0
19.098725	1	15	15	0	18883	5907	12976	14345
20.004597	2	16	5	1	0	4	15612	74	57	14480	81000	11000	1448	536	292000	40000	74	0	0	0	0	0
20.004685	1	16	16	0	18883	5907	12976	14345
21.046434	2	17	5	1	0	0	16652	74	57	14480	81500	12000	1448	536	292000	40000	74	0	0	0	0	0
21.046522	1	17	17	0	18883	5907	12976	14345
22.023623	2	18	5	1	0	0	17628	75	57	14480	82000	13000	1448	536	292000	40000	60	0	0	0	0	0
22.023715	1	18	18	0	18883	5907	12976	14345
23.120523	2	19	5	1	0	0	18724	75	57	14480	82500	9000	1448	536	292000	40000	60	0	0	0	0	0
23.120612	1	19	19	0	18883	5907	12976	14345
24.060752	2	20	5	1	0	0	19668	76	57	14480	83000	10000	1448	536	292000	40000	59	0	0	0	0	0
24.060844	1	20	20	0	18883	5907	12976	14345
25.004597	2	21	5	1	0	4	20612	76	57	14480	83500	10000	1448	536	292000	40000	59	0	0	0	0	0
25.004672	1	21	21	0	18883	5907	12976	14345
26.097812	2	22	5	1	0	0	21704	77	57	14480	83000	9000	1448	536	292000	40000	58	0	0	0	0	0
26.097905	1	22	22	0	18883	5907	12976	14345
27.038260	2	23	5	1	0	0	22644	77	57	14480	83000	9000	1448	536	292000	40000	58	0	0	0	0	0
27.038350	1	23	23	0	18883	5907	12976	14345
28.134824	2	24	5	1	0	0	23740	78	57	14480	83000	9000	1448	536	292000	40000	57	0	0	0	0	0
28.134917	1	24	24	0	18883	5907	12976	14345
29.075477	2	25	5	1	0	0	24680	78	57	14480	83000	10000	1448	536	292000	40000	57	0	0	0	0	0
29.075562	1	25	25	0	18883	5907	12976	14345
30.015127	2	26	5	1	0	0	25620	79	57	14480	83500	9000	1448	536	292000	40000	56	0	0	0	0	0
30.015212	1	26	26	0	18883	5907	12976	14345
31.112055	2	27	5	1	0	0	26716	79	57	14480	83500	10000	1448	536	292000	40000	56	0	0	0	0	0
31.112232	1	27	27	0	18883	5907	12976	14345
32.052221	2	28	5	1	0	0	27656	80	57	14480	84000	9000	1448	536	296000	40000	55	0	0	0	0	0
32.052311	1	28	28	0	18883	5907	12976	14345
33.004597	2	29	5	1	0	8	28612	80	57	14480	84000	9000	1448	536	296000	40000	80	0	0	0	0	0
33.004679	1	29	29	0	18883	5907	12976	14345
34.089318	2	30	5	1	0	0	29696	81	57	14480	90000	15000	1448	536	300000	40000	63	0	0	0	0	0
34.089409	1	30	30	0	18883	5907	12976	14345
35.029455	2	31	5	1	0	0	30636	81	57	14480	92000	11000	1448	536	304000	40000	63	0	0	0	0	0
35.029544	1	31	31	0	18883	5907	12976	14345
36.126330	2	32	5	1	0	0	31732	82	57	14480	91500	11000	1448	536	300000	40000	61	0	0	0	0	0
36.126423	1	32	32	0	18883	5907	12976	14345
37.066520	2	33	5	1	0	0	32672	82	57	14480	92000	13000	1448	536	304000	40000	61	0	0	0	0	0
37.066612	1	33	33	0	18883	5907	12976	14345
38.006727	2	34	5	1	0	0	33612	82	57	14480	92000	13000	1448	536	304000	40000	61	0	0	0	0	0
38.006808	1	34	34	0	18883	5907	12976	14345
39.103629	2	35	5	1	0	0	34708	83	57	14480	93000	12000	1448	536	304000	40000	59	0	0	0	0	0
39.103718	1	35	35	0	18883	5907	12976	14345
40.043776	2	36	5	1	0	0	35648	83	57	14480	93000	12000	1448	536	304000	40000	59	0	0	0	0	0
40.043868	1	36	36	0	18883	5907	12976	14345
41.133598	2	37	5	1	0	48	36740	84	57	14480	88500	11000	1448	536	300000	40000	78	0	0	0	0	0
41.133691	1	37	37	0	18883	5907	12976	14345
42.060134	2	38	5	1	0	0	37664	84	57	14480	93000	11000	1448	536	304000	40000	84	0	0	0	0	0
42.060227	1	38	38	0	18883	5907	12976	14345
43.003865	2	39	5	1	0	0	38608	85	57	14480	96000	12000	1448	536	308000	40000	85	0	0	0	0	0
43.003941	1	39	39	0	18883	5907	12976	14345
44.112298	2	40	5	1	0	44	39716	85	57	14480	92000	9000	1448	536	304000	40000	80	0	0	0	0	0
44.112390	1	40	40	0	18883	5907	12976	14345
45.044675	2	41	5	1	0	40	40652	86	57	14480	97500	7000	1448	536	308000	40000	74	0	0	0	0	0
45.044763	1	41	41	0	18883	5907	12976	14345
46.141873	2	42	5	1	0	40	41748	86	57	14480	97000	7000	1448	536	308000	40000	74	0	0	0	0	0
46.141964	1	42	42	0	18883	5907	12976	14345
47.131132	2	43	5	1	0	0	42736	87	57	14480	95500	10000	1448	536	304000	40000	87	0	0	0	0	0
47.131223	1	43	43	0	18883	5907	12976	14345
48.176013	2	44	5	1	0	0	43780	87	57	14480	98500	9000	1448	536	308000	40000	87	0	0	0	0	0
48.176102	1	44	44	0	18883	5907	12976	14345
49.015224	2	45	5	1	0	36	44620	88	57	14480	99000	7000	1448	536	308000	40000	76	0	0	0	0	0
49.015311	1	45	45	0	18883	5907	12976	14345
50.010266	2	46	5	1	0	40	45616	88	57	14480	99000	7000	1448	536	308000	40000	78	0	0	0	0	0
50.010356	1	46	46	0	18883	5907	12976	14345
51.119006	2	47	5	1	0	0	46724	89	57	14480	98000	8000	1448	536	308000	40000	89	0	0	0	0	0
51.119093	1	47	47	0	18883	5907	12976	14345
52.097507	2	48	5	1	0	40	47704	89	57	14480	100000	5000	1448	536	312000	40000	77	0	0	0	0	0
52.097600	1	48	48	0	18883	5907	12976	14345
53.004593	2	49	5	1	0	8	48612	89	57	14480	101000	6000	1448	536	312000	40000	89	0	0	0	0	0
53.004670	1	49	49	0	18883	5907	12976	14345
54.096384	2	50	5	1	0	0	49700	90	57	14480	104500	3000	1448	536	316000	40000	90	0	0	0	0	0
54.096475	1	50	50	0	18883	5907	12976	14345
55.036682	2	51	5	1	0	0	50644	90	57	14480	105000	4000	1448	536	316000	40000	90	0	0	0	0	0
55.036762	1	51	51	0	18883	5907	12976	14345
56.135502	2	52	5	1	0	0	51740	90	57	14480	107000	3000	1448	536	316000	40000	90	0	0	0	0	0
56.135593	1	52	52	0	18883	5907	12976	14345
57.074491	2	53	5	1	0	0	52680	91	57	14480	114000	15000	1448	536	324000	40000	91	0	0	0	0	0
57.074582	1	53	53	0	18883	5907	12976	14345
58.014099	2	54	5	1	0	0	53620	91	57	14480	120500	23000	1448	536	332000	40000	90	0	0	0	0	0
58.014189	1	54	54	0	18883	5907	12976	14345
59.110073	2	55	5	1	0	0	54716	91	57	14480	122500	25000	1448	536	332000	40000	90	0	0	0	0	0
59.110163	1	55	55	0	18883	5907	12976	14345
60.049699	2	56	5	1	0	0	55656	91	57	14480	122500	26000	1448	536	332000	40000	90	0	0	0	0	0
60.049791	1	56	56	0	18883	5907	12976	14345
61.147008	2	57	5	1	0	0	56752	92	57	14480	119000	18000	1448	536	328000	40000	90	0	0	0	0	0
61.147100	1	57	57	0	18883	5907	12976	14345
62.087138	2	58	5	1	0	0	57692	92	57	14480	114500	17000	1448	536	324000	40000	90	0	0	0	0	0
62.087311	1	58	58	0	18883	5907	12976	14345
63.027359	2	59	5	1	0	0	58632	92	57	14480	114500	17000	1448	536	324000	40000	90	0	0	0	0	0
63.027446	1	59	59	0	18883	5907	12976	14345
64.125251	2	60	5	1	0	0	59732	93	57	14480	114000	17000	1448	536	324000	40000	90	0	0	0	0	0
64.125344	1	60	60	0	18883	5907	12976	14345
65.065631	2	61	5	1	0	0	60672	93	57	14480	114000	17000	1448	536	324000	40000	90	0	0	0	0	0
65.065719	1	61	61	0	18883	5907	12976	14345
66.006644	2	62	5	1	0	0	61612	94	57	14480	113500	16000	1448	536	324000	40000	90	0	0	0	0	0
66.006737	1	62	62	0	18883	5907	12976	14345
67.103571	2	63	5	1	0	0	62708	94	57	14480	113500	16000	1448	536	324000	40000	90	0	0	0	0	0
67.103663	1	63	63	0	18883	5907	12976	14345
68.044297	2	64	5	1	0	0	63648	94	57	14480	113000	16000	1448	536	324000	40000	90	0	0	0	0	0
68.044386	1	64	64	0	18883	5907	12976	14345
69.141915	2	65	5	1	0	0	64748	95	57	14480	113000	15000	1448	536	324000	40000	90	0	0	0	0	0
69.142003	1	65	65	0	18883	5907	12976	14345
70.082121	2	66	5	1	0	0	65688	95	57	14480	112500	15000	1448	536	324000	40000	90	0	0	0	0	0
70.082211	1	66	66	0	18883	5907	12976	14345
71.023472	2	67	5	1	0	0	66628	96	57	14480	113000	16000	1448	536	324000	40000	90	0	0	0	0	0
71.023564	1	67	67	0	18883	5907	12976	14345
72.120229	2	68	5	1	0	0	67724	96	57	14480	113000	15000	1448	536	324000	40000	90	0	0	0	0	0
72.120322	1	68	68	0	18883	5907	12976	14345
73.060566	2	69	5	1	0	4	68668	96	57	14480	112500	17000	1448	536	324000	40000	90	0	0	0	0	0
73.060654	1	69	69	0	18883	5907	12976	14345
74.001784	2	70	5	1	0	0	69608	97	57	14480	112500	16000	1448	536	324000	40000	90	0	0	0	0	0
74.001874	1	70	70	0	18883	5907	12976	14345
75.098736	2	71	5	1	0	0	70704	97	57	14480	112500	16000	1448	536	324000	40000	90	0	0	0	0	0
75.098828	1	71	71	0	18883	5907	12976	14345
76.082818	2	72	5	1	0	0	71688	98	57	14480	111500	14000	1448	536	320000	40000	98	0	0	0	0	0
76.082911	1	72	72	0	18883	5907	12976	14345
77.022776	2	73	5	1	0	0	72628	98	57	14480	112500	16000	1448	536	324000	40000	90	0	0	0	0	0
77.022867	1	73	73	0	18883	5907	12976	14345
78.066853	2	74	5	1	0	0	73672	98	57	14480	112500	17000	1448	536	324000	40000	90	0	0	0	0	0
78.066946	1	74	74	0	18883	5907	12976	14345
79.110911	2	75	5	1	0	0	74716	98	57	14480	112500	17000	1448	536	324000	40000	90	0	0	0	0	0
79.110998	1	75	75	0	18883	5907	12976	14345
80.154958	2	76	5	1	0	0	75760	99	57	14480	113000	17000	1448	536	324000	40000	90	0	0	0	0	0
80.155051	1	76	76	0	18883	5907	12976	14345
81.004592	2	77	5	1	0	8	76612	99	57	14480	112500	17000	1448	536	324000	40000	99	0	0	0	0	0
81.004675	1	77	77	0	18883	5907	12976	14345
82.034329	2	78	5	1	0	0	77640	99	57	14480	112500	17000	1448	536	324000	40000	90	0	0	0	0	0
82.034421	1	78	78	0	18883	5907	12976	14345
83.078403	2	79	5	1	0	0	78684	100	57	14480	112500	17000	1448	536	324000	40000	90	0	0	0	0	0
83.078486	1	79	79	0	18883	5907	12976	14345
84.122468	2	80	5	1	0	0	79728	100	57	14480	112500	17000	1448	536	324000	40000	90	0	0	0	0	0
84.122556	1	80	80	0	18883	5907	12976	14345
85.166566	2	81	5	1	0	0	80772	100	57	14480	112500	17000	1448	536	324000	40000	90	0	0	0	0	0
85.166655	1	81	81	0	18883	5907	12976	14345
86.004598	2	82	5	1	0	4	81612	100	57	14480	113000	16000	1448	536	324000	40000	90	0	0	0	0	0
86.004688	1	82	82	0	18883	5907	12976	14345
87.046236	2	83	5	1	0	0	82652	101	57	14480	112500	17000	1448	536	324000	40000	90	0	0	0	0	0
87.046327	1	83	83	0	18883	5907	12976	14345
88.089998	2	84	5	1	0	0	83696	101	57	14480	112500	17000	1448	536	324000	40000	90	0	0	0	0	0
88.090086	1	84	84	0	18883	5907	12976	14345
89.134080	2	85	5	1	0	0	84740	101	57	14480	112500	17000	1448	536	324000	40000	90	0	0	0	0	0
89.134161	1	85	85	0	18883	5907	12976	14345
90.178235	2	86	5	1	0	0	85784	102	57	14480	112000	17000	1448	536	324000	40000	90	0	0	0	0	0
90.178327	1	86	86	0	18883	5907	12976	14345
91.013362	2	87	5	1	0	0	86620	102	57	14480	112500	16000	1448	536	324000	40000	90	0	0	0	0	0
91.013446	1	87	87	0	18883	5907	12976	14345
92.057410	2	88	5	1	0	0	87664	102	57	14480	112500	16000	1448	536	324000	40000	90	0	0	0	0	0
92.057500	1	88	88	0	18883	5907	12976	14345
93.101682	2	89	5	1	0	0	88708	102	57	14480	112500	16000	1448	536	324000	40000	90	0	0	0	0	0
93.101833	1	89	89	0	18883	5907	12976	14345
94.145727	2	90	5	1	0	0	89752	103	57	14480	112000	16000	1448	536	324000	40000	90	0	0	0	0	0
94.145853	1	90	90	0	18883	5907	12976	14345
95.189737	2	91	5	1	0	0	90796	103	57	14480	112000	16000	1448	536	324000	40000	90	0	0	0	0	0
95.189868	1	91	91	0	18883	5907	12976	14345
96.024988	2	92	5	1	0	0	91632	103	57	14480	113000	18000	1448	536	324000	40000	90	0	0	0	0	0
96.025115	1	92	92	0	18883	5907	12976	14345
97.068795	2	93	5	1	0	0	92676	104	57	14480	113000	18000	1448	536	324000	40000	90	0	0	0	0	0
97.068925	1	93	93	0	18883	5907	12976	14345
98.113157	2	94	5	1	0	0	93720	104	57	14480	113000	17000	1448	536	324000	40000	90	0	0	0	0	0
98.113243	1	94	94	0	18883	5907	12976	14345
99.157139	2	95	5	1	0	0	94764	104	57	14480	113000	17000	1448	536	324000	40000	90	0	0	0	0	0
99.157225	1	95	95	0	18883	5907	12976	14345
100.004604	2	96	5	1	0	8	95612	104	57	14480	112000	18000	1448	536	324000	40000	104	0	0	0	0	0
100.004716	1	96	96	0	18883	5907	12976	14345
101.054104	2	97	5	1	0	0	96660	105	57	14480	119500	11000	1448	536	328000	40000	90	0	0	0	0	0
101.054198	1	97	97	0	18883	5907	12976	14345
102.004599	2	98	5	1	0	4	97612	105	57	14480	120000	11000	1448	536	332000	40000	105	0	0	0	0	0
102.004694	1	98	98	0	18883	5907	12976	14345
103.090325	2	99	5	1	0	0	98696	105	57	14480	120500	11000	1448	536	332000	40000	90	0	0	0	0	0
103.090417	1	99	99	0	18883	5907	12976	14345
104.031297	2	100	5	1	0	0	99636	106	57	14480	120000	11000	1448	536	332000	40000	90	0	0	0	0	0
104.031390	1	100	100	0	18883	5907	12976	14345
105.128123	2	101	5	1	0	0	100732	106	57	14480	118500	9000	1448	536	328000	40000	90	0	0	0	0	0
105.128211	1	101	101	0	18883	5907	12976	14345
106.068199	2	102	5	1	0	0	101672	106	57	14480	118500	8000	1448	536	328000	40000	90	0	0	0	0	0
106.068288	1	102	102	0	18883	5907	12976	14345
107.009587	2	103	5	1	0	0	102616	107	57	14480	119500	9000	1448	536	328000	40000	90	0	0	0	0	0
107.009678	1	103	103	0	18883	5907	12976	14345
108.106494	2	104	5	1	0	0	103712	107	57	14480	120000	9000	1448	536	332000	40000	90	0	0	0	0	0
108.106587	1	104	104	0	18883	5907	12976	14345
109.046415	2	105	5	1	0	0	104652	107	57	14480	119500	10000	1448	536	328000	40000	90	0	0	0	0	0
109.046504	1	105	105	0	18883	5907	12976	14345
110.144659	2	106	5	1	0	0	105752	108	57	14480	118500	9000	1448	536	328000	40000	90	0	0	0	0	0
110.144751	1	106	106	0	18883	5907	12976	14345
111.084767	2	107	5	1	0	0	106692	108	57	14480	118500	9000	1448	536	328000	40000	90	0	0	0	0	0
111.084855	1	107	107	0	18883	5907	12976	14345
112.025018	2	108	5	1	0	0	107632	108	57	14480	118500	11000	1448	536	328000	40000	90	0	0	0	0	0
112.025111	1	108	108	0	18883	5907	12976	14345
113.123005	2	109	5	1	0	0	108728	109	57	14480	120500	12000	1448	536	332000	40000	90	0	0	0	0	0
113.123096	1	109	109	0	18883	5907	12976	14345
114.063011	2	110	5	1	0	0	109668	109	57	14480	120500	11000	1448	536	332000	40000	90	0	0	0	0	0
114.063097	1	110	110	0	18883	5907	12976	14345
115.003372	2	111	5	1	0	0	110608	109	57	14480	120500	10000	1448	536	332000	40000	90	0	0	0	0	0
115.003457	1	111	111	0	18883	5907	12976	14345
116.101478	2	112	5	1	0	0	111708	110	57	14480	117500	11000	1448	536	328000	40000	90	0	0	0	0	0
116.101570	1	112	112	0	18883	5907	12976	14345
117.041627	2	113	5	1	0	0	112648	110	57	14480	117500	11000	1448	536	328000	40000	90	0	0	0	0	0
117.041719	1	113	113	0	18883	5907	12976	14345
118.138422	2	114	5	1	0	0	113744	110	57	14480	120000	12000	1448	536	332000	40000	90	0	0	0	0	0
118.138511	1	114	114	0	18883	5907	12976	14345
119.079670	2	115	5	1	0	0	114684	111	57	14480	120000	12000	1448	536	332000	40000	90	0	0	0	0	0
119.079741	1	115	115	0	18883	5907	12976	14345
120.019845	2	116	5	1	0	0	115624	111	57	14480	120000	13000	1448	536	332000	40000	90	0	0	0	0	0
120.019966	1	116	116	0	18883	5907	12976	14345
121.116691	2	117	5	1	0	0	116724	112	57	14480	117000	11000	1448	536	328000	40000	90	0	0	0	0	0
121.116781	1	117	117	0	18883	5907	12976	14345
122.057921	2	118	5	1	0	0	117664	112	57	14480	121500	16000	1448	536	332000	40000	90	0	0	0	0	0
122.058016	1	118	118	0	18883	5907	12976	14345
123.004610	2	119	5	1	0	0	118612	112	57	14480	121500	16000	1448	536	332000	40000	112	0	0	0	0	0
123.004785	1	119	119	0	18883	5907	12976	14345
124.094234	2	120	5	1	0	0	119700	112	57	14480	121500	16000	1448	536	332000	40000	90	0	0	0	0	0
124.094319	1	120	120	0	18883	5907	12976	14345
125.033958	2	121	5	1	0	0	120640	112	57	14480	121500	16000	1448	536	332000	40000	90	0	0	0	0	0
125.034051	1	121	121	0	18883	5907	12976	14345
126.131404	2	122	5	1	0	0	121736	113	57	14480	121500	15000	1448	536	332000	40000	113	0	0	0	0	0
126.131499	1	122	122	0	18883	5907	12976	14345
127.070858	2	123	5	1	0	0	122676	113	57	14480	121500	16000	1448	536	332000	40000	113	0	0	0	0	0
127.070952	1	123	123	0	18883	5907	12976	14345
127.238457	3	1	5	10.1.1.1	45200	htdocs/file.txt
