6.048018	2	4	5	1	0	0	3260	59	57	14480	63000	12000	1448	536	260000	40000	45	0	0	0	0	0
7.092410	2	5	5	1	0	0	4304	60	57	14480	62500	12000	1448	536	260000	40000	45	0	0	0	0	0
8.032791	2	6	5	1	0	0	5248	60	57	14480	66500	16000	1448	536	264000	40000	60	0	0	0	0	0
9.075868	2	7	5	1	0	0	6288	61	57	14480	66000	17000	1448	536	264000	40000	58	0	0	0	0	0
10.094777	2	8	5	1	0	0	7308	69	57	14480	71500	13000	1448	536	268000	40000	69	0	0	0	0	0
11.141657	2	9	5	1	0	0	8356	70	57	14480	80500	8000	1448	536	280000	40000	70	0	0	0	0	0
12.081697	2	10	5	1	0	0	9296	71	57	14480	80500	7000	1448	536	280000	40000	71	0	0	0	0	0
13.022992	2	11	5	1	0	0	10236	71	57	14480	80000	6000	1448	536	280000	40000	71	0	0	0	0	0
14.046645	2	12	5	1	0	0	11260	72	57	14480	79500	9000	1448	536	276000	40000	72	0	0	0	0	0
15.092417	2	13	5	1	0	0	12304	72	57	14480	81000	10000	1448	536	280000	40000	72	0	0	0	0	0
16.022147	2	14	5	1	0	0	13236	73	57	14480	81500	9000	1448	536	280000	40000	62	0	0	0	0	0
17.066854	2	15	5	1	0	0	14280	73	57	14480	80500	10000	1448	536	280000	40000	62	0	0	0	0	0
18.111398	2	16	5	1	0	0	15324	74	57	14480	80000	11000	1448	536	280000	40000	61	0	0	0	0	0
19.014371	2	17	5	1	0	0	16228	74	57	14480	81000	11000	1448	536	280000	40000	74	0	0	0	0	0
20.096033	2	18	5	1	0	0	17308	75	57	14480	80500	12000	1448	536	280000	40000	60	0	0	0	0	0
21.036095	2	19	5	1	0	0	18248	75	57	14480	82500	9000	1448	536	280000	40000	60	0	0	0	0	0
22.133072	2	20	5	1	0	0	19348	76	57	14480	84000	10000	1448	536	284000	40000	59	0	0	0	0	0
23.073157	2	21	5	1	0	0	20288	76	57	14480	84000	10000	1448	536	284000	40000	59	0	0	0	0	0
24.013270	2	22	5	1	0	0	21228	77	57	14480	83500	9000	1448	536	280000	40000	58	0	0	0	0	0
25.110069	2	23	5	1	0	0	22324	77	57	14480	83000	9000	1448	536	280000	40000	58	0	0	0	0	0
26.050031	2	24	5	1	0	0	23264	78	57	14480	82500	6000	1448	536	280000	40000	57	0	0	0	0	0
27.147015	2	25	5	1	0	0	24360	78	57	14480	83000	10000	1448	536	280000	40000	57	0	0	0	0	0
28.087142	2	26	5	1	0	0	25300	79	57	14480	83500	9000	1448	536	280000	40000	56	0	0	0	0	0
29.027157	2	27	5	1	0	0	26240	79	57	14480	83500	10000	1448	536	280000	40000	56	0	0	0	0	0
30.124114	2	28	5	1	0	0	27336	80	57	14480	84000	9000	1448	536	284000	40000	55	0	0	0	0	0
31.064253	2	29	5	1	0	0	28276	80	57	14480	84000	9000	1448	536	284000	40000	55	0	0	0	0	0
32.004277	2	30	5	1	0	0	29216	81	57	14480	84000	9000	1448	536	284000	40000	55	0	0	0	0	0
33.101057	2	31	5	1	0	0	30316	81	57	14480	93500	14000	1448	536	292000	40000	63	0	0	0	0	0
34.043880	2	32	5	1	0	0	31256	81	57	14480	92500	12000	1448	536	292000	40000	63	0	0	0	0	0
35.137982	2	33	5	1	0	0	32352	82	57	14480	92000	12000	1448	536	292000	40000	61	0	0	0	0	0
36.078189	2	34	5	1	0	0	33292	82	57	14480	92000	12000	1448	536	292000	40000	61	0	0	0	0	0
37.018345	2	35	5	1	0	0	34232	83	57	14480	93000	11000	1448	536	292000	40000	59	0	0	0	0	0
38.115080	2	36	5	1	0	0	35328	83	57	14480	93000	12000	1448	536	292000	40000	59	0	0	0	0	0
39.048063	2	37	5	1	0	44	36260	84	57	14480	90000	8000	1448	536	288000	40000	78	0	0	0	0	0
40.131440	2	38	5	1	0	0	37344	84	57	14480	92000	9000	1448	536	292000	40000	84	0	0	0	0	0
41.075223	2	39	5	1	0	0	38288	85	57	14480	96000	9000	1448	536	296000	40000	85	0	0	0	0	0
42.015282	2	40	5	1	0	0	39228	85	57	14480	94500	8000	1448	536	292000	40000	85	0	0	0	0	0
43.115628	2	41	5	1	0	36	40328	86	57	14480	95000	10000	1448	536	292000	40000	74	0	0	0	0	0
44.056098	2	42	5	1	0	36	41268	86	57	14480	96000	8000	1448	536	296000	40000	74	0	0	0	0	0
45.004610	2	43	5	1	0	0	42220	87	57	14480	97000	7000	1448	536	296000	40000	87	0	0	0	0	0
46.038022	2	44	5	1	0	0	43252	87	57	14480	96000	8000	1448	536	296000	40000	87	0	0	0	0	0
47.004598	2	45	5	1	0	12	44220	88	57	14480	100000	8000	1448	536	300000	40000	88	0	0	0	0	0
48.145041	2	46	5	1	0	0	45360	88	57	14480	97000	8000	1448	536	296000	40000	88	0	0	0	0	0
49.137696	2	47	5	1	0	0	46352	89	57	14480	96500	7000	1448	536	296000	40000	89	0	0	0	0	0
50.117158	2	48	5	1	0	40	47332	89	57	14480	100000	6000	1448	536	300000	40000	78	0	0	0	0	0
51.106248	2	49	5	1	0	36	48320	89	57	14480	99500	6000	1448	536	296000	40000	75	0	0	0	0	0
52.010594	2	50	5	1	0	0	49224	90	57	14480	105000	3000	1448	536	304000	40000	90	0	0	0	0	0
53.107609	2	51	5	1	0	0	50320	90	57	14480	107500	3000	1448	536	304000	40000	90	0	0	0	0	0
54.048646	2	52	5	1	0	0	51264	91	57	14480	113500	15000	1448	536	312000	40000	91	0	0	0	0	0
55.144836	2	53	5	1	0	0	52360	91	57	14480	121000	23000	1448	536	320000	40000	90	0	0	0	0	0
56.084183	2	54	5	1	0	0	53296	91	57	14480	122000	24000	1448	536	320000	40000	90	0	0	0	0	0
57.023642	2	55	5	1	0	0	54236	91	57	14480	122000	25000	1448	536	320000	40000	90	0	0	0	0	0
58.119728	2	56	5	1	0	0	55332	92	57	14480	122000	25000	1448	536	320000	40000	90	0	0	0	0	0
59.060844	2	57	5	1	0	0	56276	92	57	14480	114500	18000	1448	536	312000	40000	90	0	0	0	0	0
60.004599	2	58	5	1	0	4	57220	92	57	14480	114500	18000	1448	536	312000	40000	90	0	0	0	0	0
61.099037	2	59	5	1	0	0	58312	93	57	14480	113500	16000	1448	536	312000	40000	90	0	0	0	0	0
62.039025	2	60	5	1	0	0	59252	93	57	14480	113500	16000	1448	536	312000	40000	90	0	0	0	0	0
63.135906	2	61	5	1	0	0	60348	94	57	14480	113500	16000	1448	536	312000	40000	90	0	0	0	0	0
64.077221	2	62	5	1	0	0	61292	94	57	14480	113500	16000	1448	536	312000	40000	90	0	0	0	0	0
65.017405	2	63	5	1	0	0	62232	94	57	14480	113000	15000	1448	536	312000	40000	90	0	0	0	0	0
66.115269	2	64	5	1	0	0	63328	95	57	14480	113000	14000	1448	536	312000	40000	90	0	0	0	0	0
67.055448	2	65	5	1	0	0	64268	95	57	14480	113000	15000	1448	536	312000	40000	90	0	0	0	0	0
68.004594	2	66	5	1	0	4	65220	95	57	14480	113000	17000	1448	536	312000	40000	95	0	0	0	0	0
69.093476	2	67	5	1	0	0	66308	96	57	14480	112500	15000	1448	536	312000	40000	90	0	0	0	0	0
70.033572	2	68	5	1	0	0	67248	96	57	14480	112500	15000	1448	536	312000	40000	90	0	0	0	0	0
71.131583	2	69	5	1	0	0	68344	97	57	14480	112500	16000	1448	536	312000	40000	90	0	0	0	0	0
72.071740	2	70	5	1	0	0	69284	97	57	14480	112500	16000	1448	536	312000	40000	90	0	0	0	0	0
73.050626	2	71	5	1	0	0	70264	97	57	14480	117500	16000	1448	536	316000	40000	90	0	0	0	0	0
74.000602	2	72	5	1	0	8	71216	98	57	14480	113000	16000	1448	536	312000	40000	90	0	0	0	0	0
75.039693	2	73	5	1	0	0	72252	98	57	14480	113000	17000	1448	536	312000	40000	90	0	0	0	0	0
76.083674	2	74	5	1	0	0	73296	98	57	14480	113000	17000	1448	536	312000	40000	90	0	0	0	0	0
77.127806	2	75	5	1	0	0	74340	99	57	14480	112500	17000	1448	536	312000	40000	90	0	0	0	0	0
78.171712	2	76	5	1	0	0	75384	99	57	14480	112000	18000	1448	536	312000	40000	90	0	0	0	0	0
79.007190	2	77	5	1	0	0	76220	99	57	14480	113000	17000	1448	536	312000	40000	90	0	0	0	0	0
80.051048	2	78	5	1	0	0	77264	100	57	14480	113000	17000	1448	536	312000	40000	90	0	0	0	0	0
81.095206	2	79	5	1	0	0	78308	100	57	14480	112500	17000	1448	536	312000	40000	90	0	0	0	0	0
82.139257	2	80	5	1	0	0	79352	100	57	14480	112500	17000	1448	536	312000	40000	90	0	0	0	0	0
83.183086	2	81	5	1	0	0	80396	100	57	14480	110000	27000	1448	536	308000	40000	90	0	0	0	0	0
84.018224	2	82	5	1	0	0	81232	101	57	14480	112500	17000	1448	536	312000	40000	90	0	0	0	0	0
85.062244	2	83	5	1	0	0	82276	101	57	14480	112500	17000	1448	536	312000	40000	90	0	0	0	0	0
86.106308	2	84	5	1	0	0	83320	101	57	14480	112500	17000	1448	536	312000	40000	90	0	0	0	0	0
87.150457	2	85	5	1	0	0	84364	102	57	14480	112500	17000	1448	536	312000	40000	90	0	0	0	0	0
88.194295	2	86	5	1	0	0	85408	102	57	14480	112000	17000	1448	536	312000	40000	90	0	0	0	0	0
89.036204	2	87	5	1	0	0	86248	102	57	14480	113000	15000	1448	536	312000	40000	90	0	0	0	0	0
90.073518	2	88	5	1	0	0	87288	102	57	14480	112500	16000	1448	536	312000	40000	90	0	0	0	0	0
91.117549	2	89	5	1	0	0	88332	103	57	14480	112500	16000	1448	536	312000	40000	90	0	0	0	0	0
92.161742	2	90	5	1	0	0	89376	103	57	14480	112000	16000	1448	536	312000	40000	90	0	0	0	0	0
93.004604	2	91	5	1	0	0	90220	103	57	14480	112500	17000	1448	536	312000	40000	103	0	0	0	0	0
94.040898	2	92	5	1	0	0	91256	103	57	14480	112500	17000	1448	536	312000	40000	90	0	0	0	0	0
95.084832	2	93	5	1	0	0	92300	104	57	14480	113000	17000	1448	536	312000	40000	90	0	0	0	0	0
96.128801	2	94	5	1	0	0	93344	104	57	14480	113000	17000	1448	536	312000	40000	90	0	0	0	0	0
97.172812	2	95	5	1	0	0	94388	104	57	14480	113000	17000	1448	536	312000	40000	90	0	0	0	0	0
98.129826	2	96	5	1	0	0	95344	105	57	14480	117000	16000	1448	536	316000	40000	90	0	0	0	0	0
99.069652	2	97	5	1	0	0	96284	105	57	14480	120000	11000	1448	536	320000	40000	90	0	0	0	0	0
100.009360	2	98	5	1	0	0	97224	105	57	14480	120000	11000	1448	536	320000	40000	90	0	0	0	0	0
101.105985	2	99	5	1	0	0	98320	105	57	14480	119500	11000	1448	536	316000	40000	90	0	0	0	0	0
102.047405	2	100	5	1	0	0	99260	106	57	14480	120000	9000	1448	536	320000	40000	90	0	0	0	0	0
103.143729	2	101	5	1	0	0	100356	106	57	14480	118500	10000	1448	536	316000	40000	90	0	0	0	0	0
104.083819	2	102	5	1	0	0	101296	106	57	14480	118500	9000	1448	536	316000	40000	90	0	0	0	0	0
105.025151	2	103	5	1	0	0	102240	107	57	14480	119500	10000	1448	536	316000	40000	90	0	0	0	0	0
106.121875	2	104	5	1	0	0	103336	107	57	14480	120500	9000	1448	536	320000	40000	90	0	0	0	0	0
107.062028	2	105	5	1	0	0	104276	108	57	14480	120500	9000	1448	536	320000	40000	90	0	0	0	0	0
108.003287	2	106	5	1	0	0	105216	108	57	14480	119500	11000	1448	536	316000	40000	90	0	0	0	0	0
109.100242	2	107	5	1	0	0	106312	108	57	14480	118000	9000	1448	536	316000	40000	90	0	0	0	0	0
110.041620	2	108	5	1	0	0	107256	109	57	14480	118500	10000	1448	536	316000	40000	90	0	0	0	0	0
111.138270	2	109	5	1	0	0	108352	109	57	14480	119500	12000	1448	536	316000	40000	90	0	0	0	0	0
112.078536	2	110	5	1	0	0	109292	109	57	14480	119500	12000	1448	536	316000	40000	90	0	0	0	0	0
113.019766	2	111	5	1	0	0	110232	110	57	14480	120000	12000	1448	536	320000	40000	90	0	0	0	0	0
114.116690	2	112	5	1	0	0	111332	110	57	14480	118500	11000	1448	536	316000	40000	90	0	0	0	0	0
115.056794	2	113	5	1	0	0	112272	110	57	14480	118000	10000	1448	536	316000	40000	90	0	0	0	0	0
116.004605	2	114	5	1	0	0	113220	111	57	14480	117500	11000	1448	536	316000	40000	111	0	0	0	0	0
117.094936	2	115	5	1	0	0	114308	111	57	14480	120000	12000	1448	536	320000	40000	90	0	0	0	0	0
118.034966	2	116	5	1	0	0	115248	111	57	14480	120000	12000	1448	536	320000	40000	90	0	0	0	0	0
119.132975	2	117	5	1	0	0	116348	112	57	14480	121500	15000	1448	536	320000	40000	90	0	0	0	0	0
120.072600	2	118	5	1	0	4	117288	112	57	14480	121000	15000	1448	536	320000	40000	90	0	0	0	0	0
121.012513	2	119	5	1	0	0	118224	112	57	14480	121000	15000	1448	536	320000	40000	90	0	0	0	0	0
122.108697	2	120	5	1	0	0	119324	112	57	14480	121500	16000	1448	536	320000	40000	90	0	0	0	0	0
123.049794	2	121	5	1	0	0	120264	113	57	14480	121500	16000	1448	536	320000	40000	113	0	0	0	0	0
124.145803	2	122	5	1	0	0	121360	113	57	14480	121500	16000	1448	536	320000	40000	113	0	0	0	0	0
125.084962	2	123	5	1	0	0	122300	113	57	14480	121500	16000	1448	536	320000	40000	113	0	0	0	0	0
