protocol: 5
domain: yeah_500Mbps_200ms
start-time: 1424587500
sender-id: 3
app-name: tinyhttpd
schema: 0 _experiment_metadata subject:string key:string value:string 
schema: 1 _client_instrumentation measurements_injected:uint32 measurements_dropped:uint32 bytes_allocated:uint64 bytes_freed:uint64 bytes_in_use:uint64 bytes_max:uint64 
schema: 2 tinyhttpd_tcp socket:int32 state:int32 ca_state:int32 last_data_sent:int32 last_data_recv:int32 snd_cwnd:int32 snd_ssthresh:int32 rcv_ssthresh:int32 rtt:int32 rttvar:int32 snd_mss:int32 rcv_mss:int32 rto:int32 ato:int32 unacked:int32 sacked:int32 lost:int32 retrans:int32 fackets:int32 total_retrans:int32 
schema: 3 tinyhttpd_peer socket:int32 ip:string port:int32 file:string 
content: text

5.023269	2	1	5	1	0	200	204	10	111	7240	231500	100000	1448	536	724000	40000	5	0	0	0	0	0
5.023536	1	1	1	0	18892	5913	12979	14348
6.027689	2	2	5	1	0	0	1208	20	111	7240	206500	6000	1448	536	488000	40000	14	0	0	0	0	0
6.027779	1	2	2	0	18892	5913	12979	14348
7.032568	2	3	5	1	0	0	2212	34	111	7240	203500	3000	1448	536	424000	40000	24	0	0	0	0	0
7.032654	1	3	3	0	18892	5913	12979	14348
8.038145	2	4	5	1	0	0	3216	44	111	7240	203500	3000	1448	536	412000	40000	44	0	0	0	0	0
8.038218	1	4	4	0	18892	5913	12979	14348
9.242825	2	5	5	1	0	0	4420	59	111	7240	203500	3000	1448	536	412000	40000	41	0	0	0	0	0
9.242919	1	5	5	0	18892	5913	12979	14348
10.057048	2	6	5	1	0	0	5236	72	111	7240	203500	3000	1448	536	412000	40000	72	0	0	0	0	0
10.057138	1	6	6	0	18892	5913	12979	14348
11.263183	2	7	5	1	0	4	6444	90	111	7240	203500	4000	1448	536	412000	40000	90	0	0	0	0	0
11.263274	1	7	7	0	18892	5913	12979	14348
12.067070	2	8	5	1	0	4	7248	106	111	7240	203500	3000	1448	536	412000	40000	90	0	0	0	0	0
12.067141	1	8	8	0	18892	5913	12979	14348
13.280730	2	9	5	1	0	0	8460	115	111	7240	203500	3000	1448	536	412000	40000	90	0	0	0	0	0
13.280813	1	9	9	0	18892	5913	12979	14348
14.088519	2	10	5	1	0	0	9268	119	111	7240	203500	3000	1448	536	412000	40000	119	0	0	0	0	0
14.088604	1	10	10	0	18892	5913	12979	14348
15.294083	2	11	5	1	0	0	10472	124	111	7240	203500	3000	1448	536	412000	40000	124	0	0	0	0	0
15.294171	1	11	11	0	18892	5913	12979	14348
16.129770	2	12	5	1	0	0	11308	128	111	7240	203500	3000	1448	536	412000	40000	90	0	0	0	0	0
16.129848	1	12	12	0	18892	5913	12979	14348
17.327378	2	13	5	1	0	0	12508	133	111	7240	204000	4000	1448	536	416000	40000	133	0	0	0	0	0
17.327466	1	13	13	0	18892	5913	12979	14348
18.164900	2	14	5	1	0	0	13344	137	111	7240	203500	4000	1448	536	412000	40000	137	0	0	0	0	0
18.164976	1	14	14	0	18892	5913	12979	14348
19.176571	2	15	5	1	0	0	14356	142	111	7240	204000	5000	1448	536	416000	40000	135	0	0	0	0	0
19.176661	1	15	15	0	18892	5913	12979	14348
20.176818	2	16	5	1	0	0	15356	147	111	7240	203500	3000	1448	536	412000	40000	135	0	0	0	0	0
20.176899	1	16	16	0	18892	5913	12979	14348
21.180952	2	17	5	1	0	0	16360	153	111	7240	203500	5000	1448	536	412000	40000	135	0	0	0	0	0
21.181043	1	17	17	0	18892	5913	12979	14348
22.007071	2	18	5	1	0	4	17188	158	111	7240	203500	3000	1448	536	412000	40000	156	0	0	0	0	0
22.007145	1	18	18	0	18892	5913	12979	14348
23.012765	2	19	5	1	0	0	18192	165	111	7240	203500	3000	1448	536	412000	40000	135	0	0	0	0	0
23.012849	1	19	19	0	18892	5913	12979	14348
24.053021	2	20	5	1	0	0	19232	171	111	7240	206500	8000	1448	536	416000	40000	88	0	0	0	0	0
24.053105	1	20	20	0	18892	5913	12979	14348
25.068318	2	21	5	1	0	0	20248	176	111	7240	203500	3000	1448	536	412000	40000	135	0	0	0	0	0
25.068404	1	21	21	0	18892	5913	12979	14348
26.092566	2	22	5	1	0	0	21272	181	111	7240	203500	3000	1448	536	412000	40000	135	0	0	0	0	0
26.092659	1	22	22	0	18892	5913	12979	14348
27.124667	2	23	5	1	0	0	22304	185	111	7240	203500	3000	1448	536	412000	40000	135	0	0	0	0	0
27.124747	1	23	23	0	18892	5913	12979	14348
28.156445	2	24	5	1	0	0	23336	189	111	7240	203500	3000	1448	536	412000	40000	135	0	0	0	0	0
28.156522	1	24	24	0	18892	5913	12979	14348
29.188568	2	25	5	1	0	0	24368	192	111	7240	203500	3000	1448	536	412000	40000	135	0	0	0	0	0
29.188656	1	25	25	0	18892	5913	12979	14348
30.012605	2	26	5	1	0	0	25192	194	111	7240	203500	3000	1448	536	412000	40000	135	0	0	0	0	0
30.012676	1	26	26	0	18892	5913	12979	14348
31.036795	2	27	5	1	0	0	26216	197	111	7240	203500	3000	1448	536	412000	40000	135	0	0	0	0	0
31.036888	1	27	27	0	18892	5913	12979	14348
32.068650	2	28	5	1	0	0	27248	200	111	7240	203500	3000	1448	536	412000	40000	135	0	0	0	0	0
32.068732	1	28	28	0	18892	5913	12979	14348
33.100471	2	29	5	1	0	0	28280	202	111	7240	203500	3000	1448	536	412000	40000	135	0	0	0	0	0
33.100563	1	29	29	0	18892	5913	12979	14348
34.132718	2	30	5	1	0	0	29312	204	111	7240	203500	3000	1448	536	412000	40000	135	0	0	0	0	0
34.132796	1	30	30	0	18892	5913	12979	14348
35.157078	2	31	5	1	0	0	30336	206	111	7240	203500	3000	1448	536	412000	40000	135	0	0	0	0	0
35.157165	1	31	31	0	18892	5913	12979	14348
36.188505	2	32	5	1	0	0	31368	208	111	7240	203500	3000	1448	536	412000	40000	135	0	0	0	0	0
36.188596	1	32	32	0	18892	5913	12979	14348
37.012698	2	33	5	1	0	0	32192	209	111	7240	203500	3000	1448	536	412000	40000	135	0	0	0	0	0
37.012783	1	33	33	0	18892	5913	12979	14348
38.044586	2	34	5	1	0	0	33224	211	111	7240	203500	3000	1448	536	412000	40000	135	0	0	0	0	0
38.044692	1	34	34	0	18892	5913	12979	14348
39.076684	2	35	5	1	0	0	34256	212	111	7240	203500	3000	1448	536	412000	40000	135	0	0	0	0	0
39.076769	1	35	35	0	18892	5913	12979	14348
40.100984	2	36	5	1	0	0	35280	213	111	7240	203500	3000	1448	536	412000	40000	135	0	0	0	0	0
40.101068	1	36	36	0	18892	5913	12979	14348
41.132760	2	37	5	1	0	0	36312	215	111	7240	203500	3000	1448	536	412000	40000	135	0	0	0	0	0
41.132853	1	37	37	0	18892	5913	12979	14348
42.164575	2	38	5	1	0	0	37344	216	111	7240	203500	3000	1448	536	412000	40000	135	0	0	0	0	0
42.164656	1	38	38	0	18892	5913	12979	14348
43.007075	2	39	5	1	0	4	38188	216	111	7240	203500	3000	1448	536	412000	40000	169	0	0	0	0	0
43.007166	1	39	39	0	18892	5913	12979	14348
44.020727	2	40	5	1	0	0	39200	217	111	7240	203500	3000	1448	536	412000	40000	135	0	0	0	0	0
44.020804	1	40	40	0	18892	5913	12979	14348
45.045085	2	41	5	1	0	0	40224	218	111	7240	203500	3000	1448	536	412000	40000	135	0	0	0	0	0
45.045179	1	41	41	0	18892	5913	12979	14348
46.076830	2	42	5	1	0	0	41256	219	111	7240	203500	3000	1448	536	412000	40000	135	0	0	0	0	0
46.076924	1	42	42	0	18892	5913	12979	14348
47.108470	2	43	5	1	0	0	42288	219	111	7240	203500	3000	1448	536	412000	40000	135	0	0	0	0	0
47.108560	1	43	43	0	18892	5913	12979	14348
48.140589	2	44	5	1	0	0	43320	219	111	7240	203500	3000	1448	536	412000	40000	135	0	0	0	0	0
48.140671	1	44	44	0	18892	5913	12979	14348
49.164696	2	45	5	1	0	0	44344	220	111	7240	203500	3000	1448	536	412000	40000	135	0	0	0	0	0
49.164814	1	45	45	0	18892	5913	12979	14348
50.196574	2	46	5	1	0	0	45376	220	111	7240	203500	3000	1448	536	412000	40000	135	0	0	0	0	0
50.196658	1	46	46	0	18892	5913	12979	14348
51.020729	2	47	5	1	0	0	46200	221	111	7240	203500	3000	1448	536	412000	40000	135	0	0	0	0	0
51.020821	1	47	47	0	18892	5913	12979	14348
52.052517	2	48	5	1	0	0	47232	221	111	7240	203500	3000	1448	536	412000	40000	135	0	0	0	0	0
52.052599	1	48	48	0	18892	5913	12979	14348
53.084625	2	49	5	1	0	0	48264	221	111	7240	203500	3000	1448	536	412000	40000	135	0	0	0	0	0
53.084716	1	49	49	0	18892	5913	12979	14348
54.108938	2	50	5	1	0	0	49288	221	111	7240	203500	3000	1448	536	412000	40000	135	0	0	0	0	0
54.109025	1	50	50	0	18892	5913	12979	14348
55.188995	2	51	5	1	0	0	50368	221	111	7240	206500	7000	1448	536	416000	40000	135	0	0	0	0	0
55.189087	1	51	51	0	18892	5913	12979	14348
56.007085	2	52	5	1	0	4	51188	221	111	7240	203500	3000	1448	536	412000	40000	135	0	0	0	0	0
56.007177	1	52	52	0	18892	5913	12979	14348
57.036603	2	53	5	1	0	0	52216	221	111	7240	203500	3000	1448	536	412000	40000	135	0	0	0	0	0
57.036693	1	53	53	0	18892	5913	12979	14348
58.068483	2	54	5	1	0	0	53248	221	111	7240	203500	3000	1448	536	412000	40000	135	0	0	0	0	0
58.068571	1	54	54	0	18892	5913	12979	14348
59.092922	2	55	5	1	0	0	54272	221	111	7240	203500	3000	1448	536	412000	40000	135	0	0	0	0	0
59.093003	1	55	55	0	18892	5913	12979	14348
60.124603	2	56	5	1	0	0	55304	221	111	7240	203500	3000	1448	536	412000	40000	135	0	0	0	0	0
60.124689	1	56	56	0	18892	5913	12979	14348
61.156612	2	57	5	1	0	0	56336	221	111	7240	203500	3000	1448	536	412000	40000	135	0	0	0	0	0
61.156794	1	57	57	0	18892	5913	12979	14348
62.180896	2	58	5	1	0	0	57360	221	111	7240	203500	3000	1448	536	412000	40000	135	0	0	0	0	0
62.180971	1	58	58	0	18892	5913	12979	14348
63.004929	2	59	5	1	0	0	58184	221	111	7240	203500	3000	1448	536	412000	40000	135	0	0	0	0	0
63.005015	1	59	59	0	18892	5913	12979	14348
64.036633	2	60	5	1	0	0	59216	221	111	7240	203500	3000	1448	536	412000	40000	135	0	0	0	0	0
64.036705	1	60	60	0	18892	5913	12979	14348
65.068297	2	61	5	1	0	0	60248	221	111	7240	203500	3000	1448	536	412000	40000	135	0	0	0	0	0
65.068390	1	61	61	0	18892	5913	12979	14348
66.100427	2	62	5	1	0	0	61280	221	111	7240	203500	3000	1448	536	412000	40000	135	0	0	0	0	0
66.100521	1	62	62	0	18892	5913	12979	14348
67.124877	2	63	5	1	0	0	62304	221	111	7240	203500	3000	1448	536	412000	40000	135	0	0	0	0	0
67.124966	1	63	63	0	18892	5913	12979	14348
68.156388	2	64	5	1	0	0	63336	221	111	7240	203500	3000	1448	536	412000	40000	135	0	0	0	0	0
68.156473	1	64	64	0	18892	5913	12979	14348
69.188522	2	65	5	1	0	0	64368	221	111	7240	203500	3000	1448	536	412000	40000	135	0	0	0	0	0
69.188600	1	65	65	0	18892	5913	12979	14348
70.012776	2	66	5	1	0	0	65192	221	111	7240	203500	3000	1448	536	412000	40000	135	0	0	0	0	0
70.012856	1	66	66	0	18892	5913	12979	14348
71.044685	2	67	5	1	0	0	66224	221	111	7240	203500	3000	1448	536	412000	40000	135	0	0	0	0	0
71.044777	1	67	67	0	18892	5913	12979	14348
72.069140	2	68	5	1	0	0	67248	221	111	7240	203500	3000	1448	536	412000	40000	135	0	0	0	0	0
72.069233	1	68	68	0	18892	5913	12979	14348
73.100675	2	69	5	1	0	0	68280	221	111	7240	203500	3000	1448	536	412000	40000	135	0	0	0	0	0
73.100765	1	69	69	0	18892	5913	12979	14348
74.132445	2	70	5	1	0	0	69312	221	111	7240	203500	3000	1448	536	412000	40000	135	0	0	0	0	0
74.132515	1	70	70	0	18892	5913	12979	14348
75.164642	2	71	5	1	0	0	70344	221	111	7240	203500	3000	1448	536	412000	40000	135	0	0	0	0	0
75.164727	1	71	71	0	18892	5913	12979	14348
76.188497	2	72	5	1	0	0	71368	221	111	7240	203500	3000	1448	536	412000	40000	135	0	0	0	0	0
76.188589	1	72	72	0	18892	5913	12979	14348
77.012951	2	73	5	1	0	0	72192	221	111	7240	203500	3000	1448	536	412000	40000	135	0	0	0	0	0
77.013040	1	73	73	0	18892	5913	12979	14348
78.044664	2	74	5	1	0	0	73224	221	111	7240	203500	3000	1448	536	412000	40000	135	0	0	0	0	0
78.044751	1	74	74	0	18892	5913	12979	14348
79.076466	2	75	5	1	0	0	74256	221	111	7240	203500	3000	1448	536	412000	40000	135	0	0	0	0	0
79.076551	1	75	75	0	18892	5913	12979	14348
80.108560	2	76	5	1	0	0	75288	221	111	7240	203500	3000	1448	536	412000	40000	135	0	0	0	0	0
80.108642	1	76	76	0	18892	5913	12979	14348
81.133021	2	77	5	1	0	0	76312	221	111	7240	203500	3000	1448	536	412000	40000	135	0	0	0	0	0
81.133114	1	77	77	0	18892	5913	12979	14348
82.164670	2	78	5	1	0	0	77344	221	111	7240	203500	3000	1448	536	412000	40000	135	0	0	0	0	0
82.164754	1	78	78	0	18892	5913	12979	14348
83.196353	2	79	5	1	0	0	78376	221	111	7240	203500	3000	1448	536	412000	40000	135	0	0	0	0	0
83.196447	1	79	79	0	18892	5913	12979	14348
84.020412	2	80	5	1	0	0	79200	221	111	7240	203500	3000	1448	536	412000	40000	135	0	0	0	0	0
84.020487	1	80	80	0	18892	5913	12979	14348
85.052651	2	81	5	1	0	0	80232	221	111	7240	203500	3000	1448	536	412000	40000	135	0	0	0	0	0
85.052741	1	81	81	0	18892	5913	12979	14348
86.076725	2	82	5	1	0	0	81256	221	111	7240	203500	3000	1448	536	412000	40000	135	0	0	0	0	0
86.076809	1	82	82	0	18892	5913	12979	14348
87.108505	2	83	5	1	0	0	82288	221	111	7240	203500	3000	1448	536	412000	40000	135	0	0	0	0	0
87.108597	1	83	83	0	18892	5913	12979	14348
88.140623	2	84	5	1	0	0	83320	221	111	7240	203500	3000	1448	536	412000	40000	135	0	0	0	0	0
88.140704	1	84	84	0	18892	5913	12979	14348
89.172591	2	85	5	1	0	0	84352	221	111	7240	203500	3000	1448	536	412000	40000	135	0	0	0	0	0
89.172679	1	85	85	0	18892	5913	12979	14348
90.007075	2	86	5	1	0	4	85188	221	111	7240	203500	3000	1448	536	412000	40000	175	0	0	0	0	0
90.007157	1	86	86	0	18892	5913	12979	14348
91.020728	2	87	5	1	0	0	86200	221	111	7240	203500	3000	1448	536	412000	40000	135	0	0	0	0	0
91.020821	1	87	87	0	18892	5913	12979	14348
92.052605	2	88	5	1	0	0	87232	221	111	7240	203500	3000	1448	536	412000	40000	135	0	0	0	0	0
92.052772	1	88	88	0	18892	5913	12979	14348
93.084435	2	89	5	1	0	0	88264	221	111	7240	203500	3000	1448	536	412000	40000	135	0	0	0	0	0
93.084513	1	89	89	0	18892	5913	12979	14348
94.116554	2	90	5	1	0	0	89296	221	111	7240	203500	3000	1448	536	412000	40000	135	0	0	0	0	0
94.116630	1	90	90	0	18892	5913	12979	14348
95.140950	2	91	5	1	0	0	90320	221	111	7240	203500	3000	1448	536	412000	40000	135	0	0	0	0	0
95.141038	1	91	91	0	18892	5913	12979	14348
96.181737	2	92	5	1	0	0	91360	221	111	7240	204000	6000	1448	536	416000	40000	135	0	0	0	0	0
96.181829	1	92	92	0	18892	5913	12979	14348
97.007083	2	93	5	1	0	4	92188	221	111	7240	203500	3000	1448	536	412000	40000	135	0	0	0	0	0
97.007175	1	93	93	0	18892	5913	12979	14348
98.036333	2	94	5	1	0	0	93216	221	111	7240	203500	3000	1448	536	412000	40000	135	0	0	0	0	0
98.036404	1	94	94	0	18892	5913	12979	14348
99.068597	2	95	5	1	0	0	94248	221	111	7240	203500	3000	1448	536	412000	40000	135	0	0	0	0	0
99.068687	1	95	95	0	18892	5913	12979	14348
100.092882	2	96	5	1	0	0	95272	221	111	7240	203500	3000	1448	536	412000	40000	135	0	0	0	0	0
100.092961	1	96	96	0	18892	5913	12979	14348
101.149140	2	97	5	1	0	0	96328	221	111	7240	207500	11000	1448	536	416000	40000	89	0	0	0	0	0
101.149230	1	97	97	0	18892	5913	12979	14348
102.120750	2	98	5	1	0	0	97300	221	111	7240	203500	4000	1448	536	412000	40000	135	0	0	0	0	0
102.120832	1	98	98	0	18892	5913	12979	14348
103.152634	2	99	5	1	0	0	98332	221	111	7240	203500	3000	1448	536	412000	40000	135	0	0	0	0	0
103.152722	1	99	99	0	18892	5913	12979	14348
104.184631	2	100	5	1	0	0	99364	221	111	7240	203500	3000	1448	536	412000	40000	135	0	0	0	0	0
104.185054	1	100	100	0	18892	5913	12979	14348
105.008513	2	101	5	1	0	0	100188	221	111	7240	203500	3000	1448	536	412000	40000	135	0	0	0	0	0
105.008595	1	101	101	0	18892	5913	12979	14348
106.040691	2	102	5	1	0	0	101220	221	111	7240	203500	3000	1448	536	412000	40000	135	0	0	0	0	0
106.040780	1	102	102	0	18892	5913	12979	14348
107.064873	2	103	5	1	0	0	102244	221	111	7240	203500	3000	1448	536	412000	40000	135	0	0	0	0	0
107.064963	1	103	103	0	18892	5913	12979	14348
108.096623	2	104	5	1	0	0	103276	221	111	7240	203500	3000	1448	536	412000	40000	135	0	0	0	0	0
108.096694	1	104	104	0	18892	5913	12979	14348
109.128514	2	105	5	1	0	0	104308	221	111	7240	203500	3000	1448	536	412000	40000	135	0	0	0	0	0
109.128606	1	105	105	0	18892	5913	12979	14348
110.160688	2	106	5	1	0	0	105340	221	111	7240	203500	3000	1448	536	412000	40000	135	0	0	0	0	0
110.160763	1	106	106	0	18892	5913	12979	14348
111.184633	2	107	5	1	0	0	106364	221	111	7240	203500	3000	1448	536	412000	40000	135	0	0	0	0	0
111.185055	1	107	107	0	18892	5913	12979	14348
112.009045	2	108	5	1	0	0	107188	221	111	7240	203500	3000	1448	536	412000	40000	135	0	0	0	0	0
112.009121	1	108	108	0	18892	5913	12979	14348
113.040859	2	109	5	1	0	0	108220	221	111	7240	203500	3000	1448	536	412000	40000	135	0	0	0	0	0
113.040945	1	109	109	0	18892	5913	12979	14348
114.072622	2	110	5	1	0	0	109252	221	111	7240	203500	3000	1448	536	412000	40000	135	0	0	0	0	0
114.072696	1	110	110	0	18892	5913	12979	14348
115.104717	2	111	5	1	0	0	110284	221	111	7240	203500	3000	1448	536	412000	40000	135	0	0	0	0	0
115.104806	1	111	111	0	18892	5913	12979	14348
116.128813	2	112	5	1	0	0	111308	221	111	7240	203500	3000	1448	536	412000	40000	135	0	0	0	0	0
116.128905	1	112	112	0	18892	5913	12979	14348
117.160711	2	113	5	1	0	0	112340	221	111	7240	203500	3000	1448	536	412000	40000	135	0	0	0	0	0
117.160804	1	113	113	0	18892	5913	12979	14348
118.192560	2	114	5	1	0	0	113372	221	111	7240	203500	3000	1448	536	412000	40000	135	0	0	0	0	0
118.192635	1	114	114	0	18892	5913	12979	14348
119.016526	2	115	5	1	0	0	114196	221	111	7240	203500	3000	1448	536	412000	40000	135	0	0	0	0	0
119.016606	1	115	115	0	18892	5913	12979	14348
120.048457	2	116	5	1	0	0	115228	221	111	7240	203500	3000	1448	536	412000	40000	135	0	0	0	0	0
120.048539	1	116	116	0	18892	5913	12979	14348
121.072650	2	117	5	1	0	0	116252	221	111	7240	203500	3000	1448	536	412000	40000	135	0	0	0	0	0
121.072742	1	117	117	0	18892	5913	12979	14348
122.104687	2	118	5	1	0	0	117284	221	111	7240	203500	3000	1448	536	412000	40000	135	0	0	0	0	0
122.104872	1	118	118	0	18892	5913	12979	14348
123.136654	2	119	5	1	0	0	118316	221	111	7240	203500	3000	1448	536	412000	40000	135	0	0	0	0	0
123.136747	1	119	119	0	18892	5913	12979	14348
124.160884	2	120	5	1	0	0	119340	221	111	7240	203500	3000	1448	536	412000	40000	135	0	0	0	0	0
124.160969	1	120	120	0	18892	5913	12979	14348
125.007075	2	121	5	1	0	8	120188	221	111	7240	203500	3000	1448	536	412000	40000	173	0	0	0	0	0
125.007168	1	121	121	0	18892	5913	12979	14348
126.016697	2	122	5	1	0	0	121196	221	111	7240	203500	3000	1448	536	412000	40000	135	0	0	0	0	0
126.016779	1	122	122	0	18892	5913	12979	14348
127.048575	2	123	5	1	0	0	122228	221	111	7240	203500	3000	1448	536	412000	40000	135	0	0	0	0	0
127.048666	1	123	123	0	18892	5913	12979	14348
128.080690	2	124	5	1	0	0	123260	221	111	7240	203500	3000	1448	536	412000	40000	135	0	0	0	0	0
128.080775	1	124	124	0	18892	5913	12979	14348
129.105064	2	125	5	1	0	0	124284	221	111	7240	203500	3000	1448	536	412000	40000	135	0	0	0	0	0
129.105156	1	125	125	0	18892	5913	12979	14348
130.136572	2	126	5	1	0	0	125316	221	111	7240	203500	3000	1448	536	412000	40000	135	0	0	0	0	0
130.136660	1	126	126	0	18892	5913	12979	14348
131.168442	2	127	5	1	0	0	126348	222	111	7240	203500	3000	1448	536	412000	40000	135	0	0	0	0	0
131.168531	1	127	127	0	18892	5913	12979	14348
132.017212	2	128	5	1	0	0	127196	222	111	7240	208500	12000	1448	536	420000	40000	85	0	0	0	0	0
132.017296	1	128	128	0	18892	5913	12979	14348
133.032605	2	129	5	1	0	0	128212	222	111	7240	203500	3000	1448	536	412000	40000	135	0	0	0	0	0
133.032696	1	129	129	0	18892	5913	12979	14348
134.056853	2	130	5	1	0	0	129236	222	111	7240	203500	3000	1448	536	412000	40000	135	0	0	0	0	0
134.056937	1	130	130	0	18892	5913	12979	14348
135.088814	2	131	5	1	0	0	130268	222	111	7240	203500	3000	1448	536	412000	40000	135	0	0	0	0	0
135.088906	1	131	131	0	18892	5913	12979	14348
136.120400	2	132	5	1	0	0	131300	222	111	7240	203500	3000	1448	536	412000	40000	135	0	0	0	0	0
136.120492	1	132	132	0	18892	5913	12979	14348
137.152474	2	133	5	1	0	0	132332	222	111	7240	203500	3000	1448	536	412000	40000	135	0	0	0	0	0
137.152566	1	133	133	0	18892	5913	12979	14348
138.176849	2	134	5	1	0	0	133356	222	111	7240	203500	3000	1448	536	412000	40000	135	0	0	0	0	0
138.176926	1	134	134	0	18892	5913	12979	14348
139.007115	2	135	5	1	0	8	134188	222	111	7240	203500	3000	1448	536	412000	40000	135	0	0	0	0	0
139.007206	1	135	135	0	18892	5913	12979	14348
140.032485	2	136	5	1	0	0	135212	222	111	7240	203500	3000	1448	536	412000	40000	135	0	0	0	0	0
140.032558	1	136	136	0	18892	5913	12979	14348
141.064430	2	137	5	1	0	0	136244	222	111	7240	203500	3000	1448	536	412000	40000	135	0	0	0	0	0
141.064522	1	137	137	0	18892	5913	12979	14348
142.096555	2	138	5	1	0	0	137276	222	111	7240	203500	3000	1448	536	412000	40000	135	0	0	0	0	0
142.096643	1	138	138	0	18892	5913	12979	14348
142.507348	3	1	5	10.1.1.1	37013	htdocs/file.txt
