protocol: 5
domain: yeah_500Mbps_100ms
start-time: 1424586838
sender-id: 3
app-name: tinyhttpd
schema: 0 _experiment_metadata subject:string key:string value:string 
schema: 1 _client_instrumentation measurements_injected:uint32 measurements_dropped:uint32 bytes_allocated:uint64 bytes_freed:uint64 bytes_in_use:uint64 bytes_max:uint64 
schema: 2 tinyhttpd_tcp socket:int32 state:int32 ca_state:int32 last_data_sent:int32 last_data_recv:int32 snd_cwnd:int32 snd_ssthresh:int32 rcv_ssthresh:int32 rtt:int32 rttvar:int32 snd_mss:int32 rcv_mss:int32 rto:int32 ato:int32 unacked:int32 sacked:int32 lost:int32 retrans:int32 fackets:int32 total_retrans:int32 
schema: 3 tinyhttpd_peer socket:int32 ip:string port:int32 file:string 
content: text

5.039103	2	1	5	1	0	0	812	27	111	7240	107500	12000	1448	536	436000	40000	21	0	0	0	0	0
5.039736	1	1	1	0	18892	5913	12979	14348
6.047022	2	2	5	1	0	0	1816	51	111	7240	103500	3000	1448	536	312000	40000	51	0	0	0	0	0
6.047094	1	2	2	0	18892	5913	12979	14348
7.067155	2	3	5	1	0	0	2840	79	111	7240	104000	4000	1448	536	316000	40000	79	0	0	0	0	0
7.067245	1	3	3	0	18892	5913	12979	14348
8.076632	2	4	5	1	0	0	3848	112	111	7240	103500	3000	1448	536	312000	40000	90	0	0	0	0	0
8.076745	1	4	4	0	18892	5913	12979	14348
9.017791	2	5	5	1	0	0	4788	121	111	7240	103500	3000	1448	536	312000	40000	90	0	0	0	0	0
9.017870	1	5	5	0	18892	5913	12979	14348
10.118744	2	6	5	1	0	0	5888	131	111	7240	103500	3000	1448	536	312000	40000	131	0	0	0	0	0
10.118830	1	6	6	0	18892	5913	12979	14348
11.071516	2	7	5	1	0	0	6844	140	111	7240	104000	4000	1448	536	316000	40000	135	0	0	0	0	0
11.071602	1	7	7	0	18892	5913	12979	14348
12.003078	2	8	5	1	0	4	7776	151	111	7240	103500	3000	1448	536	312000	40000	142	0	0	0	0	0
12.003164	1	8	8	0	18892	5913	12979	14348
13.012533	2	9	5	1	0	0	8784	162	111	7240	104000	4000	1448	536	316000	40000	135	0	0	0	0	0
13.012620	1	9	9	0	18892	5913	12979	14348
14.068329	2	10	5	1	0	0	9840	176	111	7240	103500	3000	1448	536	312000	40000	135	0	0	0	0	0
14.068404	1	10	10	0	18892	5913	12979	14348
15.016819	2	11	5	1	0	0	10788	184	111	7240	103500	3000	1448	536	312000	40000	135	0	0	0	0	0
15.016910	1	11	11	0	18892	5913	12979	14348
16.080506	2	12	5	1	0	0	11852	191	111	7240	103500	3000	1448	536	312000	40000	135	0	0	0	0	0
16.080585	1	12	12	0	18892	5913	12979	14348
17.037035	2	13	5	1	0	0	12808	197	111	7240	103500	3000	1448	536	312000	40000	135	0	0	0	0	0
17.037125	1	13	13	0	18892	5913	12979	14348
18.092415	2	14	5	1	0	0	13864	202	111	7240	103500	3000	1448	536	312000	40000	135	0	0	0	0	0
18.092528	1	14	14	0	18892	5913	12979	14348
19.048589	2	15	5	1	0	0	14820	205	111	7240	103500	3000	1448	536	312000	40000	135	0	0	0	0	0
19.048672	1	15	15	0	18892	5913	12979	14348
20.003081	2	16	5	1	0	0	15776	209	111	7240	103500	3000	1448	536	312000	40000	155	0	0	0	0	0
20.003168	1	16	16	0	18892	5913	12979	14348
21.061090	2	17	5	1	0	0	16832	211	111	7240	103500	3000	1448	536	312000	40000	135	0	0	0	0	0
21.061180	1	17	17	0	18892	5913	12979	14348
22.008659	2	18	5	1	0	0	17780	214	111	7240	103500	3000	1448	536	312000	40000	135	0	0	0	0	0
22.008739	1	18	18	0	18892	5913	12979	14348
23.072536	2	19	5	1	0	0	18844	216	111	7240	103500	3000	1448	536	312000	40000	135	0	0	0	0	0
23.072621	1	19	19	0	18892	5913	12979	14348
24.028649	2	20	5	1	0	0	19800	217	111	7240	103500	3000	1448	536	312000	40000	135	0	0	0	0	0
24.028729	1	20	20	0	18892	5913	12979	14348
25.084670	2	21	5	1	0	0	20856	219	111	7240	103500	3000	1448	536	312000	40000	135	0	0	0	0	0
25.084763	1	21	21	0	18892	5913	12979	14348
26.040807	2	22	5	1	0	0	21812	220	111	7240	103500	3000	1448	536	312000	40000	135	0	0	0	0	0
26.040891	1	22	22	0	18892	5913	12979	14348
27.003087	2	23	5	1	0	0	22776	220	111	7240	103500	3000	1448	536	312000	40000	172	0	0	0	0	0
27.003176	1	23	23	0	18892	5913	12979	14348
28.052741	2	24	5	1	0	0	23824	221	111	7240	103500	3000	1448	536	312000	40000	135	0	0	0	0	0
28.052822	1	24	24	0	18892	5913	12979	14348
29.008575	2	25	5	1	0	0	24780	221	111	7240	103500	3000	1448	536	312000	40000	135	0	0	0	0	0
29.008663	1	25	25	0	18892	5913	12979	14348
30.064712	2	26	5	1	0	0	25836	221	111	7240	103500	3000	1448	536	312000	40000	135	0	0	0	0	0
30.064903	1	26	26	0	18892	5913	12979	14348
31.020682	2	27	5	1	0	0	26792	221	111	7240	103500	3000	1448	536	312000	40000	135	0	0	0	0	0
31.020773	1	27	27	0	18892	5913	12979	14348
32.069784	2	28	5	1	0	0	27840	221	111	7240	104000	5000	1448	536	316000	40000	135	0	0	0	0	0
32.069859	1	28	28	0	18892	5913	12979	14348
33.024640	2	29	5	1	0	0	28796	221	111	7240	103500	3000	1448	536	312000	40000	135	0	0	0	0	0
33.024727	1	29	29	0	18892	5913	12979	14348
34.080639	2	30	5	1	0	0	29852	221	111	7240	103500	3000	1448	536	312000	40000	135	0	0	0	0	0
34.080721	1	30	30	0	18892	5913	12979	14348
35.036815	2	31	5	1	0	0	30808	221	111	7240	103500	3000	1448	536	312000	40000	135	0	0	0	0	0
35.036908	1	31	31	0	18892	5913	12979	14348
36.003079	2	32	5	1	0	4	31776	221	111	7240	103500	3000	1448	536	312000	40000	175	0	0	0	0	0
36.003165	1	32	32	0	18892	5913	12979	14348
37.048741	2	33	5	1	0	0	32820	221	111	7240	103500	3000	1448	536	312000	40000	135	0	0	0	0	0
37.048827	1	33	33	0	18892	5913	12979	14348
38.004459	2	34	5	1	0	0	33776	221	111	7240	103500	3000	1448	536	312000	40000	135	0	0	0	0	0
38.004538	1	34	34	0	18892	5913	12979	14348
39.061208	2	35	5	1	0	0	34832	221	111	7240	103500	3000	1448	536	312000	40000	135	0	0	0	0	0
39.061301	1	35	35	0	18892	5913	12979	14348
40.016519	2	36	5	1	0	0	35788	221	111	7240	103500	3000	1448	536	312000	40000	135	0	0	0	0	0
40.016600	1	36	36	0	18892	5913	12979	14348
41.080650	2	37	5	1	0	0	36852	221	111	7240	103500	3000	1448	536	312000	40000	135	0	0	0	0	0
41.080742	1	37	37	0	18892	5913	12979	14348
42.028833	2	38	5	1	0	0	37800	221	111	7240	103500	3000	1448	536	312000	40000	135	0	0	0	0	0
42.028905	1	38	38	0	18892	5913	12979	14348
43.092458	2	39	5	1	0	0	38864	221	111	7240	103500	3000	1448	536	312000	40000	135	0	0	0	0	0
43.092546	1	39	39	0	18892	5913	12979	14348
44.048639	2	40	5	1	0	0	39820	221	111	7240	103500	3000	1448	536	312000	40000	135	0	0	0	0	0
44.048720	1	40	40	0	18892	5913	12979	14348
45.003085	2	41	5	1	0	0	40776	221	111	7240	103500	3000	1448	536	312000	40000	155	0	0	0	0	0
45.003175	1	41	41	0	18892	5913	12979	14348
46.060784	2	42	5	1	0	0	41832	221	111	7240	103500	3000	1448	536	312000	40000	135	0	0	0	0	0
46.060869	1	42	42	0	18892	5913	12979	14348
47.016615	2	43	5	1	0	0	42788	221	111	7240	103500	3000	1448	536	312000	40000	135	0	0	0	0	0
47.016720	1	43	43	0	18892	5913	12979	14348
48.072686	2	44	5	1	0	0	43844	221	111	7240	103500	3000	1448	536	312000	40000	135	0	0	0	0	0
48.072770	1	44	44	0	18892	5913	12979	14348
49.028432	2	45	5	1	0	0	44800	221	111	7240	103500	3000	1448	536	312000	40000	135	0	0	0	0	0
49.028521	1	45	45	0	18892	5913	12979	14348
50.084598	2	46	5	1	0	0	45856	221	111	7240	103500	3000	1448	536	312000	40000	135	0	0	0	0	0
50.084676	1	46	46	0	18892	5913	12979	14348
51.040706	2	47	5	1	0	0	46812	221	111	7240	103500	3000	1448	536	312000	40000	135	0	0	0	0	0
51.040789	1	47	47	0	18892	5913	12979	14348
52.003080	2	48	5	1	0	0	47776	221	111	7240	103500	3000	1448	536	312000	40000	172	0	0	0	0	0
52.003155	1	48	48	0	18892	5913	12979	14348
53.052770	2	49	5	1	0	0	48824	221	111	7240	103500	3000	1448	536	312000	40000	135	0	0	0	0	0
53.052859	1	49	49	0	18892	5913	12979	14348
54.008578	2	50	5	1	0	0	49780	221	111	7240	103500	3000	1448	536	312000	40000	135	0	0	0	0	0
54.008655	1	50	50	0	18892	5913	12979	14348
55.064412	2	51	5	1	0	0	50836	221	111	7240	103500	3000	1448	536	312000	40000	135	0	0	0	0	0
55.064505	1	51	51	0	18892	5913	12979	14348
56.020612	2	52	5	1	0	0	51792	221	111	7240	103500	3000	1448	536	312000	40000	135	0	0	0	0	0
56.020702	1	52	52	0	18892	5913	12979	14348
57.076681	2	53	5	1	0	0	52848	221	111	7240	103500	3000	1448	536	312000	40000	135	0	0	0	0	0
57.076766	1	53	53	0	18892	5913	12979	14348
58.032614	2	54	5	1	0	0	53804	221	111	7240	103500	3000	1448	536	312000	40000	135	0	0	0	0	0
58.032694	1	54	54	0	18892	5913	12979	14348
59.088864	2	55	5	1	0	0	54860	221	111	7240	103500	3000	1448	536	312000	40000	135	0	0	0	0	0
59.088955	1	55	55	0	18892	5913	12979	14348
60.044658	2	56	5	1	0	0	55816	221	111	7240	103500	3000	1448	536	312000	40000	135	0	0	0	0	0
60.044735	1	56	56	0	18892	5913	12979	14348
61.003083	2	57	5	1	0	4	56776	221	111	7240	103500	3000	1448	536	312000	40000	135	0	0	0	0	0
61.003266	1	57	57	0	18892	5913	12979	14348
62.056999	2	58	5	1	0	0	57828	221	111	7240	103500	3000	1448	536	312000	40000	135	0	0	0	0	0
62.057079	1	58	58	0	18892	5913	12979	14348
63.012835	2	59	5	1	0	0	58784	221	111	7240	103500	3000	1448	536	312000	40000	135	0	0	0	0	0
63.012923	1	59	59	0	18892	5913	12979	14348
64.076599	2	60	5	1	0	0	59848	221	111	7240	103500	3000	1448	536	312000	40000	135	0	0	0	0	0
64.076683	1	60	60	0	18892	5913	12979	14348
65.024865	2	61	5	1	0	0	60796	221	111	7240	103500	3000	1448	536	312000	40000	135	0	0	0	0	0
65.024953	1	61	61	0	18892	5913	12979	14348
66.088396	2	62	5	1	0	0	61860	221	111	7240	103500	3000	1448	536	312000	40000	135	0	0	0	0	0
66.088487	1	62	62	0	18892	5913	12979	14348
67.044662	2	63	5	1	0	0	62816	221	111	7240	103500	3000	1448	536	312000	40000	135	0	0	0	0	0
67.044751	1	63	63	0	18892	5913	12979	14348
68.003080	2	64	5	1	0	4	63776	221	111	7240	103500	3000	1448	536	312000	40000	135	0	0	0	0	0
68.003162	1	64	64	0	18892	5913	12979	14348
69.056665	2	65	5	1	0	0	64828	221	111	7240	103500	3000	1448	536	312000	40000	135	0	0	0	0	0
69.056758	1	65	65	0	18892	5913	12979	14348
70.012370	2	66	5	1	0	0	65784	221	111	7240	103500	3000	1448	536	312000	40000	135	0	0	0	0	0
70.012454	1	66	66	0	18892	5913	12979	14348
71.068291	2	67	5	1	0	0	66840	221	111	7240	103500	3000	1448	536	312000	40000	135	0	0	0	0	0
71.068384	1	67	67	0	18892	5913	12979	14348
72.024598	2	68	5	1	0	0	67796	221	111	7240	103500	3000	1448	536	312000	40000	135	0	0	0	0	0
72.024674	1	68	68	0	18892	5913	12979	14348
73.080616	2	69	5	1	0	0	68852	221	111	7240	103500	3000	1448	536	312000	40000	135	0	0	0	0	0
73.080708	1	69	69	0	18892	5913	12979	14348
74.037048	2	70	5	1	0	0	69808	221	111	7240	103500	3000	1448	536	312000	40000	135	0	0	0	0	0
74.037131	1	70	70	0	18892	5913	12979	14348
74.475304	3	1	5	10.1.1.1	37010	htdocs/file.txt
