protocol: 5
domain: yeah_10Mbps_2ms
start-time: 1424598249
sender-id: 3
app-name: tinyhttpd
schema: 0 _experiment_metadata subject:string key:string value:string 
schema: 1 _client_instrumentation measurements_injected:uint32 measurements_dropped:uint32 bytes_allocated:uint64 bytes_freed:uint64 bytes_in_use:uint64 bytes_max:uint64 
schema: 2 tinyhttpd_tcp socket:int32 state:int32 ca_state:int32 last_data_sent:int32 last_data_recv:int32 snd_cwnd:int32 snd_ssthresh:int32 rcv_ssthresh:int32 rtt:int32 rttvar:int32 snd_mss:int32 rcv_mss:int32 rto:int32 ato:int32 unacked:int32 sacked:int32 lost:int32 retrans:int32 fackets:int32 total_retrans:int32 
schema: 3 tinyhttpd_peer socket:int32 ip:string port:int32 file:string 
content: text

3.071314	2	1	5	1	0	0	284	47	57	14480	41000	9000	1448	536	240000	40000	47	0	0	0	0	0
3.071939	1	1	1	0	18883	5907	12976	14345
4.116060	2	2	5	1	0	0	1328	58	57	14480	64500	15000	1448	536	264000	40000	58	0	0	0	0	0
4.116150	1	2	2	0	18883	5907	12976	14345
5.004599	2	3	5	1	0	4	2220	59	57	14480	63000	12000	1448	536	260000	40000	45	0	0	0	0	0
5.004682	1	3	3	0	18883	5907	12976	14345
6.048018	2	4	5	1	0	0	3260	59	57	14480	63000	12000	1448	536	260000	40000	45	0	0	0	0	0
6.048100	1	4	4	0	18883	5907	12976	14345
7.092410	2	5	5	1	0	0	4304	60	57	14480	62500	12000	1448	536	260000	40000	45	0	0	0	0	0
7.092496	1	5	5	0	18883	5907	12976	14345
8.032791	2	6	5	1	0	0	5248	60	57	14480	66500	16000	1448	536	264000	40000	60	0	0	0	0	0
8.032876	1	6	6	0	18883	5907	12976	14345
9.075868	2	7	5	1	0	0	6288	61	57	14480	66000	17000	1448	536	264000	40000	58	0	0	0	0	0
9.075958	1	7	7	0	18883	5907	12976	14345
10.094777	2	8	5	1	0	0	7308	69	57	14480	71500	13000	1448	536	268000	40000	69	0	0	0	0	0
10.094868	1	8	8	0	18883	5907	12976	14345
11.141657	2	9	5	1	0	0	8356	70	57	14480	80500	8000	1448	536	280000	40000	70	0	0	0	0	0
11.141747	1	9	9	0	18883	5907	12976	14345
12.081697	2	10	5	1	0	0	9296	71	57	14480	80500	7000	1448	536	280000	40000	71	0	0	0	0	0
12.081789	1	10	10	0	18883	5907	12976	14345
13.022992	2	11	5	1	0	0	10236	71	57	14480	80000	6000	1448	536	280000	40000	71	0	0	0	0	0
13.023065	1	11	11	0	18883	5907	12976	14345
14.046645	2	12	5	1	0	0	11260	72	57	14480	79500	9000	1448	536	276000	40000	72	0	0	0	0	0
14.046770	1	12	12	0	18883	5907	12976	14345
15.092417	2	13	5	1	0	0	12304	72	57	14480	81000	10000	1448	536	280000	40000	72	0	0	0	0	0
15.092500	1	13	13	0	18883	5907	12976	14345
16.022147	2	14	5	1	0	0	13236	73	57	14480	81500	9000	1448	536	280000	40000	62	0	0	0	0	0
16.022240	1	14	14	0	18883	5907	12976	14345
17.066854	2	15	5	1	0	0	14280	73	57	14480	80500	10000	1448	536	280000	40000	62	0	0	0	0	0
17.066938	1	15	15	0	18883	5907	12976	14345
18.111398	2	16	5	1	0	0	15324	74	57	14480	80000	11000	1448	536	280000	40000	61	0	0	0	0	0
18.111487	1	16	16	0	18883	5907	12976	14345
19.014371	2	17	5	1	0	0	16228	74	57	14480	81000	11000	1448	536	280000	40000	74	0	0	0	0	0
19.014464	1	17	17	0	18883	5907	12976	14345
20.096033	2	18	5	1	0	0	17308	75	57	14480	80500	12000	1448	536	280000	40000	60	0	0	0	0	0
20.096123	1	18	18	0	18883	5907	12976	14345
21.036095	2	19	5	1	0	0	18248	75	57	14480	82500	9000	1448	536	280000	40000	60	0	0	0	0	0
21.036186	1	19	19	0	18883	5907	12976	14345
22.133072	2	20	5	1	0	0	19348	76	57	14480	84000	10000	1448	536	284000	40000	59	0	0	0	0	0
22.133165	1	20	20	0	18883	5907	12976	14345
23.073157	2	21	5	1	0	0	20288	76	57	14480	84000	10000	1448	536	284000	40000	59	0	0	0	0	0
23.073234	1	21	21	0	18883	5907	12976	14345
24.013270	2	22	5	1	0	0	21228	77	57	14480	83500	9000	1448	536	280000	40000	58	0	0	0	0	0
24.013362	1	22	22	0	18883	5907	12976	14345
25.110069	2	23	5	1	0	0	22324	77	57	14480	83000	9000	1448	536	280000	40000	58	0	0	0	0	0
25.110154	1	23	23	0	18883	5907	12976	14345
26.050031	2	24	5	1	0	0	23264	78	57	14480	82500	6000	1448	536	280000	40000	57	0	0	0	0	0
26.050122	1	24	24	0	18883	5907	12976	14345
27.147015	2	25	5	1	0	0	24360	78	57	14480	83000	10000	1448	536	280000	40000	57	0	0	0	0	0
27.147107	1	25	25	0	18883	5907	12976	14345
28.087142	2	26	5	1	0	0	25300	79	57	14480	83500	9000	1448	536	280000	40000	56	0	0	0	0	0
28.087226	1	26	26	0	18883	5907	12976	14345
29.027157	2	27	5	1	0	0	26240	79	57	14480	83500	10000	1448	536	280000	40000	56	0	0	0	0	0
29.027335	1	27	27	0	18883	5907	12976	14345
30.124114	2	28	5	1	0	0	27336	80	57	14480	84000	9000	1448	536	284000	40000	55	0	0	0	0	0
30.124205	1	28	28	0	18883	5907	12976	14345
31.064253	2	29	5	1	0	0	28276	80	57	14480	84000	9000	1448	536	284000	40000	55	0	0	0	0	0
31.064343	1	29	29	0	18883	5907	12976	14345
32.004277	2	30	5	1	0	0	29216	81	57	14480	84000	9000	1448	536	284000	40000	55	0	0	0	0	0
32.004369	1	30	30	0	18883	5907	12976	14345
33.101057	2	31	5	1	0	0	30316	81	57	14480	93500	14000	1448	536	292000	40000	63	0	0	0	0	0
33.101144	1	31	31	0	18883	5907	12976	14345
34.043880	2	32	5	1	0	0	31256	81	57	14480	92500	12000	1448	536	292000	40000	63	0	0	0	0	0
34.043970	1	32	32	0	18883	5907	12976	14345
35.137982	2	33	5	1	0	0	32352	82	57	14480	92000	12000	1448	536	292000	40000	61	0	0	0	0	0
35.138064	1	33	33	0	18883	5907	12976	14345
36.078189	2	34	5	1	0	0	33292	82	57	14480	92000	12000	1448	536	292000	40000	61	0	0	0	0	0
36.078278	1	34	34	0	18883	5907	12976	14345
37.018345	2	35	5	1	0	0	34232	83	57	14480	93000	11000	1448	536	292000	40000	59	0	0	0	0	0
37.018436	1	35	35	0	18883	5907	12976	14345
38.115080	2	36	5	1	0	0	35328	83	57	14480	93000	12000	1448	536	292000	40000	59	0	0	0	0	0
38.115169	1	36	36	0	18883	5907	12976	14345
39.048063	2	37	5	1	0	44	36260	84	57	14480	90000	8000	1448	536	288000	40000	78	0	0	0	0	0
39.048152	1	37	37	0	18883	5907	12976	14345
40.131440	2	38	5	1	0	0	37344	84	57	14480	92000	9000	1448	536	292000	40000	84	0	0	0	0	0
40.131530	1	38	38	0	18883	5907	12976	14345
41.075223	2	39	5	1	0	0	38288	85	57	14480	96000	9000	1448	536	296000	40000	85	0	0	0	0	0
41.075312	1	39	39	0	18883	5907	12976	14345
42.015282	2	40	5	1	0	0	39228	85	57	14480	94500	8000	1448	536	292000	40000	85	0	0	0	0	0
42.015376	1	40	40	0	18883	5907	12976	14345
43.115628	2	41	5	1	0	36	40328	86	57	14480	95000	10000	1448	536	292000	40000	74	0	0	0	0	0
43.115714	1	41	41	0	18883	5907	12976	14345
44.056098	2	42	5	1	0	36	41268	86	57	14480	96000	8000	1448	536	296000	40000	74	0	0	0	0	0
44.056192	1	42	42	0	18883	5907	12976	14345
45.004610	2	43	5	1	0	0	42220	87	57	14480	97000	7000	1448	536	296000	40000	87	0	0	0	0	0
45.004703	1	43	43	0	18883	5907	12976	14345
46.038022	2	44	5	1	0	0	43252	87	57	14480	96000	8000	1448	536	296000	40000	87	0	0	0	0	0
46.038114	1	44	44	0	18883	5907	12976	14345
47.004598	2	45	5	1	0	12	44220	88	57	14480	100000	8000	1448	536	300000	40000	88	0	0	0	0	0
47.004695	1	45	45	0	18883	5907	12976	14345
48.145041	2	46	5	1	0	0	45360	88	57	14480	97000	8000	1448	536	296000	40000	88	0	0	0	0	0
48.145132	1	46	46	0	18883	5907	12976	14345
49.137696	2	47	5	1	0	0	46352	89	57	14480	96500	7000	1448	536	296000	40000	89	0	0	0	0	0
49.137788	1	47	47	0	18883	5907	12976	14345
50.117158	2	48	5	1	0	40	47332	89	57	14480	100000	6000	1448	536	300000	40000	78	0	0	0	0	0
50.117250	1	48	48	0	18883	5907	12976	14345
51.106248	2	49	5	1	0	36	48320	89	57	14480	99500	6000	1448	536	296000	40000	75	0	0	0	0	0
51.106339	1	49	49	0	18883	5907	12976	14345
52.010594	2	50	5	1	0	0	49224	90	57	14480	105000	3000	1448	536	304000	40000	90	0	0	0	0	0
52.010687	1	50	50	0	18883	5907	12976	14345
53.107609	2	51	5	1	0	0	50320	90	57	14480	107500	3000	1448	536	304000	40000	90	0	0	0	0	0
53.107695	1	51	51	0	18883	5907	12976	14345
54.048646	2	52	5	1	0	0	51264	91	57	14480	113500	15000	1448	536	312000	40000	91	0	0	0	0	0
54.048738	1	52	52	0	18883	5907	12976	14345
55.144836	2	53	5	1	0	0	52360	91	57	14480	121000	23000	1448	536	320000	40000	90	0	0	0	0	0
55.144929	1	53	53	0	18883	5907	12976	14345
56.084183	2	54	5	1	0	0	53296	91	57	14480	122000	24000	1448	536	320000	40000	90	0	0	0	0	0
56.084276	1	54	54	0	18883	5907	12976	14345
57.023642	2	55	5	1	0	0	54236	91	57	14480	122000	25000	1448	536	320000	40000	90	0	0	0	0	0
57.023736	1	55	55	0	18883	5907	12976	14345
58.119728	2	56	5	1	0	0	55332	92	57	14480	122000	25000	1448	536	320000	40000	90	0	0	0	0	0
58.119819	1	56	56	0	18883	5907	12976	14345
59.060844	2	57	5	1	0	0	56276	92	57	14480	114500	18000	1448	536	312000	40000	90	0	0	0	0	0
59.060929	1	57	57	0	18883	5907	12976	14345
60.004599	2	58	5	1	0	4	57220	92	57	14480	114500	18000	1448	536	312000	40000	90	0	0	0	0	0
60.004773	1	58	58	0	18883	5907	12976	14345
61.099037	2	59	5	1	0	0	58312	93	57	14480	113500	16000	1448	536	312000	40000	90	0	0	0	0	0
61.099127	1	59	59	0	18883	5907	12976	14345
62.039025	2	60	5	1	0	0	59252	93	57	14480	113500	16000	1448	536	312000	40000	90	0	0	0	0	0
62.039140	1	60	60	0	18883	5907	12976	14345
63.135906	2	61	5	1	0	0	60348	94	57	14480	113500	16000	1448	536	312000	40000	90	0	0	0	0	0
63.136035	1	61	61	0	18883	5907	12976	14345
64.077221	2	62	5	1	0	0	61292	94	57	14480	113500	16000	1448	536	312000	40000	90	0	0	0	0	0
64.077313	1	62	62	0	18883	5907	12976	14345
65.017405	2	63	5	1	0	0	62232	94	57	14480	113000	15000	1448	536	312000	40000	90	0	0	0	0	0
65.017498	1	63	63	0	18883	5907	12976	14345
66.115269	2	64	5	1	0	0	63328	95	57	14480	113000	14000	1448	536	312000	40000	90	0	0	0	0	0
66.115354	1	64	64	0	18883	5907	12976	14345
67.055448	2	65	5	1	0	0	64268	95	57	14480	113000	15000	1448	536	312000	40000	90	0	0	0	0	0
67.055538	1	65	65	0	18883	5907	12976	14345
68.004594	2	66	5	1	0	4	65220	95	57	14480	113000	17000	1448	536	312000	40000	95	0	0	0	0	0
68.004689	1	66	66	0	18883	5907	12976	14345
69.093476	2	67	5	1	0	0	66308	96	57	14480	112500	15000	1448	536	312000	40000	90	0	0	0	0	0
69.093567	1	67	67	0	18883	5907	12976	14345
70.033572	2	68	5	1	0	0	67248	96	57	14480	112500	15000	1448	536	312000	40000	90	0	0	0	0	0
70.033664	1	68	68	0	18883	5907	12976	14345
71.131583	2	69	5	1	0	0	68344	97	57	14480	112500	16000	1448	536	312000	40000	90	0	0	0	0	0
71.131670	1	69	69	0	18883	5907	12976	14345
72.071740	2	70	5	1	0	0	69284	97	57	14480	112500	16000	1448	536	312000	40000	90	0	0	0	0	0
72.071834	1	70	70	0	18883	5907	12976	14345
73.050626	2	71	5	1	0	0	70264	97	57	14480	117500	16000	1448	536	316000	40000	90	0	0	0	0	0
73.050716	1	71	71	0	18883	5907	12976	14345
74.000602	2	72	5	1	0	8	71216	98	57	14480	113000	16000	1448	536	312000	40000	90	0	0	0	0	0
74.000697	1	72	72	0	18883	5907	12976	14345
75.039693	2	73	5	1	0	0	72252	98	57	14480	113000	17000	1448	536	312000	40000	90	0	0	0	0	0
75.039785	1	73	73	0	18883	5907	12976	14345
76.083674	2	74	5	1	0	0	73296	98	57	14480	113000	17000	1448	536	312000	40000	90	0	0	0	0	0
76.083767	1	74	74	0	18883	5907	12976	14345
77.127806	2	75	5	1	0	0	74340	99	57	14480	112500	17000	1448	536	312000	40000	90	0	0	0	0	0
77.127899	1	75	75	0	18883	5907	12976	14345
78.171712	2	76	5	1	0	0	75384	99	57	14480	112000	18000	1448	536	312000	40000	90	0	0	0	0	0
78.171805	1	76	76	0	18883	5907	12976	14345
79.007190	2	77	5	1	0	0	76220	99	57	14480	113000	17000	1448	536	312000	40000	90	0	0	0	0	0
79.007309	1	77	77	0	18883	5907	12976	14345
80.051048	2	78	5	1	0	0	77264	100	57	14480	113000	17000	1448	536	312000	40000	90	0	0	0	0	0
80.051140	1	78	78	0	18883	5907	12976	14345
81.095206	2	79	5	1	0	0	78308	100	57	14480	112500	17000	1448	536	312000	40000	90	0	0	0	0	0
81.095297	1	79	79	0	18883	5907	12976	14345
82.139257	2	80	5	1	0	0	79352	100	57	14480	112500	17000	1448	536	312000	40000	90	0	0	0	0	0
82.139349	1	80	80	0	18883	5907	12976	14345
83.183086	2	81	5	1	0	0	80396	100	57	14480	110000	27000	1448	536	308000	40000	90	0	0	0	0	0
83.183171	1	81	81	0	18883	5907	12976	14345
84.018224	2	82	5	1	0	0	81232	101	57	14480	112500	17000	1448	536	312000	40000	90	0	0	0	0	0
84.018314	1	82	82	0	18883	5907	12976	14345
85.062244	2	83	5	1	0	0	82276	101	57	14480	112500	17000	1448	536	312000	40000	90	0	0	0	0	0
85.062335	1	83	83	0	18883	5907	12976	14345
86.106308	2	84	5	1	0	0	83320	101	57	14480	112500	17000	1448	536	312000	40000	90	0	0	0	0	0
86.106399	1	84	84	0	18883	5907	12976	14345
87.150457	2	85	5	1	0	0	84364	102	57	14480	112500	17000	1448	536	312000	40000	90	0	0	0	0	0
87.150548	1	85	85	0	18883	5907	12976	14345
88.194295	2	86	5	1	0	0	85408	102	57	14480	112000	17000	1448	536	312000	40000	90	0	0	0	0	0
88.194388	1	86	86	0	18883	5907	12976	14345
89.036204	2	87	5	1	0	0	86248	102	57	14480	113000	15000	1448	536	312000	40000	90	0	0	0	0	0
89.036277	1	87	87	0	18883	5907	12976	14345
90.073518	2	88	5	1	0	0	87288	102	57	14480	112500	16000	1448	536	312000	40000	90	0	0	0	0	0
90.073609	1	88	88	0	18883	5907	12976	14345
91.117549	2	89	5	1	0	0	88332	103	57	14480	112500	16000	1448	536	312000	40000	90	0	0	0	0	0
91.117720	1	89	89	0	18883	5907	12976	14345
92.161742	2	90	5	1	0	0	89376	103	57	14480	112000	16000	1448	536	312000	40000	90	0	0	0	0	0
92.161834	1	90	90	0	18883	5907	12976	14345
93.004604	2	91	5	1	0	0	90220	103	57	14480	112500	17000	1448	536	312000	40000	103	0	0	0	0	0
93.004696	1	91	91	0	18883	5907	12976	14345
94.040898	2	92	5	1	0	0	91256	103	57	14480	112500	17000	1448	536	312000	40000	90	0	0	0	0	0
94.040981	1	92	92	0	18883	5907	12976	14345
95.084832	2	93	5	1	0	0	92300	104	57	14480	113000	17000	1448	536	312000	40000	90	0	0	0	0	0
95.084925	1	93	93	0	18883	5907	12976	14345
96.128801	2	94	5	1	0	0	93344	104	57	14480	113000	17000	1448	536	312000	40000	90	0	0	0	0	0
96.128887	1	94	94	0	18883	5907	12976	14345
97.172812	2	95	5	1	0	0	94388	104	57	14480	113000	17000	1448	536	312000	40000	90	0	0	0	0	0
97.172903	1	95	95	0	18883	5907	12976	14345
98.129826	2	96	5	1	0	0	95344	105	57	14480	117000	16000	1448	536	316000	40000	90	0	0	0	0	0
98.129918	1	96	96	0	18883	5907	12976	14345
99.069652	2	97	5	1	0	0	96284	105	57	14480	120000	11000	1448	536	320000	40000	90	0	0	0	0	0
99.069734	1	97	97	0	18883	5907	12976	14345
100.009360	2	98	5	1	0	0	97224	105	57	14480	120000	11000	1448	536	320000	40000	90	0	0	0	0	0
100.009483	1	98	98	0	18883	5907	12976	14345
101.105985	2	99	5	1	0	0	98320	105	57	14480	119500	11000	1448	536	316000	40000	90	0	0	0	0	0
101.106076	1	99	99	0	18883	5907	12976	14345
102.047405	2	100	5	1	0	0	99260	106	57	14480	120000	9000	1448	536	320000	40000	90	0	0	0	0	0
102.047530	1	100	100	0	18883	5907	12976	14345
103.143729	2	101	5	1	0	0	100356	106	57	14480	118500	10000	1448	536	316000	40000	90	0	0	0	0	0
103.143822	1	101	101	0	18883	5907	12976	14345
104.083819	2	102	5	1	0	0	101296	106	57	14480	118500	9000	1448	536	316000	40000	90	0	0	0	0	0
104.083909	1	102	102	0	18883	5907	12976	14345
105.025151	2	103	5	1	0	0	102240	107	57	14480	119500	10000	1448	536	316000	40000	90	0	0	0	0	0
105.025245	1	103	103	0	18883	5907	12976	14345
106.121875	2	104	5	1	0	0	103336	107	57	14480	120500	9000	1448	536	320000	40000	90	0	0	0	0	0
106.121968	1	104	104	0	18883	5907	12976	14345
107.062028	2	105	5	1	0	0	104276	108	57	14480	120500	9000	1448	536	320000	40000	90	0	0	0	0	0
107.062119	1	105	105	0	18883	5907	12976	14345
108.003287	2	106	5	1	0	0	105216	108	57	14480	119500	11000	1448	536	316000	40000	90	0	0	0	0	0
108.003381	1	106	106	0	18883	5907	12976	14345
109.100242	2	107	5	1	0	0	106312	108	57	14480	118000	9000	1448	536	316000	40000	90	0	0	0	0	0
109.100317	1	107	107	0	18883	5907	12976	14345
110.041620	2	108	5	1	0	0	107256	109	57	14480	118500	10000	1448	536	316000	40000	90	0	0	0	0	0
110.041716	1	108	108	0	18883	5907	12976	14345
111.138270	2	109	5	1	0	0	108352	109	57	14480	119500	12000	1448	536	316000	40000	90	0	0	0	0	0
111.138366	1	109	109	0	18883	5907	12976	14345
112.078536	2	110	5	1	0	0	109292	109	57	14480	119500	12000	1448	536	316000	40000	90	0	0	0	0	0
112.078630	1	110	110	0	18883	5907	12976	14345
113.019766	2	111	5	1	0	0	110232	110	57	14480	120000	12000	1448	536	320000	40000	90	0	0	0	0	0
113.019859	1	111	111	0	18883	5907	12976	14345
114.116690	2	112	5	1	0	0	111332	110	57	14480	118500	11000	1448	536	316000	40000	90	0	0	0	0	0
114.116781	1	112	112	0	18883	5907	12976	14345
115.056794	2	113	5	1	0	0	112272	110	57	14480	118000	10000	1448	536	316000	40000	90	0	0	0	0	0
115.056887	1	113	113	0	18883	5907	12976	14345
116.004605	2	114	5	1	0	0	113220	111	57	14480	117500	11000	1448	536	316000	40000	111	0	0	0	0	0
116.004697	1	114	114	0	18883	5907	12976	14345
117.094936	2	115	5	1	0	0	114308	111	57	14480	120000	12000	1448	536	320000	40000	90	0	0	0	0	0
117.095027	1	115	115	0	18883	5907	12976	14345
118.034966	2	116	5	1	0	0	115248	111	57	14480	120000	12000	1448	536	320000	40000	90	0	0	0	0	0
118.035058	1	116	116	0	18883	5907	12976	14345
119.132975	2	117	5	1	0	0	116348	112	57	14480	121500	15000	1448	536	320000	40000	90	0	0	0	0	0
119.133062	1	117	117	0	18883	5907	12976	14345
120.072600	2	118	5	1	0	4	117288	112	57	14480	121000	15000	1448	536	320000	40000	90	0	0	0	0	0
120.072696	1	118	118	0	18883	5907	12976	14345
121.012513	2	119	5	1	0	0	118224	112	57	14480	121000	15000	1448	536	320000	40000	90	0	0	0	0	0
121.012697	1	119	119	0	18883	5907	12976	14345
122.108697	2	120	5	1	0	0	119324	112	57	14480	121500	16000	1448	536	320000	40000	90	0	0	0	0	0
122.108791	1	120	120	0	18883	5907	12976	14345
123.049794	2	121	5	1	0	0	120264	113	57	14480	121500	16000	1448	536	320000	40000	113	0	0	0	0	0
123.049887	1	121	121	0	18883	5907	12976	14345
124.145803	2	122	5	1	0	0	121360	113	57	14480	121500	16000	1448	536	320000	40000	113	0	0	0	0	0
124.145888	1	122	122	0	18883	5907	12976	14345
125.084962	2	123	5	1	0	0	122300	113	57	14480	121500	16000	1448	536	320000	40000	113	0	0	0	0	0
125.085056	1	123	123	0	18883	5907	12976	14345
125.714413	3	1	5	10.1.1.1	45203	htdocs/file.txt
